0	0
1	30
2	23
3	38
4	22
5	10
6	21
7	26
8	8
9	17
10	32
11	20
12	18
13	25
14	36
15	19
16	51
17	7
18	18
19	28
20	17
21	43
22	15
23	51
24	42
25	20
26	3
27	21
28	12
29	9
30	26
31	22
32	3
33	8
34	19
35	1
36	1
37	1
38	25
39	28
40	27
41	49
42	51
43	10
44	18
45	31
46	36
47	7
48	7
49	40
50	26
51	22
52	38
53	2
54	32
55	15
56	35
57	28
58	33
59	19
60	3
61	10
62	26
63	10
64	17
65	18
66	14
67	14
68	16
69	30
70	23
71	13
72	37
73	21
74	21
75	12
76	43
77	8
78	12
79	12
80	26
81	24
82	23
83	6
84	15
85	22
86	11
87	6
88	12
89	8
90	22
91	12
92	13
93	19
94	24
95	5
96	7
97	2
98	5
99	5
100	3
101	13
102	3
103	6
104	16
105	71
106	31
107	16
108	7
109	2
110	10
111	1
112	19
113	13
114	6
115	13
116	38
117	16
118	9
119	9
120	32
121	12
122	14
123	3
124	17
125	11
126	3
127	15
128	36
129	7
130	11
131	21
132	12
133	14
134	39
135	40
136	14
137	32
138	4
139	3
140	34
141	8
142	21
143	29
144	8
145	18
146	26
147	21
148	12
149	13
150	20
151	2
152	27
153	14
154	3
155	18
156	6
157	13
158	12
159	3
160	4
161	9
162	12
163	10
164	7
165	13
166	9
167	8
168	15
169	6
170	5
171	3
172	6
173	2
174	5
175	1
176	19
177	3
178	6
179	6
180	2
181	10
182	29
183	35
184	10
185	30
186	14
187	9
188	13
189	16
190	8
191	13
192	12
193	21
194	23
195	7
196	47
197	14
198	29
199	16
200	24
201	28
202	15
203	15
204	39
205	31
206	28
207	16
208	12
209	6
210	25
211	14
212	27
213	23
214	22
215	26
216	20
217	13
218	23
219	30
220	6
221	12
222	14
223	6
224	8
225	3
226	2
227	16
228	12
229	3
230	14
231	12
232	2
233	45
234	7
235	14
236	2
237	30
238	17
239	21
240	17
241	29
242	4
243	27
244	8
245	11
246	12
247	2
248	15
249	2
250	11
251	14
252	8
253	1
254	15
255	18
256	14
257	12
258	5
259	18
260	10
261	1
262	4
263	13
264	6
265	8
266	4
267	19
268	24
269	25
270	16
271	22
272	3
273	5
274	26
275	11
276	14
277	7
278	11
279	10
280	10
281	2
282	21
283	3
284	18
285	8
286	6
287	22
288	3
289	20
290	11
291	13
292	2
293	13
294	1
295	4
296	6
297	11
298	7
299	33
300	11
301	6
302	3
303	26
304	3
305	15
306	13
307	9
308	20
309	3
310	5
311	8
312	12
313	20
314	19
315	9
316	29
317	10
318	1
319	2
320	6
321	20
322	23
323	10
324	9
325	10
326	6
327	24
328	8
329	23
330	12
331	22
332	39
333	52
334	15
335	19
336	12
337	12
338	12
339	24
340	17
341	33
342	2
343	5
344	16
345	2
346	11
347	13
348	7
349	8
350	7
351	18
352	14
353	12
354	40
355	40
356	33
357	8
358	18
359	5
360	5
361	17
362	16
363	12
364	11
365	9
366	4
367	29
368	23
369	11
370	6
371	14
372	14
373	10
374	1
375	5
376	29
377	10
378	37
379	5
380	9
381	23
382	17
383	13
384	24
385	14
386	13
387	13
388	10
389	28
390	25
391	12
392	16
393	26
394	2
395	10
396	36
397	7
398	8
399	14
400	12
401	22
402	8
403	7
404	16
405	5
406	4
407	13
408	10
409	16
410	21
411	8
412	12
413	18
414	10
415	24
416	10
417	8
418	13
419	7
420	16
421	4
422	8
423	6
424	1
425	11
426	9
427	17
428	3
429	32
430	13
431	12
432	11
433	9
434	35
435	6
436	3
437	8
438	12
439	20
440	4
441	13
442	3
443	15
444	10
445	11
446	24
447	14
448	3
449	2
450	3
451	12
452	27
453	5
454	31
455	9
456	9
457	13
458	18
459	11
460	29
461	3
462	6
463	1
464	14
465	4
466	18
467	20
468	30
469	3
470	17
471	8
472	11
473	3
474	4
475	12
476	10
477	11
478	2
479	9
480	11
481	15
482	6
483	25
484	16
485	15
486	15
487	11
488	1
489	17
490	4
491	10
492	3
493	1
494	1
495	19
496	2
497	6
498	6
499	8
500	17
501	17
502	1
503	14
504	29
505	10
506	7
507	16
508	12
509	9
510	8
511	5
512	15
513	12
514	2
515	6
516	1
517	7
518	13
519	1
520	5
521	9
522	4
523	12
524	3
525	2
526	1
527	7
528	7
529	5
530	2
531	2
532	24
533	5
534	3
535	3
536	2
537	2
538	9
539	3
540	6
541	6
542	16
543	21
544	2
545	16
546	6
547	3
548	3
549	21
550	1
551	6
552	28
553	7
554	23
555	13
556	4
557	6
558	11
559	5
560	3
561	7
562	13
563	7
564	35
565	10
566	5
567	6
568	20
569	10
570	2
571	15
572	8
573	26
574	5
575	1
576	3
577	2
578	37
579	4
580	2
581	6
582	3
583	1
584	16
585	21
586	9
587	4
588	29
589	3
590	24
591	22
592	15
593	8
594	18
595	6
596	7
597	3
598	22
599	12
600	7
601	6
602	8
603	14
604	6
605	3
606	5
607	11
608	6
609	4
610	9
611	7
612	18
613	3
614	8
615	1
616	1
617	5
618	1
619	1
620	3
621	6
622	7
623	6
624	5
625	5
626	2
627	3
628	1
629	9
630	4
631	2
632	8
633	9
634	9
635	1
636	5
637	1
638	8
639	2
640	5
641	10
642	9
643	7
644	1
645	4
646	4
647	8
648	9
649	11
650	10
651	3
652	3
653	2
654	16
655	2
656	9
657	10
658	9
659	8
660	24
661	11
662	11
663	11
664	3
665	2
666	4
667	1
668	7
669	6
670	1
671	9
672	5
673	2
674	2
675	9
676	3
677	12
678	3
679	1
680	5
681	2
682	2
683	2
684	2
685	1
686	3
687	21
688	6
689	5
690	1
691	12
692	9
693	6
694	13
695	12
696	6
697	7
698	19
699	10
700	7
701	7
702	5
703	3
704	6
705	9
706	12
707	9
708	3
709	15
710	7
711	15
712	5
713	2
714	3
715	6
716	2
717	1
718	5
719	5
720	4
721	6
722	1
723	5
724	22
725	21
726	23
727	2
728	5
729	13
730	19
731	8
732	2
733	2
734	3
735	2
736	6
737	6
738	2
739	2
740	1
741	6
742	6
743	11
744	10
745	10
746	9
747	5
748	11
749	4
750	7
751	1
752	5
753	4
754	4
755	5
756	20
757	17
758	1
759	1
760	1
761	7
762	2
763	1
764	3
765	13
766	3
767	6
768	2
769	12
770	8
771	4
772	6
773	4
774	4
775	22
776	2
777	2
778	3
779	1
780	14
781	4
782	1
783	8
784	11
785	1
786	13
787	3
788	13
789	1
790	4
791	1
792	6
793	8
794	3
795	7
796	3
797	2
798	3
799	2
800	1
801	2
802	5
803	1
804	1
805	1
806	6
807	2
808	10
809	10
810	4
811	6
812	5
813	2
814	2
815	2
816	9
817	5
818	4
819	8
820	2
821	6
822	7
823	2
824	11
825	4
826	2
827	4
828	2
829	3
830	1
831	4
832	1
833	11
834	8
835	2
836	12
837	4
838	5
839	2
840	9
841	2
842	2
843	1
844	4
845	1
846	6
847	10
848	13
849	13
850	2
851	4
852	1
853	8
854	3
855	7
856	1
857	1
858	1
859	9
860	8
861	6
862	1
863	1
864	3
865	3
866	2
867	1
868	10
869	8
870	11
871	4
872	9
873	1
874	5
875	5
876	1
877	2
878	4
879	3
880	3
881	5
882	4
883	2
884	13
885	12
886	12
887	11
888	12
889	7
890	11
891	9
892	10
893	4
894	9
895	11
896	11
897	1
898	3
899	3
900	4
901	1
902	8
903	4
904	6
905	4
906	1
907	9
908	11
909	1
910	6
911	2
912	9
913	1
914	3
915	3
916	1
917	1
918	1
919	3
920	7
921	3
922	4
923	5
924	5
925	2
926	2
927	2
928	3
929	4
930	4
931	3
932	5
933	2
934	1
935	5
936	5
937	3
938	3
939	1
940	7
941	4
942	5
943	3
944	3
945	10
946	5
947	1
948	1
949	1
950	6
951	2
952	5
953	9
954	7
955	1
956	1
957	9
958	9
959	1
960	4
961	2
962	5
963	4
964	1
965	4
966	1
967	2
968	5
969	2
970	1
971	1
972	1
973	1
974	2
975	3
976	11
977	1
978	3
979	5
980	5
981	9
982	3
983	9
984	2
985	5
986	3
987	5
988	4
989	3
990	5
991	1
992	6
993	2
994	2
995	13
996	8
997	2
998	2
999	2
1000	1
1001	7
1002	3
1003	5
1004	6
1005	11
1006	1
1007	4
1008	2
1009	7
1010	4
1011	3
1012	1
1013	3
1014	2
1015	1
1016	2
1017	3
1018	1
1019	4
1020	5
1021	1
1022	2
1023	5
1024	3
1025	2
1026	6
1027	2
1028	1
1029	1
1030	1
1031	2
1032	4
1033	1
1034	5
1035	10
1036	3
1037	5
1038	6
1039	6
1040	1
1041	4
1042	1
1043	8
1044	1
1045	5
1046	2
1047	2
1048	2
1049	2
1050	6
1051	2
1052	1
1053	5
1054	4
1055	1
1056	1
1057	1
1058	3
1059	1
1060	2
1061	2
1062	4
1063	2
1064	1
1065	2
1066	5
1067	11
1068	4
1069	11
1070	5
1071	1
1072	1
1073	3
1074	1
1075	2
1076	1
1077	1
1078	8
1079	2
1080	4
1081	1
1082	1
1083	1
1084	4
1085	1
1086	2
1087	4
1088	2
1089	2
1090	2
1091	1
1092	1
1093	1
1094	1
1095	2
1096	2
1097	3
1098	9
1099	1
1100	2
1101	1
1102	1
1103	1
1104	1
1105	8
1106	1
1107	1
1108	1
1109	1
1110	1
1111	1
1112	6
1113	2
1114	1
1115	1
1116	1
1117	1
1118	1
1119	1
1120	1
1121	1
1122	1
1123	2
1124	1
1125	1
1126	1
1127	1
1128	1
1129	1
1130	1
1131	1
1132	1
1133	1
