0	0.1228
1	0.003
2	0.2515
3	0.1677
4	0.2665
5	0.4671
6	0.3263
7	0.2006
8	0.0838
9	0.0988
10	0.1018
11	0.2156
12	0.1497
13	0.515
14	0.2186
15	0.1108
16	0.1407
17	0.3174
18	0.1257
19	0.1737
20	0.1617
21	0.3862
22	0.0419
23	0.1916
24	0.1108
25	0.0539
26	0.0689
27	0.1347
28	0.2335
29	0.1377
30	0.1707
31	0.1287
32	0.0689
33	0.0569
34	0.0778
35	0.1317
36	0.0599
37	0.0958
38	0.1228
39	0.0479
40	0.1587
41	0.2216
42	0.2006
43	0.024
44	0.2485
45	0.1138
46	0.1467
47	0.1108
48	0.1527
49	0.0299
50	0.0359
51	0.1437
52	0.0719
53	0.0928
54	0.1437
55	0.1078
56	0.1228
57	0.1796
58	0.3443
59	0.1317
60	0.1557
61	0.1886
62	0.5689
63	0.3413
64	0.3383
65	0.2515
66	0.0778
67	0.021
68	0.1198
69	0.1796
70	0.0359
71	0.0419
72	0.018
73	0.0868
74	0.2455
75	0.0539
76	0.0449
77	0.0509
78	0.0
79	0.1048
80	0.1737
81	0.2665
82	0.6796
83	0.3563
84	0.3892
85	0.0838
86	0.6048
87	0.3743
88	0.0599
89	0.1587
90	0.0659
91	0.0868
92	0.1168
93	0.2275
94	0.1018
95	0.1198
96	0.3204
97	0.0719
98	0.0509
99	0.0569
100	0.1138
101	0.0629
102	0.0629
103	0.0988
104	0.0479
105	0.3563
106	0.3054
107	0.6108
108	0.1108
109	0.012
110	0.018
111	0.003
112	0.024
113	0.2156
114	0.3802
115	0.3353
116	0.2066
117	0.0389
118	0.0868
119	0.003
120	0.0419
121	0.6647
122	0.0659
123	0.0868
124	0.1048
125	0.0719
126	0.0749
127	0.0599
128	0.3293
129	0.4072
130	0.003
131	0.1497
132	0.1737
133	0.2784
134	0.0629
135	0.0689
136	0.0509
137	0.2006
138	0.0898
139	0.0898
140	0.0928
141	0.2006
142	0.3593
143	0.1228
144	0.0299
145	0.1826
146	0.0808
147	0.1347
148	0.0509
149	0.0778
150	0.0689
151	0.0928
152	0.1437
153	0.1377
154	0.1078
155	0.1886
156	0.0509
157	0.2096
158	0.1198
159	0.0988
160	1.0
161	0.0778
162	0.1257
163	0.1257
164	0.1228
165	0.3024
166	0.3743
167	0.1946
168	0.1826
169	0.3144
170	0.2455
171	0.0838
172	0.2216
173	0.2006
174	0.1766
175	0.0269
176	0.0928
177	0.1317
178	0.0868
179	0.1168
180	0.2096
181	0.1617
182	0.1317
183	0.476
184	0.1826
185	0.0659
186	0.0599
187	0.1467
188	0.1018
189	0.1138
190	0.0778
191	0.1677
192	0.0539
193	0.0719
194	0.1018
195	0.0988
196	0.0838
197	0.0719
198	0.1048
199	0.1347
200	0.0659
201	0.1527
202	0.003
203	0.0
204	0.0599
205	0.0419
206	0.1647
207	0.0419
208	0.0269
209	0.2365
210	0.1916
211	0.4341
212	0.3234
213	0.1347
214	0.1078
215	0.2186
216	0.0719
217	0.0569
218	0.1617
219	0.006
220	0.0299
221	0.1287
222	0.1407
223	0.1407
224	0.0269
225	0.0599
226	0.1407
227	0.003
228	0.003
229	0.0808
230	0.0569
231	0.1737
232	0.2365
233	0.1617
234	0.1287
235	0.0599
236	0.1048
237	0.0778
238	0.1168
239	0.0
240	0.0509
241	0.0509
242	0.0689
243	0.1257
244	0.0599
245	0.1108
246	0.0449
247	0.0299
248	0.0479
249	0.479
250	0.0719
251	0.0988
252	0.3383
253	0.1048
254	0.2485
255	0.1377
256	0.1557
257	0.0419
258	0.1527
259	0.0749
260	0.0539
261	0.0928
262	0.0689
263	0.1677
264	0.1048
265	0.1078
266	0.0868
267	0.0299
268	0.0898
269	0.1916
270	0.021
271	0.1766
272	0.1138
273	0.0749
274	0.024
275	0.0958
276	0.006
277	0.0479
278	0.1198
279	0.021
280	0.2844
281	0.1707
282	0.3503
283	0.3533
284	0.1198
285	0.2275
286	0.1048
287	0.0509
288	0.0958
289	0.0
290	0.1976
291	0.0719
292	0.0719
293	0.0509
294	0.0539
295	0.2335
296	0.0629
297	0.0389
298	0.0419
299	0.0569
300	0.2096
301	0.2605
302	0.0539
303	0.2605
304	0.0659
305	0.1617
306	0.1198
307	0.0599
308	0.0719
309	0.1228
310	0.0689
311	0.0689
312	0.0599
313	0.018
314	0.1407
315	0.0
316	0.0719
317	0.0539
318	0.1377
319	0.003
320	0.1257
321	0.1587
322	0.0719
323	0.0958
324	0.0329
325	0.0419
326	0.0689
327	0.0838
328	0.0449
329	0.2305
330	0.018
331	0.0599
332	0.0689
333	0.3743
334	0.0449
335	0.0599
336	0.0659
337	0.0898
338	0.1437
339	0.1467
340	0.2156
341	0.024
342	0.1976
343	0.0449
344	0.0479
345	0.0599
346	0.0719
347	0.0389
348	0.006
349	0.0539
350	0.0539
351	0.1437
352	0.0569
353	0.1108
354	0.024
355	0.1287
356	0.0898
357	0.1198
358	0.1437
359	0.0958
360	0.0509
361	0.0958
362	0.1467
363	0.1317
364	0.006
365	0.006
366	0.2365
367	0.1946
368	0.1018
369	0.018
370	0.1018
371	0.1916
372	0.0689
373	0.1168
374	0.0539
375	0.1737
376	0.1317
377	0.3922
378	0.0269
379	0.1557
380	0.0958
381	0.0808
382	0.0
383	0.003
384	0.0
385	0.0449
386	0.0
387	0.1108
388	0.0539
389	0.0898
390	0.1317
391	0.0329
392	0.0269
393	0.2246
394	0.0868
395	0.0808
396	0.003
397	0.0868
398	0.0
399	0.024
400	0.0928
401	0.1228
402	0.003
403	0.024
404	0.2305
405	0.3293
406	0.0539
407	0.0419
408	0.1557
409	0.2515
410	0.024
411	0.2844
412	0.1916
413	0.0749
414	0.0329
415	0.009
416	0.003
417	0.1647
418	0.0599
419	0.2725
420	0.3174
421	0.0479
422	0.1138
423	0.1078
424	0.3383
425	0.0958
426	0.1557
427	0.1407
428	0.0689
429	0.0898
430	0.1317
431	0.0329
432	0.003
433	0.0569
434	0.4701
435	0.0419
436	0.0
437	0.0958
438	0.2365
439	0.0
440	0.1916
441	0.0898
442	0.0299
443	0.1347
444	0.0778
445	0.0599
446	0.0569
447	0.0778
448	0.1078
449	0.0
450	0.2036
451	0.0359
452	0.1138
453	0.0778
454	0.021
455	0.1587
456	0.009
457	0.0629
458	0.1168
459	0.1257
460	0.1078
461	0.0719
462	0.0569
463	0.006
464	0.1048
465	0.0419
466	0.1317
467	0.0539
468	0.0
469	0.0359
470	0.0569
471	0.0329
472	0.0
473	0.2725
474	0.1946
475	0.0
476	0.006
477	0.021
478	0.1048
479	0.003
480	0.1018
481	0.1198
482	0.1198
483	0.0958
484	0.0509
485	0.0599
486	0.1766
487	0.0389
488	0.0299
489	0.0958
490	0.0719
491	0.0569
492	0.0719
493	0.2066
494	0.2844
495	0.2006
496	0.0539
497	0.0329
498	0.2515
499	0.1228
500	0.0389
501	0.003
502	0.0539
503	0.012
504	0.0988
505	0.0
506	0.1527
507	0.012
508	0.0689
509	0.1198
510	0.0389
511	0.0329
512	0.015
513	0.1048
514	0.009
515	0.0808
516	0.0419
517	0.012
518	0.1198
519	0.0479
520	0.1437
521	0.0359
522	0.009
523	0.0389
524	0.003
525	0.0898
526	0.1347
527	0.0359
528	0.0329
529	0.0808
530	0.021
531	0.0988
532	0.003
533	0.3683
534	0.009
535	0.024
536	0.0329
537	0.1287
538	0.0299
539	0.009
540	0.018
541	0.0509
542	0.0539
543	0.0958
544	0.0479
545	0.0419
546	0.2275
547	0.0599
548	0.0868
549	0.2275
550	0.0419
551	0.0479
552	0.0778
553	0.021
554	0.0269
555	0.009
556	0.024
557	0.0449
558	0.009
559	0.024
560	0.1527
561	0.0
562	0.0808
563	0.0599
564	0.0988
565	0.024
566	0.0419
567	0.006
568	0.0689
569	0.1018
570	0.0479
571	0.0
572	0.0449
573	0.0509
574	0.0
575	0.0
576	0.0
577	0.0389
578	0.0
579	0.0479
580	0.003
581	0.0778
582	0.0419
583	0.0
584	0.0
585	0.021
586	0.0
587	0.024
588	0.0419
589	0.0629
590	0.0449
591	0.021
592	0.0928
593	0.0749
594	0.0
595	0.0
596	0.018
597	0.0359
598	0.021
599	0.0389
600	0.015
601	0.0389
602	0.0509
603	0.0
604	0.0
605	0.0
606	0.0
607	0.0689
608	0.0689
609	0.009
610	0.0479
611	0.0509
612	0.0808
613	0.0269
614	0.006
615	0.1497
616	0.015
617	0.003
618	0.012
619	0.021
620	0.006
621	0.0419
622	0.0
623	0.015
624	0.003
625	0.0
626	0.0
627	0.0389
628	0.003
629	0.003
630	0.003
631	0.003
632	0.009
633	0.003
634	0.006
635	0.0269
636	0.003
637	0.003
638	0.0689
639	0.003
640	0.0269
641	0.0479
642	0.024
643	0.009
644	0.0389
645	0.012
646	0.003
647	0.024
648	0.003
649	0.021
650	0.003
651	0.0389
652	0.021
653	0.003
654	0.018
655	0.0689
656	0.0
657	0.0
658	0.003
659	0.003
660	0.003
661	0.1078
662	0.0419
663	0.024
664	0.012
665	0.0659
666	0.0569
667	0.0359
668	0.0
669	0.012
670	0.003
671	0.0329
672	0.012
673	0.006
674	0.0569
675	0.003
676	0.0
677	0.0
678	0.0329
679	0.0269
680	0.0
681	0.0509
682	0.0
683	0.003
684	0.003
685	0.1347
686	0.021
687	0.0
688	0.0
689	0.006
690	0.0539
691	0.003
692	0.006
693	0.0
694	0.012
695	0.0749
696	0.012
697	0.006
698	0.0778
699	0.0389
700	0.0479
701	0.0
702	0.0
703	0.003
704	0.003
705	0.006
706	0.012
707	0.0719
708	0.0359
709	0.0
710	0.0359
711	0.003
712	0.0
713	0.006
714	0.024
715	0.006
716	0.006
717	0.012
718	0.0
719	0.0359
720	0.0689
721	0.006
722	0.0
723	0.0269
724	0.0
725	0.009
726	0.0479
727	0.009
728	0.012
729	0.0
730	0.0389
731	0.003
732	0.003
733	0.0359
734	0.006
735	0.003
736	0.006
737	0.006
738	0.0778
739	0.0
740	0.003
741	0.009
742	0.009
743	0.012
744	0.003
745	0.015
746	0.003
747	0.1048
748	0.0778
749	0.0
750	0.003
751	0.009
752	0.0
753	0.0329
754	0.0569
755	0.003
756	0.0719
757	0.003
758	0.006
759	0.003
760	0.009
761	0.0
762	0.0
763	0.006
764	0.0
765	0.0299
766	0.012
767	0.0
768	0.0299
769	0.0
770	0.0
771	0.0
772	0.003
773	0.006
774	0.0
775	0.0
776	0.0569
777	0.0479
778	0.006
779	0.003
780	0.0
781	0.0
782	0.0
783	0.024
784	0.003
785	0.0
786	0.021
787	0.0
788	0.006
789	0.009
790	0.003
791	0.006
792	0.0
793	0.009
794	0.0
795	0.0
796	0.0
797	0.015
798	0.003
799	0.009
800	0.012
801	0.0
802	0.018
803	0.0449
804	0.0
805	0.0
806	0.018
807	0.0
808	0.003
809	0.1287
810	0.0479
811	0.015
812	0.1647
813	0.0719
814	0.012
815	0.0539
816	0.0299
817	0.009
818	0.0269
819	0.0
820	0.3593
821	0.006
822	0.0509
823	0.0599
824	0.003
825	0.006
826	0.0599
827	0.0
828	0.0659
829	0.009
830	0.0
831	0.0
832	0.0689
833	0.024
834	0.0
835	0.003
836	0.006
837	0.006
838	0.003
839	0.003
840	0.0329
841	0.024
842	0.0
843	0.003
844	0.003
845	0.0838
846	0.006
847	0.0539
848	0.0
849	0.003
850	0.0
851	0.0449
852	0.006
853	0.0
854	0.0
855	0.009
856	0.1677
857	0.0
858	0.003
859	0.1976
860	0.0689
861	0.0
862	0.0
863	0.003
864	0.0
865	0.0299
866	0.003
867	0.0
868	0.0
869	0.012
870	0.0
871	0.0
872	0.0269
873	0.0
874	0.0
875	0.003
876	0.0
877	0.009
878	0.009
879	0.003
880	0.0629
881	0.0
882	0.0
883	0.0329
884	0.003
885	0.012
886	0.0299
887	0.012
888	0.0
889	0.009
890	0.003
891	0.006
892	0.0509
893	0.0
894	0.0
895	0.009
896	0.0838
897	0.0
898	0.009
899	0.0
900	0.0419
901	0.003
902	0.003
903	0.003
904	0.0
905	0.0269
906	0.009
907	0.0299
908	0.0689
909	0.015
910	0.0
911	0.0
912	0.012
913	0.0419
914	0.0509
915	0.0
916	0.0
917	0.0778
918	0.0689
919	0.015
920	0.003
921	0.0269
922	0.0569
923	0.006
924	0.018
925	0.0449
926	0.0359
927	0.0359
928	0.0
929	0.0359
930	0.0389
931	0.0419
932	0.2635
933	0.0479
934	0.0
935	0.006
936	0.0719
937	0.015
938	0.003
939	0.009
940	0.0
941	0.003
942	0.003
943	0.003
944	0.003
945	0.006
946	0.0
947	0.018
948	0.0
949	0.0659
950	0.0269
951	0.024
952	0.021
953	0.0389
954	0.009
955	0.009
956	0.021
957	0.0269
958	0.009
959	0.0
960	0.0
961	0.0
962	0.003
963	0.1198
964	0.0
965	0.0
966	0.0
967	0.0
968	0.003
969	0.006
970	0.015
971	0.2814
972	0.0
973	0.0
974	0.018
975	0.0
976	0.0749
977	0.003
978	0.009
979	0.018
980	0.0299
981	0.0749
982	0.003
983	0.0
984	0.0
985	0.0
986	0.0
987	0.0
988	0.0
989	0.006
990	0.006
991	0.009
992	0.006
993	0.0
994	0.0
995	0.003
996	0.003
997	0.0
998	0.0
999	0.003
1000	0.018
1001	0.0269
1002	0.0
1003	0.003
1004	0.0
