1	16
1	27
1	46
1	49
1	52
1	123
1	242
1	254
1	264
1	278
1	294
1	314
1	317
1	325
1	350
1	352
1	384
1	411
1	448
1	451
1	453
1	455
1	525
1	526
1	530
1	551
1	552
1	559
1	600
1	612
1	617
1	623
1	644
1	652
1	654
1	664
1	686
1	722
1	742
1	752
1	758
1	770
1	771
1	950
1	967
1	993
1	1028
1	1075
1	1176
1	1225
1	1235
1	1247
1	1255
1	1258
1	1260
1	1283
1	1285
1	1287
1	1316
1	1375
1	1391
1	1431
1	1438
1	1448
1	1475
1	1496
1	1509
1	1530
1	1534
1	1593
1	1606
1	1643
1	1646
1	1669
1	1696
1	1716
1	1719
1	1726
1	1732
1	1751
1	1765
1	1766
1	1817
1	1824
1	1833
1	1835
1	1836
1	1849
1	1874
1	1892
1	1943
1	1969
1	1982
1	1985
1	2022
1	2029
2	895
5	1159
10	1874
12	465
12	511
12	999
12	1179
12	1440
12	1587
12	1670
12	1792
12	1874
13	1792
13	1874
17	993
20	963
24	31
24	429
24	511
24	526
24	735
24	829
24	999
24	1278
24	1549
24	1663
24	1874
25	34
25	265
25	585
25	841
25	999
25	1144
25	1151
25	1258
25	1580
25	1899
25	1998
26	1669
29	246
29	1669
32	1706
33	278
34	25
34	217
34	403
34	605
34	627
34	737
34	852
34	903
34	939
34	1144
34	1194
34	1198
34	1258
34	1380
34	1453
34	1580
34	1782
34	1854
34	1874
34	1899
34	1974
34	1992
34	1995
34	1998
38	12
38	794
38	993
38	1440
38	1669
43	566
45	25
45	34
45	585
45	939
45	1144
45	1198
45	1291
45	1580
45	1782
50	1274
50	1667
53	1669
55	1258
55	1874
58	993
59	1952
63	1060
65	1669
67	1874
68	1669
69	278
71	1874
76	466
76	1018
76	1669
78	1701
79	1706
81	1669
82	1701
84	15
84	203
84	350
84	829
84	1258
84	1563
84	1706
84	1768
84	1833
84	1874
84	1997
86	1669
87	1159
90	90
90	511
90	585
90	1369
90	1874
92	403
92	723
92	1144
92	1198
92	1291
92	1380
92	1440
92	1580
92	1894
92	1992
92	1998
93	853
93	1839
93	1874
97	453
97	1277
98	278
98	470
98	702
98	727
98	1629
99	1706
101	246
103	246
106	691
107	895
108	1144
110	246
116	1669
118	1287
120	120
120	1669
122	993
122	1857
124	895
127	1669
128	1706
129	1159
131	1
133	1706
134	1874
135	691
137	1159
137	1706
142	453
142	713
142	1159
142	1277
143	1669
144	278
145	1287
146	1743
148	511
148	795
148	1253
148	1706
148	1874
149	829
149	861
149	1874
151	93
151	203
151	350
151	436
151	462
151	795
151	1586
151	1751
151	1801
151	1874
155	56
155	453
155	869
155	898
155	993
155	1277
155	1287
155	1619
155	1669
155	1839
155	2027
156	1874
157	1706
158	1706
158	1768
159	575
161	1706
163	1874
164	1706
165	511
165	852
165	869
165	999
165	1258
165	1669
165	1674
167	547
175	453
176	691
178	453
179	453
179	1159
180	547
181	453
182	511
182	756
183	1669
185	1159
185	1952
190	227
192	1669
193	1701
200	902
201	1839
202	1669
203	84
203	151
203	350
203	412
203	419
203	535
203	539
203	829
203	853
203	1080
203	1258
203	1303
203	1387
203	1576
203	1586
203	1669
203	1751
203	1768
203	1833
203	1874
203	1927
205	453
205	713
206	547
206	1159
206	1701
209	453
209	895
211	211
211	1874
214	1669
216	1706
217	153
217	177
217	403
217	411
217	511
217	536
217	585
217	841
217	852
217	943
217	999
217	1144
217	1151
217	1258
217	1269
217	1278
217	1369
217	1440
217	1457
217	1522
217	1833
217	1854
217	1858
217	1874
217	1899
217	1942
217	1963
217	1974
217	1987
217	1998
219	795
219	1874
220	56
220	1120
220	1795
222	1727
223	1159
226	1159
228	1159
229	227
229	1258
229	1874
230	895
232	1669
234	1874
238	1706
241	1377
245	245
245	278
245	329
245	410
245	453
245	1058
245	1287
245	1587
245	1669
245	1768
245	1906
245	1987
247	247
247	1669
248	76
248	253
248	466
248	1187
248	1389
248	1669
248	1906
248	2027
249	453
250	713
251	1440
251	1533
251	1706
251	1874
252	1
256	246
256	895
259	1377
260	701
263	1159
265	536
265	1471
265	1998
266	266
267	1377
271	246
272	272
272	605
272	852
272	939
272	1144
272	1198
272	1440
272	1874
274	1669
275	275
277	1144
278	33
278	98
278	144
278	162
278	245
278	383
278	415
278	441
278	453
278	470
278	480
278	560
278	702
278	713
278	808
278	869
278	898
278	900
278	1058
278	1154
278	1178
278	1213
278	1317
278	1601
278	1619
278	1629
278	1669
278	1762
278	1838
278	1851
279	453
279	691
279	713
279	895
279	1287
281	1874
282	1287
283	1874
284	1874
286	1669
287	1706
288	999
288	1477
291	1287
292	453
292	1277
293	453
293	713
293	1669
293	1813
295	999
295	1278
295	1874
301	301
301	1874
303	1874
308	1706
309	1669
310	246
312	1258
312	1684
312	1874
315	1701
318	1
322	1669
324	1701
324	1952
329	203
329	329
329	350
329	410
329	453
329	895
329	943
329	999
329	1258
329	1550
329	1601
329	1669
329	1768
329	1874
329	1906
329	1987
329	2027
330	1669
331	246
331	547
331	1701
332	1159
339	1144
339	1874
339	1974
341	56
341	547
341	1377
341	1669
341	1701
341	1706
342	453
344	585
344	737
344	1144
344	1974
344	1998
346	1706
347	1874
350	15
350	84
350	151
350	166
350	203
350	360
350	379
350	436
350	492
350	535
350	539
350	584
350	603
350	829
350	832
350	853
350	895
350	918
350	1061
350	1258
350	1486
350	1539
350	1563
350	1576
350	1586
350	1639
350	1706
350	1751
350	1768
350	1833
350	1839
350	1874
350	1912
350	1963
351	453
353	246
353	453
353	547
353	1952
354	1669
356	1669
357	1669
359	329
359	453
359	476
359	576
359	702
359	799
359	869
359	895
359	1159
359	1192
359	1277
359	1306
359	1536
359	1550
359	1768
359	1976
359	1987
362	412
362	453
362	511
362	1258
362	1465
362	1768
362	1874
363	80
363	511
363	547
363	1159
363	1287
363	1306
363	1377
363	1444
363	1611
363	1706
363	1874
367	1159
367	1706
369	453
369	1277
370	1706
370	1874
371	453
373	895
376	1258
376	1369
376	1706
376	1874
379	350
379	1874
383	511
383	730
383	1669
383	1839
389	1377
390	297
390	780
390	795
390	984
390	1501
390	1697
390	1887
390	1907
391	1287
394	1669
396	993
396	1920
397	453
399	453
403	34
403	999
403	1144
403	1198
403	1580
403	1858
403	1995
403	1998
405	1669
406	278
407	1669
410	1669
411	21
411	217
411	429
411	465
411	511
411	614
411	633
411	817
411	852
411	930
411	999
411	1144
411	1258
411	1278
411	1390
411	1440
411	1522
411	1586
411	1743
411	1751
411	1792
411	1807
411	1833
411	1874
411	1899
411	1963
411	1974
411	1998
412	84
412	119
412	153
412	197
412	203
412	306
412	362
412	412
412	420
412	453
412	457
412	465
412	511
412	539
412	579
412	585
412	668
412	829
412	999
412	1080
412	1214
412	1258
412	1278
412	1465
412	1586
412	1669
412	1717
412	1767
412	1768
412	1770
412	1792
412	1874
412	1892
412	1906
412	1963
412	1997
415	671
415	831
415	1092
418	511
418	1576
419	153
419	412
419	465
419	628
419	683
419	794
419	817
419	852
419	1179
419	1258
419	1278
419	1587
419	1768
419	1792
419	1839
419	1874
419	1987
420	412
420	420
420	1706
420	1874
421	895
422	246
424	105
424	453
424	463
424	569
424	869
426	453
428	1706
430	246
430	1669
430	1952
432	993
432	1377
432	1706
432	1952
433	1669
435	1500
437	1874
438	1669
441	278
441	1407
441	1629
442	829
442	1874
444	1159
446	246
447	1669
453	14
453	56
453	97
453	142
453	153
453	155
453	178
453	179
453	195
453	205
453	278
453	292
453	329
453	330
453	359
453	369
453	412
453	488
453	494
453	547
453	583
453	630
453	691
453	702
453	713
453	734
453	760
453	849
453	869
453	895
453	902
453	928
453	938
453	948
453	991
453	993
453	994
453	998
453	1039
453	1076
453	1082
453	1184
453	1186
453	1192
453	1195
453	1258
453	1267
453	1277
453	1287
453	1337
453	1405
453	1480
453	1484
453	1503
453	1510
453	1520
453	1541
453	1550
453	1576
453	1586
453	1587
453	1601
453	1619
453	1629
453	1669
453	1690
453	1748
453	1768
453	1780
453	1792
453	1813
453	1831
453	1852
453	1874
453	1876
453	1880
453	1881
453	1918
453	1948
453	1956
453	1987
453	2027
454	1706
456	1706
457	21
457	412
457	511
457	711
457	899
457	999
457	1009
457	1144
457	1258
457	1369
457	1522
457	1587
457	1768
457	1833
457	1874
457	1927
457	1974
457	1998
459	1159
460	278
461	1874
462	1258
462	1706
465	306
465	383
465	412
465	511
465	526
465	628
465	817
465	1011
465	1179
465	1440
465	1670
465	1743
465	1770
465	1792
465	1874
465	2027
466	76
466	1365
466	1372
466	1669
466	1906
467	1706
471	1874
473	1874
474	246
475	1
475	392
475	963
475	1939
476	203
476	329
476	691
476	855
476	869
476	993
476	1287
476	1550
476	1669
476	1748
476	1768
476	1987
478	1906
479	90
479	151
479	165
479	210
479	266
479	272
479	383
479	412
479	419
479	465
479	511
479	556
479	558
479	585
479	599
479	666
479	690
479	713
479	794
479	852
479	999
479	1241
479	1430
479	1510
479	1523
479	1586
479	1587
479	1652
479	1669
479	1670
479	1674
479	1731
479	1767
479	1839
479	1874
479	1878
479	1911
479	1987
480	808
481	1706
481	1874
482	1669
483	895
485	387
485	526
485	1499
486	1669
486	1966
488	453
489	1874
490	1669
493	1377
494	453
495	1706
496	1669
497	246
498	246
498	547
498	895
498	1159
498	1701
498	1706
498	1952
499	1669
500	1159
501	1669
505	246
510	1440
510	1988
511	12
511	14
511	21
511	24
511	25
511	47
511	71
511	90
511	104
511	120
511	148
511	151
511	165
511	177
511	182
511	203
511	217
511	266
511	272
511	301
511	306
511	329
511	410
511	411
511	412
511	418
511	419
511	453
511	457
511	464
511	465
511	479
511	511
511	526
511	558
511	565
511	585
511	599
511	626
511	641
511	668
511	690
511	713
511	756
511	794
511	817
511	824
511	829
511	852
511	890
511	898
511	963
511	980
511	992
511	999
511	1019
511	1073
511	1080
511	1120
511	1144
511	1179
511	1231
511	1241
511	1258
511	1278
511	1309
511	1323
511	1342
511	1369
511	1430
511	1434
511	1440
511	1467
511	1501
511	1510
511	1522
511	1576
511	1586
511	1587
511	1670
511	1688
511	1712
511	1743
511	1751
511	1767
511	1792
511	1833
511	1839
511	1874
511	1894
511	1899
511	1963
511	1974
511	1976
511	1987
511	1998
511	2011
513	1874
515	1669
517	517
520	56
520	246
521	511
521	594
521	1440
521	1471
521	1702
521	1874
522	1895
523	1669
526	1499
526	1874
529	895
529	1876
531	993
531	1701
532	547
533	1874
534	1874
535	203
535	350
535	539
535	829
535	853
535	1258
535	1586
535	1685
535	1727
535	1768
535	1833
535	1839
535	1874
535	1963
539	166
539	203
539	350
539	362
539	535
539	584
539	585
539	687
539	829
539	918
539	999
539	1258
539	1563
539	1586
539	1727
539	1767
539	1768
539	1792
539	1833
539	1839
539	1874
539	1963
540	1258
540	1874
541	1874
542	1287
542	1538
545	895
546	246
547	453
547	607
547	801
547	968
547	1521
547	1631
547	1840
548	1874
549	1874
551	1874
554	1706
560	547
563	1190
564	1706
567	1
569	424
569	453
569	869
573	278
577	1190
580	1258
580	1874
582	1258
583	453
585	12
585	21
585	25
585	34
585	84
585	119
585	120
585	155
585	165
585	211
585	217
585	278
585	344
585	362
585	411
585	412
585	434
585	453
585	457
585	479
585	511
585	556
585	558
585	574
585	579
585	585
585	668
585	827
585	829
585	852
585	904
585	999
585	1019
585	1120
585	1144
585	1198
585	1214
585	1241
585	1258
585	1278
585	1323
585	1369
585	1380
585	1402
585	1430
585	1440
585	1453
585	1465
585	1501
585	1522
585	1547
585	1576
585	1580
585	1586
585	1619
585	1629
585	1669
585	1670
585	1689
585	1751
585	1767
585	1768
585	1792
585	1833
585	1839
585	1844
585	1874
585	1878
585	1894
585	1899
585	1963
585	1974
585	1987
585	1992
585	1998
585	2006
588	246
590	895
591	1874
592	217
592	841
593	1952
594	521
594	1874
595	246
596	596
598	1669
599	511
599	599
601	1952
603	203
603	1833
603	1874
605	45
605	1144
605	1198
605	1291
608	547
609	1706
610	1669
614	411
614	1874
615	795
615	1258
615	1706
615	1874
616	1876
616	1952
618	1701
620	203
620	329
620	350
620	412
620	453
620	732
620	841
620	852
620	999
620	1047
620	1258
620	1586
620	1768
620	1874
620	1987
621	895
622	622
625	1669
626	148
626	511
626	999
626	1258
626	1874
628	465
628	1011
629	1440
629	1874
630	453
630	691
630	702
630	713
630	895
630	1277
630	1287
630	1550
630	1669
630	1876
630	1881
631	993
632	993
633	1149
633	1874
634	141
634	1669
638	1706
642	547
645	246
647	1706
648	246
649	649
651	246
655	1287
656	656
656	1144
656	1194
656	1501
656	1782
658	658
658	1258
658	1742
658	1874
659	798
659	1874
659	1987
671	831
673	246
675	895
675	1500
675	1952
678	701
678	1440
678	1874
679	1706
682	682
685	1669
689	547
689	1706
690	603
690	853
690	999
690	1258
690	1303
690	1586
690	1751
690	1833
690	1839
690	1874
690	1963
691	56
691	106
691	176
691	205
691	261
691	278
691	279
691	329
691	425
691	453
691	476
691	691
691	702
691	713
691	785
691	855
691	869
691	895
691	993
691	1277
691	1287
691	1495
691	1523
691	1550
691	1629
691	1669
691	1830
691	1839
691	1919
691	2027
693	1701
696	1701
697	993
700	246
702	48
702	56
702	98
702	155
702	203
702	278
702	329
702	359
702	453
702	476
702	542
702	556
702	630
702	691
702	702
702	713
702	869
702	895
702	993
702	1277
702	1287
702	1363
702	1526
702	1550
702	1586
702	1601
702	1619
702	1629
702	1669
702	1691
702	1768
702	1839
702	1876
702	1956
702	1987
702	2027
703	1874
705	1159
706	1874
707	1952
709	453
710	1874
712	1669
713	142
713	151
713	195
713	205
713	278
713	279
713	293
713	453
713	630
713	730
713	819
713	869
713	892
713	895
713	928
713	991
713	1277
713	1287
713	1479
713	1586
713	1619
713	1629
713	1669
713	1780
713	1813
713	1876
713	1906
713	1956
713	2027
716	1669
718	1
718	492
718	1874
719	1377
720	1874
723	34
723	217
723	852
723	1144
723	1198
723	1258
726	1706
727	727
728	329
728	410
728	453
728	1058
728	1287
728	1587
728	1669
728	1768
728	1906
728	1987
729	251
730	381
730	383
730	507
730	568
730	630
730	713
730	721
730	859
730	1232
730	1277
730	1287
730	1669
730	1821
730	1991
732	1768
732	1874
734	453
734	547
736	999
737	14
737	25
737	34
737	45
737	74
737	92
737	108
737	136
737	168
737	196
737	217
737	218
737	272
737	280
737	339
737	344
737	403
737	411
737	457
737	511
737	521
737	553
737	585
737	599
737	605
737	628
737	650
737	717
737	723
737	737
737	827
737	841
737	852
737	873
737	903
737	939
737	955
737	961
737	964
737	999
737	1064
737	1084
737	1129
737	1144
737	1179
737	1194
737	1239
737	1258
737	1269
737	1278
737	1291
737	1295
737	1331
737	1380
737	1409
737	1432
737	1440
737	1453
737	1467
737	1501
737	1522
737	1532
737	1578
737	1580
737	1587
737	1597
737	1608
737	1652
737	1737
737	1782
737	1791
737	1845
737	1854
737	1874
737	1894
737	1927
737	1936
737	1942
737	1963
737	1974
737	1995
737	1998
739	1706
740	1706
741	991
745	1669
746	1768
747	1874
749	749
749	1669
753	1287
754	1377
755	268
757	350
757	580
757	1440
757	1874
759	1
760	453
760	1023
761	480
761	547
761	808
761	1113
761	1838
762	1669
763	374
763	895
763	997
763	1695
764	1159
765	765
777	453
778	1159
782	1377
784	620
784	1638
784	1663
785	449
785	453
787	246
788	1706
788	1874
793	1889
794	38
794	278
794	604
794	794
794	806
794	999
794	1669
794	1874
794	1963
797	1377
799	178
799	453
800	1874
802	1874
803	1669
805	1159
806	794
806	999
806	1278
806	1874
806	1963
808	761
810	1874
811	246
812	812
814	1669
815	815
817	31
817	104
817	217
817	411
817	440
817	841
817	999
817	1011
817	1073
817	1151
817	1258
817	1522
817	1586
817	1751
817	1792
817	1807
817	1874
817	1899
817	1930
817	1963
817	1998
818	278
818	818
819	279
821	1874
822	1669
823	1669
825	298
825	895
825	1996
826	453
827	1144
829	84
829	149
829	203
829	210
829	350
829	362
829	442
829	511
829	535
829	539
829	585
829	999
829	1258
829	1278
829	1563
829	1615
829	1727
829	1767
829	1768
829	1792
829	1833
829	1839
829	1874
829	1997
831	415
833	513
833	1258
833	1874
834	839
835	453
836	246
836	825
838	1874
839	233
839	453
839	834
839	839
841	25
841	217
841	592
841	683
841	841
841	943
841	999
841	1110
841	1144
841	1148
841	1151
841	1258
841	1473
841	1522
841	1587
841	1669
841	1874
841	1894
841	1942
841	1998
847	1669
848	1377
849	453
850	246
850	869
852	21
852	25
852	31
852	34
852	47
852	96
852	104
852	109
852	165
852	184
852	217
852	411
852	419
852	511
852	536
852	585
852	683
852	817
852	999
852	1080
852	1144
852	1198
852	1258
852	1269
852	1278
852	1380
852	1440
852	1467
852	1501
852	1522
852	1541
852	1580
852	1587
852	1663
852	1768
852	1792
852	1844
852	1854
852	1874
852	1894
852	1899
852	1927
852	1963
852	1974
852	1987
852	1992
852	1995
852	1998
853	35
853	93
853	203
853	323
853	350
853	690
853	1134
853	1639
853	1706
853	1751
853	1874
854	1377
856	1669
857	1287
858	1669
859	730
861	149
861	829
862	1
863	350
863	511
863	524
863	852
863	999
863	1253
863	1706
863	1874
863	1933
863	1963
863	1998
869	56
869	155
869	261
869	278
869	424
869	443
869	453
869	476
869	569
869	630
869	691
869	702
869	713
869	817
869	855
869	869
869	895
869	983
869	993
869	1078
869	1277
869	1287
869	1323
869	1366
869	1523
869	1550
869	1576
869	1586
869	1619
869	1629
869	1669
869	1718
869	1839
869	1876
869	1919
869	1963
869	2027
870	1287
872	1669
876	1874
877	1706
878	1669
879	1706
882	80
882	246
882	386
882	449
882	547
882	1124
882	1159
882	1306
882	1377
882	1424
882	1594
882	1694
882	1701
882	1773
882	1813
882	1906
882	1952
882	1981
882	2023
883	547
887	1874
888	1706
891	1803
893	1952
894	1669
895	2
895	132
895	155
895	209
895	278
895	279
895	329
895	350
895	359
895	373
895	417
895	421
895	435
895	453
895	483
895	590
895	691
895	702
895	713
895	730
895	763
895	820
895	869
895	956
895	1011
895	1097
895	1192
895	1238
895	1277
895	1287
895	1525
895	1544
895	1550
895	1601
895	1619
895	1629
895	1669
895	1748
895	1763
895	1798
895	1876
895	1906
895	1922
895	1956
895	1971
895	1994
895	1996
895	2027
897	1500
897	1906
898	547
898	1205
898	1377
898	1444
898	1490
902	453
902	895
902	1159
903	34
903	184
903	403
903	605
903	627
903	723
903	737
903	852
903	999
903	1144
903	1198
903	1278
903	1369
903	1380
903	1440
903	1501
903	1580
903	1874
903	1894
903	1974
903	1998
904	1144
905	146
905	1510
905	1556
905	1650
905	1691
907	1706
908	1874
910	1669
911	246
915	991
917	1159
918	350
918	412
918	539
918	1258
918	1768
918	1874
919	246
921	1701
922	1706
922	1874
925	1287
927	1701
928	453
928	713
928	1159
928	1287
928	1669
929	575
930	411
932	1874
935	1287
936	1706
938	453
938	1880
939	272
939	403
939	411
939	511
939	605
939	627
939	723
939	852
939	1144
939	1198
939	1258
939	1278
939	1369
939	1380
939	1440
939	1453
939	1782
939	1894
939	1974
940	1874
942	1706
943	25
943	217
943	329
943	634
943	817
943	841
943	999
943	1151
943	1393
943	1410
943	1425
943	1522
943	1550
943	1587
943	1669
943	1792
943	1874
943	1894
943	1942
943	1998
943	2011
944	1874
946	1159
947	1874
948	365
949	1874
952	1669
953	1669
954	1706
956	895
957	1952
959	1377
960	1874
963	71
963	511
963	1839
969	453
970	1159
971	453
974	1706
975	1805
975	1874
976	1669
977	895
979	246
979	1159
979	1952
981	1669
984	390
984	1697
984	1907
987	547
987	1159
987	1377
989	1287
990	1287
991	453
991	741
991	895
991	915
991	1669
993	17
993	38
993	58
993	112
993	122
993	150
993	155
993	213
993	240
993	307
993	327
993	334
993	396
993	453
993	472
993	476
993	519
993	531
993	578
993	631
993	691
993	697
993	702
993	713
993	869
993	909
993	993
993	1072
993	1388
993	1398
993	1413
993	1466
993	1512
993	1551
993	1560
993	1602
993	1617
993	1669
993	1722
993	1857
993	1868
993	1906
993	1920
993	1923
993	1956
994	453
996	1669
997	763
998	453
998	702
998	1159
998	1377
998	1669
999	12
999	21
999	24
999	34
999	47
999	64
999	90
999	148
999	153
999	165
999	177
999	217
999	257
999	265
999	290
999	403
999	411
999	412
999	429
999	457
999	465
999	479
999	511
999	536
999	585
999	626
999	690
999	723
999	732
999	794
999	806
999	817
999	824
999	841
999	852
999	853
999	863
999	903
999	1011
999	1073
999	1080
999	1110
999	1144
999	1151
999	1194
999	1198
999	1258
999	1269
999	1278
999	1303
999	1309
999	1323
999	1369
999	1440
999	1453
999	1465
999	1467
999	1501
999	1510
999	1522
999	1580
999	1586
999	1587
999	1638
999	1639
999	1669
999	1673
999	1740
999	1751
999	1768
999	1770
999	1782
999	1792
999	1807
999	1833
999	1839
999	1844
999	1854
999	1874
999	1878
999	1894
999	1899
999	1903
999	1942
999	1950
999	1963
999	1974
999	1987
999	1992
999	1995
999	1998
999	2011
1000	246
1000	895
1003	246
1006	1669
1007	278
1007	547
1007	1136
1009	457
1009	1587
1009	1874
1010	1144
1011	104
1011	120
1011	155
1011	412
1011	419
1011	450
1011	457
1011	463
1011	465
1011	556
1011	558
1011	574
1011	690
1011	817
1011	827
1011	864
1011	867
1011	895
1011	904
1011	999
1011	1073
1011	1120
1011	1241
1011	1258
1011	1278
1011	1430
1011	1510
1011	1523
1011	1586
1011	1669
1011	1670
1011	1751
1011	1792
1011	1839
1011	1874
1011	1878
1011	1919
1011	1963
1011	1987
1011	2006
1012	453
1016	895
1017	1159
1017	1952
1018	76
1018	248
1018	466
1018	1669
1018	1906
1021	1021
1022	453
1022	1955
1023	453
1025	1440
1025	1670
1025	1874
1029	1669
1032	1032
1033	1669
1034	502
1034	1493
1034	1874
1037	80
1037	245
1037	246
1037	430
1037	449
1037	453
1037	728
1037	767
1037	991
1037	998
1037	1058
1037	1124
1037	1159
1037	1195
1037	1287
1037	1306
1037	1377
1037	1393
1037	1444
1037	1550
1037	1594
1037	1669
1037	1694
1037	1773
1037	1876
1037	1952
1037	1981
1038	1377
1039	453
1039	713
1039	1159
1039	1277
1041	1669
1043	895
1044	453
1045	1669
1046	1046
1047	576
1047	1768
1047	1874
1047	1930
1050	429
1051	1706
1053	227
1054	1874
1055	1669
1058	245
1058	278
1058	1393
1059	1906
1063	246
1065	289
1066	1876
1068	1701
1076	453
1077	246
1079	1005
1079	1035
1079	1089
1079	1763
1082	453
1082	1669
1082	1813
1085	1287
1086	1669
1087	1874
1091	1287
1091	1876
1093	1093
1095	1159
1096	1706
1096	1746
1097	61
1097	589
1097	895
1097	2016
1098	895
1098	1876
1101	1669
1102	1258
1104	1159
1104	1952
1105	1159
1106	1098
1108	1669
1109	1874
1112	453
1115	246
1116	1952
1117	278
1120	90
1120	203
1120	220
1120	385
1120	453
1120	465
1120	479
1120	798
1120	1120
1120	1287
1120	1358
1120	1510
1120	1576
1120	1586
1120	1669
1120	1768
1120	1770
1120	1792
1120	1874
1121	547
1122	453
1125	282
1125	1287
1126	1550
1126	1669
1127	453
1128	1874
1130	246
1131	1706
1133	1874
1136	278
1140	40
1140	1706
1141	1669
1143	1669
1145	246
1146	1287
1149	713
1149	728
1149	1058
1149	1287
1149	1393
1149	1550
1149	1874
1150	1440
1150	1833
1152	1669
1154	278
1155	891
1155	1274
1156	246
1157	1159
1159	14
1159	19
1159	56
1159	72
1159	97
1159	102
1159	130
1159	147
1159	155
1159	175
1159	178
1159	179
1159	200
1159	209
1159	249
1159	278
1159	279
1159	292
1159	313
1159	329
1159	340
1159	359
1159	369
1159	371
1159	397
1159	410
1159	426
1159	453
1159	459
1159	463
1159	468
1159	487
1159	488
1159	506
1159	569
1159	571
1159	613
1159	620
1159	630
1159	643
1159	660
1159	691
1159	702
1159	713
1159	760
1159	777
1159	807
1159	826
1159	835
1159	844
1159	869
1159	892
1159	895
1159	902
1159	923
1159	934
1159	938
1159	943
1159	951
1159	971
1159	991
1159	993
1159	1012
1159	1022
1159	1023
1159	1027
1159	1039
1159	1040
1159	1044
1159	1048
1159	1070
1159	1076
1159	1105
1159	1112
1159	1120
1159	1123
1159	1127
1159	1166
1159	1179
1159	1186
1159	1192
1159	1195
1159	1201
1159	1219
1159	1250
1159	1258
1159	1262
1159	1267
1159	1274
1159	1277
1159	1281
1159	1287
1159	1325
1159	1337
1159	1340
1159	1363
1159	1381
1159	1386
1159	1396
1159	1403
1159	1405
1159	1443
1159	1480
1159	1520
1159	1526
1159	1541
1159	1550
1159	1558
1159	1575
1159	1577
1159	1586
1159	1587
1159	1599
1159	1601
1159	1610
1159	1614
1159	1619
1159	1629
1159	1632
1159	1648
1159	1654
1159	1659
1159	1661
1159	1669
1159	1675
1159	1676
1159	1690
1159	1741
1159	1748
1159	1768
1159	1770
1159	1780
1159	1781
1159	1786
1159	1813
1159	1819
1159	1831
1159	1852
1159	1874
1159	1880
1159	1881
1159	1906
1159	1910
1159	1918
1159	1929
1159	1937
1159	1955
1159	1956
1159	1968
1159	1970
1159	1978
1159	1987
1159	2018
1159	2027
1159	2028
1161	246
1162	895
1163	1669
1164	278
1170	1377
1173	1881
1174	1805
1175	1601
1175	1876
1175	1952
1177	1874
1178	278
1179	410
1179	465
1179	1258
1179	1439
1179	1792
1179	1823
1179	1874
1181	1706
1182	1706
1182	1742
1183	1706
1184	453
1186	453
1187	76
1187	466
1187	1669
1188	1874
1192	359
1192	453
1192	895
1192	1120
1192	1277
1192	1669
1192	1881
1194	34
1194	1144
1194	1258
1194	1380
1194	1453
1194	1580
1194	1858
1195	1669
1197	1377
1197	1881
1198	34
1198	217
1198	272
1198	403
1198	585
1198	605
1198	723
1198	737
1198	852
1198	903
1198	939
1198	999
1198	1144
1198	1258
1198	1278
1198	1291
1198	1380
1198	1440
1198	1578
1198	1580
1198	1844
1198	1858
1198	1899
1198	1974
1198	1992
1198	1998
1199	227
1203	1874
1204	1669
1206	1669
1207	1277
1209	1287
1213	231
1213	278
1213	547
1215	1952
1216	547
1216	1159
1216	1952
1220	1220
1221	1874
1222	1377
1223	993
1226	1226
1231	511
1231	829
1233	1057
1234	1287
1234	1500
1234	1876
1236	1669
1237	1706
1238	246
1238	895
1239	1144
1242	1669
1243	1669
1246	1159
1248	1706
1251	246
1252	1669
1254	54
1254	111
1254	154
1254	189
1254	378
1254	402
1254	514
1254	562
1254	669
1254	733
1254	988
1254	1088
1254	1326
1254	1373
1254	1793
1254	1872
1254	1952
1254	1973
1254	1986
1254	2004
1256	1874
1257	1159
1258	21
1258	25
1258	42
1258	55
1258	93
1258	151
1258	153
1258	165
1258	186
1258	203
1258	210
1258	219
1258	312
1258	329
1258	345
1258	350
1258	362
1258	403
1258	411
1258	412
1258	419
1258	453
1258	511
1258	513
1258	535
1258	536
1258	539
1258	580
1258	585
1258	587
1258	615
1258	658
1258	732
1258	817
1258	829
1258	833
1258	852
1258	918
1258	939
1258	945
1258	999
1258	1049
1258	1080
1258	1102
1258	1144
1258	1179
1258	1194
1258	1203
1258	1244
1258	1258
1258	1268
1258	1278
1258	1292
1258	1309
1258	1323
1258	1369
1258	1440
1258	1497
1258	1501
1258	1522
1258	1524
1258	1557
1258	1580
1258	1586
1258	1587
1258	1625
1258	1638
1258	1644
1258	1751
1258	1768
1258	1792
1258	1807
1258	1808
1258	1833
1258	1839
1258	1843
1258	1844
1258	1858
1258	1874
1258	1894
1258	1899
1258	1930
1258	1963
1258	1974
1258	1987
1258	1990
1258	1998
1261	221
1261	372
1261	1768
1261	1792
1261	1874
1263	246
1263	1159
1265	1669
1266	1500
1267	453
1268	1874
1269	174
1269	536
1269	999
1269	1081
1269	1269
1269	1278
1269	1440
1269	1501
1269	1522
1269	1587
1269	1673
1269	1874
1269	1998
1271	1669
1272	895
1272	1287
1272	1876
1273	1810
1274	44
1274	91
1274	191
1274	328
1274	348
1274	364
1274	388
1274	404
1274	453
1274	488
1274	509
1274	516
1274	636
1274	734
1274	783
1274	891
1274	958
1274	1030
1274	1042
1274	1069
1274	1103
1274	1137
1274	1155
1274	1405
1274	1445
1274	1508
1274	1528
1274	1598
1274	1667
1274	1690
1274	1750
1274	1803
1274	1901
1274	1915
1274	1965
1274	1975
1274	1993
1274	2025
1275	1159
1277	37
1277	56
1277	85
1277	97
1277	155
1277	195
1277	205
1277	278
1277	292
1277	329
1277	359
1277	369
1277	453
1277	476
1277	630
1277	665
1277	691
1277	702
1277	713
1277	730
1277	869
1277	874
1277	895
1277	1024
1277	1037
1277	1192
1277	1207
1277	1270
1277	1277
1277	1287
1277	1305
1277	1394
1277	1421
1277	1536
1277	1541
1277	1550
1277	1586
1277	1619
1277	1621
1277	1629
1277	1669
1277	1710
1277	1748
1277	1768
1277	1784
1277	1881
1277	1896
1277	1906
1277	1987
1277	2027
1278	21
1278	24
1278	34
1278	47
1278	217
1278	290
1278	345
1278	403
1278	411
1278	412
1278	511
1278	526
1278	536
1278	585
1278	723
1278	735
1278	737
1278	817
1278	829
1278	852
1278	903
1278	999
1278	1011
1278	1144
1278	1198
1278	1258
1278	1269
1278	1291
1278	1309
1278	1380
1278	1440
1278	1465
1278	1501
1278	1522
1278	1578
1278	1586
1278	1751
1278	1770
1278	1874
1278	1894
1278	1899
1278	1963
1278	1974
1278	1995
1278	1998
1281	453
1281	1159
1281	1377
1282	1669
1284	1
1287	36
1287	56
1287	105
1287	118
1287	121
1287	127
1287	145
1287	155
1287	224
1287	245
1287	278
1287	279
1287	282
1287	291
1287	333
1287	391
1287	423
1287	431
1287	453
1287	476
1287	508
1287	542
1287	616
1287	630
1287	655
1287	667
1287	691
1287	702
1287	713
1287	728
1287	730
1287	774
1287	789
1287	855
1287	857
1287	869
1287	870
1287	889
1287	895
1287	914
1287	925
1287	935
1287	989
1287	990
1287	995
1287	1085
1287	1091
1287	1120
1287	1124
1287	1125
1287	1146
1287	1169
1287	1185
1287	1209
1287	1234
1287	1272
1287	1277
1287	1287
1287	1393
1287	1419
1287	1435
1287	1460
1287	1462
1287	1527
1287	1536
1287	1538
1287	1550
1287	1555
1287	1601
1287	1619
1287	1629
1287	1653
1287	1668
1287	1669
1287	1693
1287	1698
1287	1705
1287	1709
1287	1724
1287	1738
1287	1755
1287	1774
1287	1839
1287	1861
1287	1863
1287	1876
1287	1906
1287	1914
1287	1919
1287	2006
1287	2027
1290	1874
1291	45
1291	92
1291	403
1291	585
1291	605
1291	723
1291	852
1291	1144
1291	1198
1291	1239
1291	1278
1291	1291
1291	1380
1291	1440
1291	1858
1291	1874
1291	1998
1293	1293
1293	1669
1297	585
1297	1706
1299	1874
1300	547
1301	1979
1302	1287
1303	690
1303	999
1303	1833
1307	1669
1308	1159
1310	1377
1311	1377
1312	38
1312	993
1312	1669
1312	1701
1312	1874
1312	1952
1315	1706
1318	1669
1319	1874
1321	1706
1322	246
1323	90
1323	217
1323	316
1323	465
1323	999
1323	1258
1323	1323
1323	1440
1323	1510
1323	1586
1323	1669
1323	1792
1323	1833
1323	1839
1323	1841
1323	1874
1323	1899
1323	1940
1323	1963
1328	245
1328	358
1328	410
1328	453
1328	572
1328	713
1328	897
1328	1070
1328	1158
1328	1287
1328	1587
1333	246
1333	1669
1334	1159
1335	1
1337	453
1339	246
1339	453
1339	547
1339	1952
1340	453
1340	1609
1341	246
1342	511
1342	1706
1343	246
1345	1377
1346	1669
1347	1874
1348	547
1349	1669
1350	453
1350	1377
1350	1669
1352	326
1352	1056
1352	2014
1353	1874
1354	1505
1357	1701
1357	1952
1359	1669
1360	1669
1363	430
1363	453
1363	702
1363	1159
1363	1867
1365	466
1367	1706
1369	14
1369	21
1369	24
1369	25
1369	47
1369	90
1369	120
1369	165
1369	203
1369	217
1369	266
1369	272
1369	306
1369	329
1369	410
1369	411
1369	412
1369	419
1369	453
1369	457
1369	465
1369	511
1369	558
1369	585
1369	641
1369	668
1369	690
1369	794
1369	817
1369	852
1369	890
1369	980
1369	999
1369	1019
1369	1120
1369	1144
1369	1179
1369	1241
1369	1258
1369	1278
1369	1323
1369	1369
1369	1430
1369	1434
1369	1440
1369	1467
1369	1501
1369	1522
1369	1549
1369	1576
1369	1586
1369	1587
1369	1625
1369	1670
1369	1743
1369	1792
1369	1833
1369	1839
1369	1874
1369	1894
1369	1899
1369	1963
1369	1974
1369	1976
1369	1987
1369	1998
1369	2012
1371	1287
1374	1706
1376	1287
1376	1952
1377	1669
1378	1669
1379	1669
1380	34
1380	92
1380	737
1380	1144
1380	1453
1380	1998
1381	453
1381	1159
1381	1669
1383	1874
1384	1159
1385	453
1388	993
1390	930
1392	1392
1393	713
1393	728
1393	794
1393	943
1393	1058
1393	1149
1393	1287
1393	1550
1393	1669
1395	1669
1398	1398
1398	1669
1401	246
1404	1159
1412	895
1413	993
1414	1669
1415	658
1415	1415
1416	829
1417	1874
1418	41
1418	547
1419	1287
1419	1876
1422	1874
1423	1
1428	1874
1430	104
1430	146
1430	411
1430	465
1430	1036
1430	1212
1430	1258
1430	1669
1430	1874
1430	1974
1430	2027
1433	1706
1435	990
1435	1287
1436	1669
1439	1014
1439	1706
1440	12
1440	21
1440	34
1440	56
1440	60
1440	96
1440	160
1440	184
1440	239
1440	265
1440	276
1440	319
1440	335
1440	345
1440	411
1440	465
1440	510
1440	511
1440	521
1440	570
1440	585
1440	629
1440	653
1440	678
1440	708
1440	729
1440	738
1440	757
1440	786
1440	852
1440	885
1440	898
1440	903
1440	999
1440	1144
1440	1198
1440	1202
1440	1218
1440	1258
1440	1269
1440	1278
1440	1304
1440	1354
1440	1369
1440	1398
1440	1468
1440	1471
1440	1501
1440	1522
1440	1552
1440	1565
1440	1580
1440	1586
1440	1613
1440	1616
1440	1625
1440	1634
1440	1670
1440	1707
1440	1735
1440	1751
1440	1782
1440	1792
1440	1833
1440	1839
1440	1844
1440	1874
1440	1903
1440	1974
1440	1988
1440	1992
1440	1998
1441	547
1441	1159
1443	453
1444	1669
1446	1159
1449	852
1449	1874
1451	1159
1452	1669
1453	34
1453	585
1453	627
1453	939
1453	999
1453	1144
1453	1844
1454	1874
1456	1706
1458	1669
1460	1287
1461	1450
1462	1287
1463	1669
1464	1669
1466	993
1467	1899
1468	1874
1469	1874
1470	246
1476	246
1477	429
1477	1253
1478	1706
1481	1706
1481	1874
1482	1
1482	1874
1484	453
1485	1377
1488	203
1488	1061
1488	1833
1488	1874
1491	1159
1493	1034
1493	1080
1494	1706
1494	1874
1497	1258
1497	1874
1499	485
1499	1874
1500	209
1500	278
1500	279
1500	421
1500	453
1500	702
1500	713
1500	902
1500	1011
1500	1238
1500	1277
1500	1287
1500	1550
1500	1601
1500	1629
1500	1669
1500	1763
1500	1768
1500	1798
1500	1876
1500	1906
1500	1952
1500	1956
1500	1994
1501	34
1501	339
1501	390
1501	411
1501	511
1501	585
1501	656
1501	737
1501	999
1501	1144
1501	1239
1501	1258
1501	1278
1501	1369
1501	1440
1501	1663
1501	1782
1501	1874
1501	1974
1501	1998
1501	2011
1502	1706
1504	1
1504	1504
1505	1440
1505	1874
1505	1912
1510	39
1510	146
1510	306
1510	383
1510	453
1510	465
1510	511
1510	691
1510	817
1510	905
1510	1011
1510	1556
1510	1650
1510	1669
1510	1691
1510	1743
1510	1785
1510	1792
1510	1874
1510	2027
1511	1511
1512	1669
1513	1669
1514	1706
1515	278
1516	1874
1517	246
1518	547
1518	1377
1519	1701
1520	453
1520	1918
1522	14
1522	45
1522	104
1522	217
1522	411
1522	412
1522	457
1522	511
1522	536
1522	585
1522	723
1522	737
1522	817
1522	841
1522	852
1522	943
1522	999
1522	1144
1522	1151
1522	1194
1522	1198
1522	1258
1522	1269
1522	1278
1522	1309
1522	1369
1522	1440
1522	1580
1522	1673
1522	1833
1522	1874
1522	1894
1522	1899
1522	1942
1522	1960
1522	1963
1522	1974
1522	1998
1524	1258
1524	1874
1526	453
1526	1159
1529	1706
1531	1669
1535	1238
1536	203
1536	329
1536	895
1536	1287
1536	1550
1536	1748
1536	1768
1536	1987
1538	542
1538	1287
1539	350
1541	453
1541	1277
1541	1587
1541	1768
1541	1874
1543	1440
1543	1874
1544	895
1545	278
1548	1548
1550	203
1550	329
1550	453
1550	476
1550	630
1550	691
1550	702
1550	713
1550	728
1550	855
1550	869
1550	895
1550	943
1550	1058
1550	1126
1550	1149
1550	1277
1550	1287
1550	1393
1550	1536
1550	1669
1550	1748
1550	1768
1550	1792
1550	1876
1550	1906
1550	1987
1551	993
1553	1669
1554	1669
1559	1874
1561	1669
1562	1874
1565	1440
1565	1874
1566	1874
1567	453
1569	1706
1571	1571
1572	278
1573	1
1574	278
1575	453
1576	203
1576	350
1576	418
1576	453
1576	511
1576	690
1576	804
1576	869
1576	999
1576	1080
1576	1258
1576	1323
1576	1586
1576	1669
1576	1751
1576	1833
1576	1839
1576	1874
1576	1963
1578	45
1578	92
1578	403
1578	585
1578	656
1578	723
1578	1144
1578	1198
1578	1239
1578	1278
1578	1369
1578	1380
1578	1501
1578	1894
1578	1995
1579	895
1580	25
1580	34
1580	45
1580	92
1580	96
1580	217
1580	339
1580	403
1580	411
1580	511
1580	585
1580	605
1580	656
1580	723
1580	737
1580	852
1580	999
1580	1144
1580	1194
1580	1198
1580	1239
1580	1258
1580	1278
1580	1369
1580	1380
1580	1440
1580	1453
1580	1501
1580	1522
1580	1580
1580	1844
1580	1855
1580	1858
1580	1874
1580	1894
1580	1899
1580	1974
1580	1992
1580	1995
1580	1998
1581	1258
1581	1706
1582	1953
1583	1159
1584	1669
1586	151
1586	203
1586	217
1586	345
1586	350
1586	385
1586	411
1586	412
1586	453
1586	465
1586	479
1586	511
1586	585
1586	713
1586	869
1586	945
1586	999
1586	1258
1586	1277
1586	1278
1586	1426
1586	1440
1586	1576
1586	1586
1586	1629
1586	1669
1586	1680
1586	1731
1586	1751
1586	1767
1586	1768
1586	1770
1586	1792
1586	1833
1586	1839
1586	1874
1586	1963
1586	1998
1587	31
1587	217
1587	453
1587	457
1587	536
1587	683
1587	824
1587	852
1587	999
1587	1009
1587	1151
1587	1258
1587	1269
1587	1399
1587	1425
1587	1501
1587	1506
1587	1587
1587	1768
1587	1874
1587	1878
1587	1962
1587	1998
1588	1669
1589	246
1591	795
1591	1253
1591	1706
1592	1706
1595	1377
1596	246
1600	1669
1601	278
1601	329
1601	453
1601	702
1601	895
1601	1175
1601	1669
1604	1874
1605	1706
1607	1669
1609	1340
1612	993
1613	1440
1613	1706
1614	453
1615	829
1615	1874
1616	1706
1617	993
1618	80
1618	155
1618	453
1618	511
1618	547
1618	572
1618	575
1618	702
1618	713
1618	1159
1618	1287
1618	1377
1618	1669
1618	1674
1618	1769
1618	1874
1618	2027
1619	155
1619	278
1619	333
1619	443
1619	453
1619	630
1619	691
1619	713
1619	866
1619	869
1619	895
1619	938
1619	983
1619	1277
1619	1287
1619	1629
1619	1669
1619	1813
1619	1876
1619	1919
1619	2027
1622	1706
1623	1706
1624	1238
1625	1
1625	299
1625	355
1625	999
1625	1258
1625	1440
1625	1625
1625	1751
1625	1833
1625	1874
1626	1626
1627	246
1628	1
1629	278
1629	453
1629	630
1629	713
1629	869
1629	895
1629	1586
1629	1669
1629	1762
1629	1839
1630	1701
1634	1107
1634	1440
1634	1874
1634	1974
1634	2008
1636	1669
1637	1669
1641	1377
1642	1669
1642	1952
1644	1258
1644	1874
1647	895
1651	1651
1655	1159
1655	1952
1656	1669
1658	1876
1659	453
1664	194
1665	1665
1666	1706
1667	1274
1669	6
1669	7
1669	9
1669	26
1669	30
1669	38
1669	53
1669	56
1669	57
1669	73
1669	76
1669	89
1669	95
1669	113
1669	114
1669	120
1669	126
1669	139
1669	146
1669	155
1669	171
1669	199
1669	203
1669	207
1669	212
1669	220
1669	235
1669	247
1669	248
1669	255
1669	269
1669	278
1669	300
1669	311
1669	313
1669	321
1669	325
1669	329
1669	330
1669	338
1669	350
1669	352
1669	368
1669	377
1669	380
1669	383
1669	410
1669	412
1669	413
1669	416
1669	453
1669	465
1669	466
1669	476
1669	477
1669	478
1669	479
1669	484
1669	486
1669	490
1669	504
1669	527
1669	537
1669	544
1669	552
1669	555
1669	581
1669	585
1669	597
1669	611
1669	630
1669	634
1669	635
1669	646
1669	659
1669	662
1669	674
1669	676
1669	691
1669	702
1669	704
1669	712
1669	713
1669	728
1669	730
1669	750
1669	768
1669	769
1669	776
1669	790
1669	791
1669	794
1669	803
1669	813
1669	840
1669	841
1669	845
1669	846
1669	851
1669	855
1669	868
1669	869
1669	872
1669	886
1669	895
1669	898
1669	901
1669	920
1669	928
1669	943
1669	966
1669	981
1669	985
1669	991
1669	993
1669	1002
1669	1004
1669	1013
1669	1018
1669	1031
1669	1071
1669	1083
1669	1094
1669	1111
1669	1114
1669	1118
1669	1120
1669	1132
1669	1139
1669	1142
1669	1147
1669	1159
1669	1160
1669	1163
1669	1170
1669	1171
1669	1172
1669	1187
1669	1189
1669	1192
1669	1224
1669	1228
1669	1232
1669	1235
1669	1259
1669	1264
1669	1277
1669	1279
1669	1281
1669	1287
1669	1289
1669	1296
1669	1305
1669	1310
1669	1313
1669	1323
1669	1329
1669	1330
1669	1332
1669	1338
1669	1349
1669	1356
1669	1368
1669	1370
1669	1381
1669	1393
1669	1394
1669	1398
1669	1400
1669	1430
1669	1437
1669	1440
1669	1447
1669	1455
1669	1459
1669	1498
1669	1507
1669	1510
1669	1550
1669	1554
1669	1564
1669	1568
1669	1576
1669	1586
1669	1588
1669	1601
1669	1619
1669	1620
1669	1629
1669	1633
1669	1669
1669	1672
1669	1674
1669	1698
1669	1700
1669	1713
1669	1721
1669	1730
1669	1734
1669	1739
1669	1747
1669	1749
1669	1768
1669	1770
1669	1783
1669	1804
1669	1806
1669	1811
1669	1813
1669	1815
1669	1818
1669	1822
1669	1825
1669	1826
1669	1832
1669	1839
1669	1846
1669	1850
1669	1859
1669	1873
1669	1874
1669	1876
1669	1878
1669	1881
1669	1898
1669	1904
1669	1905
1669	1906
1669	1916
1669	1917
1669	1921
1669	1935
1669	1951
1669	1956
1669	1987
1669	2005
1669	2006
1669	2010
1669	2015
1669	2017
1669	2019
1669	2027
1670	12
1670	465
1670	1440
1670	1874
1670	1987
1671	993
1672	1669
1673	536
1673	999
1673	1269
1673	1587
1673	1874
1674	24
1674	165
1674	203
1674	257
1674	306
1674	329
1674	410
1674	412
1674	419
1674	465
1674	521
1674	794
1674	817
1674	852
1674	869
1674	1179
1674	1501
1674	1586
1674	1587
1674	1669
1674	1768
1674	1770
1674	1792
1674	1874
1674	1987
1675	453
1680	585
1680	1492
1680	1685
1680	1689
1680	1792
1680	1874
1680	1963
1681	1874
1682	453
1683	246
1683	1834
1684	312
1684	1159
1684	1874
1687	1874
1688	511
1688	1874
1689	204
1689	1680
1689	1706
1689	1874
1690	453
1690	1159
1693	1287
1693	1679
1694	1669
1698	1377
1698	1669
1698	1952
1703	1874
1704	1669
1705	1287
1705	1952
1706	15
1706	47
1706	84
1706	90
1706	104
1706	134
1706	203
1706	229
1706	284
1706	302
1706	329
1706	350
1706	361
1706	362
1706	375
1706	411
1706	412
1706	457
1706	458
1706	465
1706	511
1706	521
1706	535
1706	539
1706	551
1706	585
1706	620
1706	732
1706	829
1706	833
1706	852
1706	999
1706	1008
1706	1061
1706	1245
1706	1258
1706	1290
1706	1353
1706	1369
1706	1454
1706	1497
1706	1586
1706	1587
1706	1685
1706	1715
1706	1761
1706	1768
1706	1770
1706	1792
1706	1833
1706	1926
1706	1928
1706	1930
1706	1963
1706	1974
1706	1987
1706	1998
1709	291
1709	1287
1710	453
1711	1711
1712	1
1712	963
1712	1699
1712	1946
1714	1714
1715	1258
1715	1706
1715	1874
1717	412
1717	453
1717	1563
1720	246
1720	547
1720	1159
1720	1377
1720	1706
1722	993
1723	1874
1724	1952
1725	453
1727	66
1727	203
1727	222
1727	849
1727	924
1727	1159
1728	1706
1729	246
1731	419
1731	465
1731	852
1731	1120
1731	1402
1731	1586
1731	1768
1731	1792
1731	1874
1731	1974
1731	1987
1736	246
1737	115
1738	51
1738	751
1738	1287
1738	1876
1738	1893
1738	2003
1739	453
1739	1159
1739	1669
1742	658
1742	1258
1742	1706
1743	411
1743	465
1743	1510
1743	1669
1743	2027
1744	1874
1745	246
1747	1669
1748	453
1751	151
1751	203
1751	350
1751	535
1751	718
1751	999
1751	1253
1751	1258
1751	1323
1751	1486
1751	1576
1751	1586
1751	1625
1751	1663
1751	1754
1751	1756
1751	1874
1751	1930
1752	1701
1753	1706
1753	1911
1755	1287
1757	1377
1758	1159
1759	1258
1759	1874
1760	962
1762	278
1762	1629
1763	246
1764	1764
1767	511
1767	1586
1767	1680
1767	1874
1767	1963
1768	84
1768	153
1768	203
1768	329
1768	345
1768	350
1768	412
1768	440
1768	453
1768	535
1768	702
1768	732
1768	798
1768	852
1768	895
1768	999
1768	1120
1768	1258
1768	1278
1768	1358
1768	1501
1768	1587
1768	1874
1768	1930
1768	1987
1768	2027
1770	22
1770	31
1770	90
1770	306
1770	412
1770	465
1770	511
1770	539
1770	585
1770	918
1770	999
1770	1258
1770	1369
1770	1586
1770	1768
1770	1770
1770	1792
1770	1874
1770	1963
1772	1874
1774	529
1774	895
1774	1287
1774	1876
1775	1669
1776	1874
1777	390
1777	795
1777	1501
1780	453
1780	713
1782	34
1782	45
1782	92
1782	403
1782	457
1782	585
1782	656
1782	999
1782	1144
1782	1194
1782	1198
1782	1239
1782	1278
1782	1440
1782	1501
1782	1858
1782	1874
1782	1894
1782	1974
1789	1706
1790	1669
1792	12
1792	13
1792	31
1792	203
1792	306
1792	362
1792	411
1792	412
1792	419
1792	453
1792	463
1792	465
1792	479
1792	511
1792	585
1792	628
1792	794
1792	817
1792	852
1792	999
1792	1179
1792	1258
1792	1440
1792	1510
1792	1550
1792	1586
1792	1587
1792	1670
1792	1731
1792	1767
1792	1768
1792	1770
1792	1823
1792	1874
1792	1987
1796	895
1796	1678
1797	1701
1798	895
1799	547
1799	1952
1800	1159
1801	1833
1802	1377
1807	411
1808	1258
1808	1874
1809	1706
1812	1377
1813	155
1813	453
1813	895
1813	1287
1813	1619
1813	1669
1813	1831
1813	1876
1814	1
1814	1706
1814	1874
1820	1669
1823	1179
1823	1214
1823	1874
1827	895
1828	1159
1830	691
1831	453
1831	1813
1833	94
1833	104
1833	151
1833	203
1833	217
1833	350
1833	457
1833	511
1833	535
1833	539
1833	574
1833	585
1833	690
1833	829
1833	999
1833	1191
1833	1258
1833	1280
1833	1303
1833	1304
1833	1323
1833	1324
1833	1369
1833	1440
1833	1488
1833	1522
1833	1576
1833	1586
1833	1625
1833	1727
1833	1754
1833	1768
1833	1839
1833	1874
1833	1894
1833	1899
1833	1963
1833	1974
1838	278
1838	547
1839	11
1839	12
1839	24
1839	64
1839	93
1839	104
1839	105
1839	109
1839	117
1839	119
1839	120
1839	151
1839	155
1839	165
1839	177
1839	201
1839	203
1839	243
1839	266
1839	278
1839	285
1839	316
1839	333
1839	350
1839	383
1839	385
1839	395
1839	411
1839	412
1839	419
1839	423
1839	434
1839	450
1839	453
1839	457
1839	465
1839	479
1839	511
1839	535
1839	539
1839	556
1839	558
1839	574
1839	585
1839	602
1839	628
1839	641
1839	666
1839	668
1839	690
1839	691
1839	702
1839	704
1839	713
1839	725
1839	796
1839	827
1839	829
1839	867
1839	869
1839	890
1839	899
1839	904
1839	916
1839	963
1839	965
1839	978
1839	980
1839	983
1839	999
1839	1011
1839	1019
1839	1052
1839	1073
1839	1080
1839	1081
1839	1100
1839	1120
1839	1135
1839	1191
1839	1214
1839	1227
1839	1241
1839	1258
1839	1277
1839	1278
1839	1287
1839	1323
1839	1369
1839	1382
1839	1402
1839	1410
1839	1426
1839	1430
1839	1440
1839	1486
1839	1510
1839	1523
1839	1547
1839	1576
1839	1586
1839	1619
1839	1629
1839	1639
1839	1649
1839	1663
1839	1669
1839	1670
1839	1674
1839	1680
1839	1718
1839	1727
1839	1751
1839	1767
1839	1768
1839	1788
1839	1792
1839	1816
1839	1830
1839	1833
1839	1839
1839	1845
1839	1856
1839	1874
1839	1876
1839	1878
1839	1919
1839	1950
1839	1962
1839	1963
1839	1976
1839	1987
1839	2001
1839	2006
1839	2012
1842	246
1843	1258
1843	1874
1844	45
1844	403
1844	411
1844	511
1844	536
1844	585
1844	605
1844	656
1844	852
1844	999
1844	1144
1844	1194
1844	1198
1844	1239
1844	1278
1844	1380
1844	1440
1844	1453
1844	1501
1844	1522
1844	1587
1844	1844
1844	1874
1844	1894
1844	1974
1844	1998
1846	453
1846	1669
1847	246
1852	453
1853	1377
1857	993
1860	1159
1861	1287
1862	453
1865	1669
1866	1706
1867	1363
1868	993
1868	1701
1869	1874
1870	1
1870	1870
1871	1669
1874	10
1874	12
1874	13
1874	14
1874	21
1874	23
1874	24
1874	25
1874	28
1874	31
1874	34
1874	35
1874	47
1874	55
1874	71
1874	75
1874	77
1874	84
1874	90
1874	93
1874	96
1874	104
1874	119
1874	125
1874	134
1874	149
1874	151
1874	153
1874	156
1874	158
1874	163
1874	173
1874	177
1874	187
1874	188
1874	197
1874	203
1874	210
1874	211
1874	217
1874	229
1874	234
1874	251
1874	257
1874	265
1874	284
1874	295
1874	303
1874	312
1874	323
1874	329
1874	337
1874	339
1874	343
1874	345
1874	347
1874	350
1874	362
1874	366
1874	370
1874	376
1874	379
1874	382
1874	385
1874	400
1874	410
1874	411
1874	412
1874	414
1874	419
1874	420
1874	437
1874	440
1874	442
1874	450
1874	453
1874	457
1874	459
1874	462
1874	465
1874	469
1874	479
1874	481
1874	502
1874	511
1874	513
1874	518
1874	521
1874	526
1874	535
1874	536
1874	539
1874	541
1874	549
1874	551
1874	557
1874	561
1874	565
1874	574
1874	579
1874	580
1874	585
1874	586
1874	594
1874	603
1874	614
1874	615
1874	620
1874	629
1874	633
1874	639
1874	654
1874	658
1874	659
1874	668
1874	670
1874	672
1874	683
1874	686
1874	690
1874	692
1874	694
1874	695
1874	698
1874	703
1874	711
1874	718
1874	720
1874	724
1874	725
1874	731
1874	732
1874	735
1874	747
1874	757
1874	788
1874	794
1874	800
1874	816
1874	817
1874	821
1874	829
1874	832
1874	833
1874	841
1874	852
1874	853
1874	860
1874	863
1874	867
1874	876
1874	881
1874	887
1874	888
1874	896
1874	898
1874	904
1874	906
1874	918
1874	922
1874	931
1874	933
1874	940
1874	943
1874	944
1874	945
1874	949
1874	960
1874	963
1874	973
1874	975
1874	999
1874	1009
1874	1015
1874	1020
1874	1034
1874	1062
1874	1067
1874	1080
1874	1087
1874	1090
1874	1096
1874	1102
1874	1120
1874	1128
1874	1131
1874	1133
1874	1134
1874	1140
1874	1144
1874	1149
1874	1151
1874	1153
1874	1167
1874	1179
1874	1180
1874	1193
1874	1194
1874	1200
1874	1203
1874	1214
1874	1218
1874	1229
1874	1256
1874	1258
1874	1268
1874	1269
1874	1276
1874	1278
1874	1285
1874	1286
1874	1299
1874	1309
1874	1319
1874	1320
1874	1323
1874	1336
1874	1347
1874	1353
1874	1354
1874	1361
1874	1362
1874	1369
1874	1387
1874	1399
1874	1402
1874	1408
1874	1420
1874	1422
1874	1430
1874	1440
1874	1465
1874	1467
1874	1468
1874	1469
1874	1472
1874	1481
1874	1482
1874	1487
1874	1488
1874	1493
1874	1494
1874	1497
1874	1499
1874	1501
1874	1505
1874	1506
1874	1510
1874	1522
1874	1523
1874	1524
1874	1539
1874	1541
1874	1543
1874	1547
1874	1549
1874	1550
1874	1557
1874	1559
1874	1565
1874	1566
1874	1570
1874	1576
1874	1580
1874	1581
1874	1586
1874	1587
1874	1592
1874	1604
1874	1616
1874	1625
1874	1644
1874	1645
1874	1662
1874	1669
1874	1670
1874	1677
1874	1680
1874	1681
1874	1684
1874	1688
1874	1689
1874	1712
1874	1715
1874	1727
1874	1731
1874	1742
1874	1751
1874	1754
1874	1767
1874	1768
1874	1770
1874	1776
1874	1778
1874	1792
1874	1794
1874	1807
1874	1808
1874	1814
1874	1818
1874	1829
1874	1833
1874	1839
1874	1843
1874	1844
1874	1848
1874	1854
1874	1869
1874	1874
1874	1878
1874	1892
1874	1894
1874	1899
1874	1903
1874	1906
1874	1911
1874	1925
1874	1927
1874	1930
1874	1934
1874	1962
1874	1963
1874	1974
1874	1976
1874	1984
1874	1987
1874	1988
1874	1998
1874	2002
1874	2011
1874	2012
1875	1706
1876	118
1876	208
1876	262
1876	279
1876	282
1876	453
1876	476
1876	529
1876	616
1876	630
1876	691
1876	702
1876	713
1876	869
1876	884
1876	1066
1876	1091
1876	1175
1876	1234
1876	1272
1876	1287
1876	1435
1876	1601
1876	1619
1876	1669
1876	1709
1876	1738
1876	1813
1876	1839
1876	1906
1876	1914
1876	1952
1876	2006
1877	1706
1878	24
1878	203
1878	257
1878	306
1878	329
1878	410
1878	412
1878	419
1878	453
1878	465
1878	794
1878	817
1878	852
1878	999
1878	1179
1878	1586
1878	1587
1878	1669
1878	1674
1878	1768
1878	1770
1878	1792
1878	1874
1878	1878
1878	1974
1878	1987
1879	1706
1880	453
1880	624
1880	713
1880	1159
1880	1669
1881	453
1881	630
1881	691
1881	1120
1881	1192
1881	1277
1881	1377
1881	1426
1881	1669
1882	453
1882	993
1882	1669
1882	1874
1883	1706
1884	1701
1885	1377
1886	1377
1890	1706
1891	1874
1894	34
1894	92
1894	411
1894	511
1894	536
1894	585
1894	841
1894	852
1894	943
1894	999
1894	1144
1894	1151
1894	1198
1894	1258
1894	1278
1894	1369
1894	1440
1894	1501
1894	1522
1894	1844
1894	1874
1894	1899
1894	1963
1894	1974
1894	1992
1894	1998
1894	2011
1896	1277
1897	412
1897	829
1897	1874
1897	1930
1900	246
1902	1669
1904	1669
1906	140
1906	246
1906	248
1906	253
1906	329
1906	386
1906	393
1906	425
1906	449
1906	453
1906	466
1906	572
1906	730
1906	882
1906	895
1906	993
1906	1018
1906	1039
1906	1114
1906	1118
1906	1159
1906	1187
1906	1287
1906	1306
1906	1365
1906	1372
1906	1377
1906	1389
1906	1424
1906	1500
1906	1550
1906	1594
1906	1669
1906	1874
1906	1876
1906	1906
1906	1913
1908	895
1909	1874
1911	186
1911	283
1911	1706
1912	15
1912	203
1912	350
1912	375
1912	459
1912	999
1912	1208
1912	1258
1912	1278
1912	1383
1912	1505
1912	1586
1912	1768
1912	1874
1912	1987
1914	1287
1914	1876
1918	453
1918	1159
1918	1520
1920	396
1920	993
1922	246
1922	895
1922	1288
1922	1952
1927	203
1927	457
1927	535
1927	1144
1927	1768
1927	1874
1930	3
1930	203
1930	412
1930	817
1930	1047
1930	1258
1930	1590
1930	1751
1930	1768
1930	1874
1931	1701
1932	1874
1934	1706
1934	1874
1938	699
1941	702
1942	217
1942	943
1942	1151
1942	1522
1942	1942
1942	1998
1944	1669
1945	1706
1948	453
1953	1953
1954	1159
1955	453
1955	2027
1957	453
1957	1874
1957	1952
1958	1669
1959	1669
1961	1669
1963	21
1963	22
1963	39
1963	104
1963	120
1963	203
1963	217
1963	350
1963	411
1963	419
1963	511
1963	539
1963	690
1963	852
1963	869
1963	999
1963	1258
1963	1278
1963	1323
1963	1522
1963	1576
1963	1586
1963	1669
1963	1680
1963	1751
1963	1767
1963	1770
1963	1833
1963	1839
1963	1874
1963	1899
1963	1974
1963	1998
1964	1159
1967	1669
1970	453
1972	246
1974	21
1974	34
1974	47
1974	104
1974	217
1974	403
1974	411
1974	429
1974	511
1974	536
1974	585
1974	737
1974	852
1974	903
1974	999
1974	1073
1974	1080
1974	1144
1974	1179
1974	1194
1974	1198
1974	1258
1974	1278
1974	1309
1974	1369
1974	1380
1974	1430
1974	1440
1974	1453
1974	1522
1974	1634
1974	1782
1974	1833
1974	1844
1974	1874
1974	1894
1974	1899
1974	1963
1974	1974
1974	1995
1974	1998
1975	1274
1977	1706
1979	1155
1981	1669
1983	1159
1984	1
1984	1874
1987	31
1987	153
1987	329
1987	412
1987	419
1987	453
1987	465
1987	511
1987	683
1987	732
1987	794
1987	798
1987	817
1987	824
1987	852
1987	999
1987	1179
1987	1258
1987	1587
1987	1669
1987	1670
1987	1768
1987	1792
1987	1874
1987	1878
1987	1927
1987	1966
1988	1440
1988	1874
1989	1706
1989	1989
1990	4
1990	1258
1990	1805
1992	45
1992	217
1992	403
1992	585
1992	605
1992	723
1992	737
1992	903
1992	999
1992	1144
1992	1194
1992	1198
1992	1239
1992	1258
1992	1278
1992	1369
1992	1380
1992	1440
1992	1501
1992	1580
1992	1858
1992	1894
1992	1992
1992	1998
1994	132
1994	895
1995	1144
1995	1198
1996	825
1998	21
1998	25
1998	34
1998	45
1998	96
1998	104
1998	153
1998	184
1998	217
1998	265
1998	411
1998	412
1998	457
1998	511
1998	536
1998	585
1998	714
1998	824
1998	828
1998	841
1998	852
1998	903
1998	943
1998	965
1998	992
1998	999
1998	1110
1998	1144
1998	1151
1998	1198
1998	1258
1998	1269
1998	1278
1998	1369
1998	1380
1998	1440
1998	1467
1998	1501
1998	1522
1998	1580
1998	1586
1998	1587
1998	1663
1998	1833
1998	1844
1998	1854
1998	1874
1998	1894
1998	1899
1998	1903
1998	1942
1998	1963
1998	1974
1998	1987
1999	1
2000	1159
2002	1874
2006	453
2006	895
2006	1287
2006	1876
2007	1874
2009	1952
2010	1377
2010	1669
2013	1159
2020	246
2021	1669
2024	547
2026	1377
2027	56
2027	146
2027	155
2027	245
2027	329
2027	453
2027	630
2027	691
2027	702
2027	713
2027	869
2027	895
2027	1277
2027	1287
2027	1426
2027	1430
2027	1510
2027	1669
2027	1743
2027	1768
2027	1955
2028	453
