1	16	0.1
1	27	0.1
1	46	0.1
1	49	0.1
1	52	0.1
1	123	0.1
1	242	0.1
1	254	0.1
1	264	0.1
1	278	0.1
1	294	0.1
1	314	0.1
1	317	0.1
1	325	0.1
1	350	0.1
1	352	0.1
1	384	0.1
1	411	0.1
1	448	0.1
1	451	0.1
1	453	0.1
1	455	0.1
1	525	0.1
1	526	0.1
1	530	0.1
1	551	0.1
1	552	0.1
1	559	0.1
1	600	0.1
1	612	0.1
1	617	0.1
1	623	0.1
1	644	0.1
1	652	0.1
1	654	0.1
1	664	0.1
1	686	0.1
1	722	0.1
1	742	0.1
1	752	0.1
1	758	0.1
1	770	0.1
1	771	0.1
1	950	0.1
1	967	0.1
1	993	0.1
1	1028	0.1
1	1075	0.1
1	1176	0.1
1	1225	0.1
1	1235	0.1
1	1247	0.1
1	1255	0.1
1	1258	0.1
1	1260	0.1
1	1283	0.1
1	1285	0.1
1	1287	0.1
1	1316	0.1
1	1375	0.1
1	1391	0.1
1	1431	0.1
1	1438	0.1
1	1448	0.1
1	1475	0.1
1	1496	0.1
1	1509	0.1
1	1530	0.1
1	1534	0.1
1	1593	0.1
1	1606	0.1
1	1643	0.1
1	1646	0.1
1	1669	0.1
1	1696	0.1
1	1716	0.1
1	1719	0.1
1	1726	0.1
1	1732	0.1
1	1751	0.1
1	1765	0.1
1	1766	0.1
1	1817	0.1
1	1824	0.1
1	1833	0.1
1	1835	0.1
1	1836	0.1
1	1849	0.1
1	1874	0.1
1	1892	0.1
1	1943	0.1
1	1969	0.1
1	1982	0.1
1	1985	0.1
1	2022	0.1
1	2029	0.1
2	895	0.1
5	1159	0.1
10	1874	0.1
12	465	0.1
12	511	0.1
12	999	0.1
12	1179	0.1
12	1440	0.1
12	1587	0.1
12	1670	0.1
12	1792	0.1
12	1874	0.1
13	1792	0.1
13	1874	0.1
17	993	0.1
20	963	0.1
24	31	0.1
24	429	0.1
24	511	0.1
24	526	0.1
24	735	0.1
24	829	0.1
24	999	0.1
24	1278	0.1
24	1549	0.1
24	1663	0.1
24	1874	0.1
25	34	0.1
25	265	0.1
25	585	0.1
25	841	0.1
25	999	0.1
25	1144	0.1
25	1151	0.1
25	1258	0.1
25	1580	0.1
25	1899	0.1
25	1998	0.1
26	1669	0.1
29	246	0.1
29	1669	0.1
32	1706	0.1
33	278	0.1
34	25	0.1
34	217	0.1
34	403	0.1
34	605	0.1
34	627	0.1
34	737	0.1
34	852	0.1
34	903	0.1
34	939	0.1
34	1144	0.1
34	1194	0.1
34	1198	0.1
34	1258	0.1
34	1380	0.1
34	1453	0.1
34	1580	0.1
34	1782	0.1
34	1854	0.1
34	1874	0.1
34	1899	0.1
34	1974	0.1
34	1992	0.1
34	1995	0.1
34	1998	0.1
38	12	0.1
38	794	0.1
38	993	0.1
38	1440	0.1
38	1669	0.1
43	566	0.1
45	25	0.1
45	34	0.1
45	585	0.1
45	939	0.1
45	1144	0.1
45	1198	0.1
45	1291	0.1
45	1580	0.1
45	1782	0.1
50	1274	0.1
50	1667	0.1
53	1669	0.1
55	1258	0.1
55	1874	0.1
58	993	0.1
59	1952	0.1
63	1060	0.1
65	1669	0.1
67	1874	0.1
68	1669	0.1
69	278	0.1
71	1874	0.1
76	466	0.1
76	1018	0.1
76	1669	0.1
78	1701	0.1
79	1706	0.1
81	1669	0.1
82	1701	0.1
84	15	0.1
84	203	0.1
84	350	0.1
84	829	0.1
84	1258	0.1
84	1563	0.1
84	1706	0.1
84	1768	0.1
84	1833	0.1
84	1874	0.1
84	1997	0.1
86	1669	0.1
87	1159	0.1
90	90	0.1
90	511	0.1
90	585	0.1
90	1369	0.1
90	1874	0.1
92	403	0.1
92	723	0.1
92	1144	0.1
92	1198	0.1
92	1291	0.1
92	1380	0.1
92	1440	0.1
92	1580	0.1
92	1894	0.1
92	1992	0.1
92	1998	0.1
93	853	0.1
93	1839	0.1
93	1874	0.1
97	453	0.1
97	1277	0.1
98	278	0.1
98	470	0.1
98	702	0.1
98	727	0.1
98	1629	0.1
99	1706	0.1
101	246	0.1
103	246	0.1
106	691	0.1
107	895	0.1
108	1144	0.1
110	246	0.1
116	1669	0.1
118	1287	0.1
120	120	0.1
120	1669	0.1
122	993	0.1
122	1857	0.1
124	895	0.1
127	1669	0.1
128	1706	0.1
129	1159	0.1
131	1	0.1
133	1706	0.1
134	1874	0.1
135	691	0.1
137	1159	0.1
137	1706	0.1
142	453	0.1
142	713	0.1
142	1159	0.1
142	1277	0.1
143	1669	0.1
144	278	0.1
145	1287	0.1
146	1743	0.1
148	511	0.1
148	795	0.1
148	1253	0.1
148	1706	0.1
148	1874	0.1
149	829	0.1
149	861	0.1
149	1874	0.1
151	93	0.1
151	203	0.1
151	350	0.1
151	436	0.1
151	462	0.1
151	795	0.1
151	1586	0.1
151	1751	0.1
151	1801	0.1
151	1874	0.1
155	56	0.1
155	453	0.1
155	869	0.1
155	898	0.1
155	993	0.1
155	1277	0.1
155	1287	0.1
155	1619	0.1
155	1669	0.1
155	1839	0.1
155	2027	0.1
156	1874	0.1
157	1706	0.1
158	1706	0.1
158	1768	0.1
159	575	0.1
161	1706	0.1
163	1874	0.1
164	1706	0.1
165	511	0.1
165	852	0.1
165	869	0.1
165	999	0.1
165	1258	0.1
165	1669	0.1
165	1674	0.1
167	547	0.1
175	453	0.1
176	691	0.1
178	453	0.1
179	453	0.1
179	1159	0.1
180	547	0.1
181	453	0.1
182	511	0.1
182	756	0.1
183	1669	0.1
185	1159	0.1
185	1952	0.1
190	227	0.1
192	1669	0.1
193	1701	0.1
200	902	0.1
201	1839	0.1
202	1669	0.1
203	84	0.1
203	151	0.1
203	350	0.1
203	412	0.1
203	419	0.1
203	535	0.1
203	539	0.1
203	829	0.1
203	853	0.1
203	1080	0.1
203	1258	0.1
203	1303	0.1
203	1387	0.1
203	1576	0.1
203	1586	0.1
203	1669	0.1
203	1751	0.1
203	1768	0.1
203	1833	0.1
203	1874	0.1
203	1927	0.1
205	453	0.1
205	713	0.1
206	547	0.1
206	1159	0.1
206	1701	0.1
209	453	0.1
209	895	0.1
211	211	0.1
211	1874	0.1
214	1669	0.1
216	1706	0.1
217	153	0.1
217	177	0.1
217	403	0.1
217	411	0.1
217	511	0.1
217	536	0.1
217	585	0.1
217	841	0.1
217	852	0.1
217	943	0.1
217	999	0.1
217	1144	0.1
217	1151	0.1
217	1258	0.1
217	1269	0.1
217	1278	0.1
217	1369	0.1
217	1440	0.1
217	1457	0.1
217	1522	0.1
217	1833	0.1
217	1854	0.1
217	1858	0.1
217	1874	0.1
217	1899	0.1
217	1942	0.1
217	1963	0.1
217	1974	0.1
217	1987	0.1
217	1998	0.1
219	795	0.1
219	1874	0.1
220	56	0.1
220	1120	0.1
220	1795	0.1
222	1727	0.1
223	1159	0.1
226	1159	0.1
228	1159	0.1
229	227	0.1
229	1258	0.1
229	1874	0.1
230	895	0.1
232	1669	0.1
234	1874	0.1
238	1706	0.1
241	1377	0.1
245	245	0.1
245	278	0.1
245	329	0.1
245	410	0.1
245	453	0.1
245	1058	0.1
245	1287	0.1
245	1587	0.1
245	1669	0.1
245	1768	0.1
245	1906	0.1
245	1987	0.1
247	247	0.1
247	1669	0.1
248	76	0.1
248	253	0.1
248	466	0.1
248	1187	0.1
248	1389	0.1
248	1669	0.1
248	1906	0.1
248	2027	0.1
249	453	0.1
250	713	0.1
251	1440	0.1
251	1533	0.1
251	1706	0.1
251	1874	0.1
252	1	0.1
256	246	0.1
256	895	0.1
259	1377	0.1
260	701	0.1
263	1159	0.1
265	536	0.1
265	1471	0.1
265	1998	0.1
266	266	0.1
267	1377	0.1
271	246	0.1
272	272	0.1
272	605	0.1
272	852	0.1
272	939	0.1
272	1144	0.1
272	1198	0.1
272	1440	0.1
272	1874	0.1
274	1669	0.1
275	275	0.1
277	1144	0.1
278	33	0.1
278	98	0.1
278	144	0.1
278	162	0.1
278	245	0.1
278	383	0.1
278	415	0.1
278	441	0.1
278	453	0.1
278	470	0.1
278	480	0.1
278	560	0.1
278	702	0.1
278	713	0.1
278	808	0.1
278	869	0.1
278	898	0.1
278	900	0.1
278	1058	0.1
278	1154	0.1
278	1178	0.1
278	1213	0.1
278	1317	0.1
278	1601	0.1
278	1619	0.1
278	1629	0.1
278	1669	0.1
278	1762	0.1
278	1838	0.1
278	1851	0.1
279	453	0.1
279	691	0.1
279	713	0.1
279	895	0.1
279	1287	0.1
281	1874	0.1
282	1287	0.1
283	1874	0.1
284	1874	0.1
286	1669	0.1
287	1706	0.1
288	999	0.1
288	1477	0.1
291	1287	0.1
292	453	0.1
292	1277	0.1
293	453	0.1
293	713	0.1
293	1669	0.1
293	1813	0.1
295	999	0.1
295	1278	0.1
295	1874	0.1
301	301	0.1
301	1874	0.1
303	1874	0.1
308	1706	0.1
309	1669	0.1
310	246	0.1
312	1258	0.1
312	1684	0.1
312	1874	0.1
315	1701	0.1
318	1	0.1
322	1669	0.1
324	1701	0.1
324	1952	0.1
329	203	0.1
329	329	0.1
329	350	0.1
329	410	0.1
329	453	0.1
329	895	0.1
329	943	0.1
329	999	0.1
329	1258	0.1
329	1550	0.1
329	1601	0.1
329	1669	0.1
329	1768	0.1
329	1874	0.1
329	1906	0.1
329	1987	0.1
329	2027	0.1
330	1669	0.1
331	246	0.1
331	547	0.1
331	1701	0.1
332	1159	0.1
339	1144	0.1
339	1874	0.1
339	1974	0.1
341	56	0.1
341	547	0.1
341	1377	0.1
341	1669	0.1
341	1701	0.1
341	1706	0.1
342	453	0.1
344	585	0.1
344	737	0.1
344	1144	0.1
344	1974	0.1
344	1998	0.1
346	1706	0.1
347	1874	0.1
350	15	0.1
350	84	0.1
350	151	0.1
350	166	0.1
350	203	0.1
350	360	0.1
350	379	0.1
350	436	0.1
350	492	0.1
350	535	0.1
350	539	0.1
350	584	0.1
350	603	0.1
350	829	0.1
350	832	0.1
350	853	0.1
350	895	0.1
350	918	0.1
350	1061	0.1
350	1258	0.1
350	1486	0.1
350	1539	0.1
350	1563	0.1
350	1576	0.1
350	1586	0.1
350	1639	0.1
350	1706	0.1
350	1751	0.1
350	1768	0.1
350	1833	0.1
350	1839	0.1
350	1874	0.1
350	1912	0.1
350	1963	0.1
351	453	0.1
353	246	0.1
353	453	0.1
353	547	0.1
353	1952	0.1
354	1669	0.1
356	1669	0.1
357	1669	0.1
359	329	0.1
359	453	0.1
359	476	0.1
359	576	0.1
359	702	0.1
359	799	0.1
359	869	0.1
359	895	0.1
359	1159	0.1
359	1192	0.1
359	1277	0.1
359	1306	0.1
359	1536	0.1
359	1550	0.1
359	1768	0.1
359	1976	0.1
359	1987	0.1
362	412	0.1
362	453	0.1
362	511	0.1
362	1258	0.1
362	1465	0.1
362	1768	0.1
362	1874	0.1
363	80	0.1
363	511	0.1
363	547	0.1
363	1159	0.1
363	1287	0.1
363	1306	0.1
363	1377	0.1
363	1444	0.1
363	1611	0.1
363	1706	0.1
363	1874	0.1
367	1159	0.1
367	1706	0.1
369	453	0.1
369	1277	0.1
370	1706	0.1
370	1874	0.1
371	453	0.1
373	895	0.1
376	1258	0.1
376	1369	0.1
376	1706	0.1
376	1874	0.1
379	350	0.1
379	1874	0.1
383	511	0.1
383	730	0.1
383	1669	0.1
383	1839	0.1
389	1377	0.1
390	297	0.1
390	780	0.1
390	795	0.1
390	984	0.1
390	1501	0.1
390	1697	0.1
390	1887	0.1
390	1907	0.1
391	1287	0.1
394	1669	0.1
396	993	0.1
396	1920	0.1
397	453	0.1
399	453	0.1
403	34	0.1
403	999	0.1
403	1144	0.1
403	1198	0.1
403	1580	0.1
403	1858	0.1
403	1995	0.1
403	1998	0.1
405	1669	0.1
406	278	0.1
407	1669	0.1
410	1669	0.1
411	21	0.1
411	217	0.1
411	429	0.1
411	465	0.1
411	511	0.1
411	614	0.1
411	633	0.1
411	817	0.1
411	852	0.1
411	930	0.1
411	999	0.1
411	1144	0.1
411	1258	0.1
411	1278	0.1
411	1390	0.1
411	1440	0.1
411	1522	0.1
411	1586	0.1
411	1743	0.1
411	1751	0.1
411	1792	0.1
411	1807	0.1
411	1833	0.1
411	1874	0.1
411	1899	0.1
411	1963	0.1
411	1974	0.1
411	1998	0.1
412	84	0.1
412	119	0.1
412	153	0.1
412	197	0.1
412	203	0.1
412	306	0.1
412	362	0.1
412	412	0.1
412	420	0.1
412	453	0.1
412	457	0.1
412	465	0.1
412	511	0.1
412	539	0.1
412	579	0.1
412	585	0.1
412	668	0.1
412	829	0.1
412	999	0.1
412	1080	0.1
412	1214	0.1
412	1258	0.1
412	1278	0.1
412	1465	0.1
412	1586	0.1
412	1669	0.1
412	1717	0.1
412	1767	0.1
412	1768	0.1
412	1770	0.1
412	1792	0.1
412	1874	0.1
412	1892	0.1
412	1906	0.1
412	1963	0.1
412	1997	0.1
415	671	0.1
415	831	0.1
415	1092	0.1
418	511	0.1
418	1576	0.1
419	153	0.1
419	412	0.1
419	465	0.1
419	628	0.1
419	683	0.1
419	794	0.1
419	817	0.1
419	852	0.1
419	1179	0.1
419	1258	0.1
419	1278	0.1
419	1587	0.1
419	1768	0.1
419	1792	0.1
419	1839	0.1
419	1874	0.1
419	1987	0.1
420	412	0.1
420	420	0.1
420	1706	0.1
420	1874	0.1
421	895	0.1
422	246	0.1
424	105	0.1
424	453	0.1
424	463	0.1
424	569	0.1
424	869	0.1
426	453	0.1
428	1706	0.1
430	246	0.1
430	1669	0.1
430	1952	0.1
432	993	0.1
432	1377	0.1
432	1706	0.1
432	1952	0.1
433	1669	0.1
435	1500	0.1
437	1874	0.1
438	1669	0.1
441	278	0.1
441	1407	0.1
441	1629	0.1
442	829	0.1
442	1874	0.1
444	1159	0.1
446	246	0.1
447	1669	0.1
453	14	0.1
453	56	0.1
453	97	0.1
453	142	0.1
453	153	0.1
453	155	0.1
453	178	0.1
453	179	0.1
453	195	0.1
453	205	0.1
453	278	0.1
453	292	0.1
453	329	0.1
453	330	0.1
453	359	0.1
453	369	0.1
453	412	0.1
453	488	0.1
453	494	0.1
453	547	0.1
453	583	0.1
453	630	0.1
453	691	0.1
453	702	0.1
453	713	0.1
453	734	0.1
453	760	0.1
453	849	0.1
453	869	0.1
453	895	0.1
453	902	0.1
453	928	0.1
453	938	0.1
453	948	0.1
453	991	0.1
453	993	0.1
453	994	0.1
453	998	0.1
453	1039	0.1
453	1076	0.1
453	1082	0.1
453	1184	0.1
453	1186	0.1
453	1192	0.1
453	1195	0.1
453	1258	0.1
453	1267	0.1
453	1277	0.1
453	1287	0.1
453	1337	0.1
453	1405	0.1
453	1480	0.1
453	1484	0.1
453	1503	0.1
453	1510	0.1
453	1520	0.1
453	1541	0.1
453	1550	0.1
453	1576	0.1
453	1586	0.1
453	1587	0.1
453	1601	0.1
453	1619	0.1
453	1629	0.1
453	1669	0.1
453	1690	0.1
453	1748	0.1
453	1768	0.1
453	1780	0.1
453	1792	0.1
453	1813	0.1
453	1831	0.1
453	1852	0.1
453	1874	0.1
453	1876	0.1
453	1880	0.1
453	1881	0.1
453	1918	0.1
453	1948	0.1
453	1956	0.1
453	1987	0.1
453	2027	0.1
454	1706	0.1
456	1706	0.1
457	21	0.1
457	412	0.1
457	511	0.1
457	711	0.1
457	899	0.1
457	999	0.1
457	1009	0.1
457	1144	0.1
457	1258	0.1
457	1369	0.1
457	1522	0.1
457	1587	0.1
457	1768	0.1
457	1833	0.1
457	1874	0.1
457	1927	0.1
457	1974	0.1
457	1998	0.1
459	1159	0.1
460	278	0.1
461	1874	0.1
462	1258	0.1
462	1706	0.1
465	306	0.1
465	383	0.1
465	412	0.1
465	511	0.1
465	526	0.1
465	628	0.1
465	817	0.1
465	1011	0.1
465	1179	0.1
465	1440	0.1
465	1670	0.1
465	1743	0.1
465	1770	0.1
465	1792	0.1
465	1874	0.1
465	2027	0.1
466	76	0.1
466	1365	0.1
466	1372	0.1
466	1669	0.1
466	1906	0.1
467	1706	0.1
471	1874	0.1
473	1874	0.1
474	246	0.1
475	1	0.1
475	392	0.1
475	963	0.1
475	1939	0.1
476	203	0.1
476	329	0.1
476	691	0.1
476	855	0.1
476	869	0.1
476	993	0.1
476	1287	0.1
476	1550	0.1
476	1669	0.1
476	1748	0.1
476	1768	0.1
476	1987	0.1
478	1906	0.1
479	90	0.1
479	151	0.1
479	165	0.1
479	210	0.1
479	266	0.1
479	272	0.1
479	383	0.1
479	412	0.1
479	419	0.1
479	465	0.1
479	511	0.1
479	556	0.1
479	558	0.1
479	585	0.1
479	599	0.1
479	666	0.1
479	690	0.1
479	713	0.1
479	794	0.1
479	852	0.1
479	999	0.1
479	1241	0.1
479	1430	0.1
479	1510	0.1
479	1523	0.1
479	1586	0.1
479	1587	0.1
479	1652	0.1
479	1669	0.1
479	1670	0.1
479	1674	0.1
479	1731	0.1
479	1767	0.1
479	1839	0.1
479	1874	0.1
479	1878	0.1
479	1911	0.1
479	1987	0.1
480	808	0.1
481	1706	0.1
481	1874	0.1
482	1669	0.1
483	895	0.1
485	387	0.1
485	526	0.1
485	1499	0.1
486	1669	0.1
486	1966	0.1
488	453	0.1
489	1874	0.1
490	1669	0.1
493	1377	0.1
494	453	0.1
495	1706	0.1
496	1669	0.1
497	246	0.1
498	246	0.1
498	547	0.1
498	895	0.1
498	1159	0.1
498	1701	0.1
498	1706	0.1
498	1952	0.1
499	1669	0.1
500	1159	0.1
501	1669	0.1
505	246	0.1
510	1440	0.1
510	1988	0.1
511	12	0.1
511	14	0.1
511	21	0.1
511	24	0.1
511	25	0.1
511	47	0.1
511	71	0.1
511	90	0.1
511	104	0.1
511	120	0.1
511	148	0.1
511	151	0.1
511	165	0.1
511	177	0.1
511	182	0.1
511	203	0.1
511	217	0.1
511	266	0.1
511	272	0.1
511	301	0.1
511	306	0.1
511	329	0.1
511	410	0.1
511	411	0.1
511	412	0.1
511	418	0.1
511	419	0.1
511	453	0.1
511	457	0.1
511	464	0.1
511	465	0.1
511	479	0.1
511	511	0.1
511	526	0.1
511	558	0.1
511	565	0.1
511	585	0.1
511	599	0.1
511	626	0.1
511	641	0.1
511	668	0.1
511	690	0.1
511	713	0.1
511	756	0.1
511	794	0.1
511	817	0.1
511	824	0.1
511	829	0.1
511	852	0.1
511	890	0.1
511	898	0.1
511	963	0.1
511	980	0.1
511	992	0.1
511	999	0.1
511	1019	0.1
511	1073	0.1
511	1080	0.1
511	1120	0.1
511	1144	0.1
511	1179	0.1
511	1231	0.1
511	1241	0.1
511	1258	0.1
511	1278	0.1
511	1309	0.1
511	1323	0.1
511	1342	0.1
511	1369	0.1
511	1430	0.1
511	1434	0.1
511	1440	0.1
511	1467	0.1
511	1501	0.1
511	1510	0.1
511	1522	0.1
511	1576	0.1
511	1586	0.1
511	1587	0.1
511	1670	0.1
511	1688	0.1
511	1712	0.1
511	1743	0.1
511	1751	0.1
511	1767	0.1
511	1792	0.1
511	1833	0.1
511	1839	0.1
511	1874	0.1
511	1894	0.1
511	1899	0.1
511	1963	0.1
511	1974	0.1
511	1976	0.1
511	1987	0.1
511	1998	0.1
511	2011	0.1
513	1874	0.1
515	1669	0.1
517	517	0.1
520	56	0.1
520	246	0.1
521	511	0.1
521	594	0.1
521	1440	0.1
521	1471	0.1
521	1702	0.1
521	1874	0.1
522	1895	0.1
523	1669	0.1
526	1499	0.1
526	1874	0.1
529	895	0.1
529	1876	0.1
531	993	0.1
531	1701	0.1
532	547	0.1
533	1874	0.1
534	1874	0.1
535	203	0.1
535	350	0.1
535	539	0.1
535	829	0.1
535	853	0.1
535	1258	0.1
535	1586	0.1
535	1685	0.1
535	1727	0.1
535	1768	0.1
535	1833	0.1
535	1839	0.1
535	1874	0.1
535	1963	0.1
539	166	0.1
539	203	0.1
539	350	0.1
539	362	0.1
539	535	0.1
539	584	0.1
539	585	0.1
539	687	0.1
539	829	0.1
539	918	0.1
539	999	0.1
539	1258	0.1
539	1563	0.1
539	1586	0.1
539	1727	0.1
539	1767	0.1
539	1768	0.1
539	1792	0.1
539	1833	0.1
539	1839	0.1
539	1874	0.1
539	1963	0.1
540	1258	0.1
540	1874	0.1
541	1874	0.1
542	1287	0.1
542	1538	0.1
545	895	0.1
546	246	0.1
547	453	0.1
547	607	0.1
547	801	0.1
547	968	0.1
547	1521	0.1
547	1631	0.1
547	1840	0.1
548	1874	0.1
549	1874	0.1
551	1874	0.1
554	1706	0.1
560	547	0.1
563	1190	0.1
564	1706	0.1
567	1	0.1
569	424	0.1
569	453	0.1
569	869	0.1
573	278	0.1
577	1190	0.1
580	1258	0.1
580	1874	0.1
582	1258	0.1
583	453	0.1
585	12	0.1
585	21	0.1
585	25	0.1
585	34	0.1
585	84	0.1
585	119	0.1
585	120	0.1
585	155	0.1
585	165	0.1
585	211	0.1
585	217	0.1
585	278	0.1
585	344	0.1
585	362	0.1
585	411	0.1
585	412	0.1
585	434	0.1
585	453	0.1
585	457	0.1
585	479	0.1
585	511	0.1
585	556	0.1
585	558	0.1
585	574	0.1
585	579	0.1
585	585	0.1
585	668	0.1
585	827	0.1
585	829	0.1
585	852	0.1
585	904	0.1
585	999	0.1
585	1019	0.1
585	1120	0.1
585	1144	0.1
585	1198	0.1
585	1214	0.1
585	1241	0.1
585	1258	0.1
585	1278	0.1
585	1323	0.1
585	1369	0.1
585	1380	0.1
585	1402	0.1
585	1430	0.1
585	1440	0.1
585	1453	0.1
585	1465	0.1
585	1501	0.1
585	1522	0.1
585	1547	0.1
585	1576	0.1
585	1580	0.1
585	1586	0.1
585	1619	0.1
585	1629	0.1
585	1669	0.1
585	1670	0.1
585	1689	0.1
585	1751	0.1
585	1767	0.1
585	1768	0.1
585	1792	0.1
585	1833	0.1
585	1839	0.1
585	1844	0.1
585	1874	0.1
585	1878	0.1
585	1894	0.1
585	1899	0.1
585	1963	0.1
585	1974	0.1
585	1987	0.1
585	1992	0.1
585	1998	0.1
585	2006	0.1
588	246	0.1
590	895	0.1
591	1874	0.1
592	217	0.1
592	841	0.1
593	1952	0.1
594	521	0.1
594	1874	0.1
595	246	0.1
596	596	0.1
598	1669	0.1
599	511	0.1
599	599	0.1
601	1952	0.1
603	203	0.1
603	1833	0.1
603	1874	0.1
605	45	0.1
605	1144	0.1
605	1198	0.1
605	1291	0.1
608	547	0.1
609	1706	0.1
610	1669	0.1
614	411	0.1
614	1874	0.1
615	795	0.1
615	1258	0.1
615	1706	0.1
615	1874	0.1
616	1876	0.1
616	1952	0.1
618	1701	0.1
620	203	0.1
620	329	0.1
620	350	0.1
620	412	0.1
620	453	0.1
620	732	0.1
620	841	0.1
620	852	0.1
620	999	0.1
620	1047	0.1
620	1258	0.1
620	1586	0.1
620	1768	0.1
620	1874	0.1
620	1987	0.1
621	895	0.1
622	622	0.1
625	1669	0.1
626	148	0.1
626	511	0.1
626	999	0.1
626	1258	0.1
626	1874	0.1
628	465	0.1
628	1011	0.1
629	1440	0.1
629	1874	0.1
630	453	0.1
630	691	0.1
630	702	0.1
630	713	0.1
630	895	0.1
630	1277	0.1
630	1287	0.1
630	1550	0.1
630	1669	0.1
630	1876	0.1
630	1881	0.1
631	993	0.1
632	993	0.1
633	1149	0.1
633	1874	0.1
634	141	0.1
634	1669	0.1
638	1706	0.1
642	547	0.1
645	246	0.1
647	1706	0.1
648	246	0.1
649	649	0.1
651	246	0.1
655	1287	0.1
656	656	0.1
656	1144	0.1
656	1194	0.1
656	1501	0.1
656	1782	0.1
658	658	0.1
658	1258	0.1
658	1742	0.1
658	1874	0.1
659	798	0.1
659	1874	0.1
659	1987	0.1
671	831	0.1
673	246	0.1
675	895	0.1
675	1500	0.1
675	1952	0.1
678	701	0.1
678	1440	0.1
678	1874	0.1
679	1706	0.1
682	682	0.1
685	1669	0.1
689	547	0.1
689	1706	0.1
690	603	0.1
690	853	0.1
690	999	0.1
690	1258	0.1
690	1303	0.1
690	1586	0.1
690	1751	0.1
690	1833	0.1
690	1839	0.1
690	1874	0.1
690	1963	0.1
691	56	0.1
691	106	0.1
691	176	0.1
691	205	0.1
691	261	0.1
691	278	0.1
691	279	0.1
691	329	0.1
691	425	0.1
691	453	0.1
691	476	0.1
691	691	0.1
691	702	0.1
691	713	0.1
691	785	0.1
691	855	0.1
691	869	0.1
691	895	0.1
691	993	0.1
691	1277	0.1
691	1287	0.1
691	1495	0.1
691	1523	0.1
691	1550	0.1
691	1629	0.1
691	1669	0.1
691	1830	0.1
691	1839	0.1
691	1919	0.1
691	2027	0.1
693	1701	0.1
696	1701	0.1
697	993	0.1
700	246	0.1
702	48	0.1
702	56	0.1
702	98	0.1
702	155	0.1
702	203	0.1
702	278	0.1
702	329	0.1
702	359	0.1
702	453	0.1
702	476	0.1
702	542	0.1
702	556	0.1
702	630	0.1
702	691	0.1
702	702	0.1
702	713	0.1
702	869	0.1
702	895	0.1
702	993	0.1
702	1277	0.1
702	1287	0.1
702	1363	0.1
702	1526	0.1
702	1550	0.1
702	1586	0.1
702	1601	0.1
702	1619	0.1
702	1629	0.1
702	1669	0.1
702	1691	0.1
702	1768	0.1
702	1839	0.1
702	1876	0.1
702	1956	0.1
702	1987	0.1
702	2027	0.1
703	1874	0.1
705	1159	0.1
706	1874	0.1
707	1952	0.1
709	453	0.1
710	1874	0.1
712	1669	0.1
713	142	0.1
713	151	0.1
713	195	0.1
713	205	0.1
713	278	0.1
713	279	0.1
713	293	0.1
713	453	0.1
713	630	0.1
713	730	0.1
713	819	0.1
713	869	0.1
713	892	0.1
713	895	0.1
713	928	0.1
713	991	0.1
713	1277	0.1
713	1287	0.1
713	1479	0.1
713	1586	0.1
713	1619	0.1
713	1629	0.1
713	1669	0.1
713	1780	0.1
713	1813	0.1
713	1876	0.1
713	1906	0.1
713	1956	0.1
713	2027	0.1
716	1669	0.1
718	1	0.1
718	492	0.1
718	1874	0.1
719	1377	0.1
720	1874	0.1
723	34	0.1
723	217	0.1
723	852	0.1
723	1144	0.1
723	1198	0.1
723	1258	0.1
726	1706	0.1
727	727	0.1
728	329	0.1
728	410	0.1
728	453	0.1
728	1058	0.1
728	1287	0.1
728	1587	0.1
728	1669	0.1
728	1768	0.1
728	1906	0.1
728	1987	0.1
729	251	0.1
730	381	0.1
730	383	0.1
730	507	0.1
730	568	0.1
730	630	0.1
730	713	0.1
730	721	0.1
730	859	0.1
730	1232	0.1
730	1277	0.1
730	1287	0.1
730	1669	0.1
730	1821	0.1
730	1991	0.1
732	1768	0.1
732	1874	0.1
734	453	0.1
734	547	0.1
736	999	0.1
737	14	0.1
737	25	0.1
737	34	0.1
737	45	0.1
737	74	0.1
737	92	0.1
737	108	0.1
737	136	0.1
737	168	0.1
737	196	0.1
737	217	0.1
737	218	0.1
737	272	0.1
737	280	0.1
737	339	0.1
737	344	0.1
737	403	0.1
737	411	0.1
737	457	0.1
737	511	0.1
737	521	0.1
737	553	0.1
737	585	0.1
737	599	0.1
737	605	0.1
737	628	0.1
737	650	0.1
737	717	0.1
737	723	0.1
737	737	0.1
737	827	0.1
737	841	0.1
737	852	0.1
737	873	0.1
737	903	0.1
737	939	0.1
737	955	0.1
737	961	0.1
737	964	0.1
737	999	0.1
737	1064	0.1
737	1084	0.1
737	1129	0.1
737	1144	0.1
737	1179	0.1
737	1194	0.1
737	1239	0.1
737	1258	0.1
737	1269	0.1
737	1278	0.1
737	1291	0.1
737	1295	0.1
737	1331	0.1
737	1380	0.1
737	1409	0.1
737	1432	0.1
737	1440	0.1
737	1453	0.1
737	1467	0.1
737	1501	0.1
737	1522	0.1
737	1532	0.1
737	1578	0.1
737	1580	0.1
737	1587	0.1
737	1597	0.1
737	1608	0.1
737	1652	0.1
737	1737	0.1
737	1782	0.1
737	1791	0.1
737	1845	0.1
737	1854	0.1
737	1874	0.1
737	1894	0.1
737	1927	0.1
737	1936	0.1
737	1942	0.1
737	1963	0.1
737	1974	0.1
737	1995	0.1
737	1998	0.1
739	1706	0.1
740	1706	0.1
741	991	0.1
745	1669	0.1
746	1768	0.1
747	1874	0.1
749	749	0.1
749	1669	0.1
753	1287	0.1
754	1377	0.1
755	268	0.1
757	350	0.1
757	580	0.1
757	1440	0.1
757	1874	0.1
759	1	0.1
760	453	0.1
760	1023	0.1
761	480	0.1
761	547	0.1
761	808	0.1
761	1113	0.1
761	1838	0.1
762	1669	0.1
763	374	0.1
763	895	0.1
763	997	0.1
763	1695	0.1
764	1159	0.1
765	765	0.1
777	453	0.1
778	1159	0.1
782	1377	0.1
784	620	0.1
784	1638	0.1
784	1663	0.1
785	449	0.1
785	453	0.1
787	246	0.1
788	1706	0.1
788	1874	0.1
793	1889	0.1
794	38	0.1
794	278	0.1
794	604	0.1
794	794	0.1
794	806	0.1
794	999	0.1
794	1669	0.1
794	1874	0.1
794	1963	0.1
797	1377	0.1
799	178	0.1
799	453	0.1
800	1874	0.1
802	1874	0.1
803	1669	0.1
805	1159	0.1
806	794	0.1
806	999	0.1
806	1278	0.1
806	1874	0.1
806	1963	0.1
808	761	0.1
810	1874	0.1
811	246	0.1
812	812	0.1
814	1669	0.1
815	815	0.1
817	31	0.1
817	104	0.1
817	217	0.1
817	411	0.1
817	440	0.1
817	841	0.1
817	999	0.1
817	1011	0.1
817	1073	0.1
817	1151	0.1
817	1258	0.1
817	1522	0.1
817	1586	0.1
817	1751	0.1
817	1792	0.1
817	1807	0.1
817	1874	0.1
817	1899	0.1
817	1930	0.1
817	1963	0.1
817	1998	0.1
818	278	0.1
818	818	0.1
819	279	0.1
821	1874	0.1
822	1669	0.1
823	1669	0.1
825	298	0.1
825	895	0.1
825	1996	0.1
826	453	0.1
827	1144	0.1
829	84	0.1
829	149	0.1
829	203	0.1
829	210	0.1
829	350	0.1
829	362	0.1
829	442	0.1
829	511	0.1
829	535	0.1
829	539	0.1
829	585	0.1
829	999	0.1
829	1258	0.1
829	1278	0.1
829	1563	0.1
829	1615	0.1
829	1727	0.1
829	1767	0.1
829	1768	0.1
829	1792	0.1
829	1833	0.1
829	1839	0.1
829	1874	0.1
829	1997	0.1
831	415	0.1
833	513	0.1
833	1258	0.1
833	1874	0.1
834	839	0.1
835	453	0.1
836	246	0.1
836	825	0.1
838	1874	0.1
839	233	0.1
839	453	0.1
839	834	0.1
839	839	0.1
841	25	0.1
841	217	0.1
841	592	0.1
841	683	0.1
841	841	0.1
841	943	0.1
841	999	0.1
841	1110	0.1
841	1144	0.1
841	1148	0.1
841	1151	0.1
841	1258	0.1
841	1473	0.1
841	1522	0.1
841	1587	0.1
841	1669	0.1
841	1874	0.1
841	1894	0.1
841	1942	0.1
841	1998	0.1
847	1669	0.1
848	1377	0.1
849	453	0.1
850	246	0.1
850	869	0.1
852	21	0.1
852	25	0.1
852	31	0.1
852	34	0.1
852	47	0.1
852	96	0.1
852	104	0.1
852	109	0.1
852	165	0.1
852	184	0.1
852	217	0.1
852	411	0.1
852	419	0.1
852	511	0.1
852	536	0.1
852	585	0.1
852	683	0.1
852	817	0.1
852	999	0.1
852	1080	0.1
852	1144	0.1
852	1198	0.1
852	1258	0.1
852	1269	0.1
852	1278	0.1
852	1380	0.1
852	1440	0.1
852	1467	0.1
852	1501	0.1
852	1522	0.1
852	1541	0.1
852	1580	0.1
852	1587	0.1
852	1663	0.1
852	1768	0.1
852	1792	0.1
852	1844	0.1
852	1854	0.1
852	1874	0.1
852	1894	0.1
852	1899	0.1
852	1927	0.1
852	1963	0.1
852	1974	0.1
852	1987	0.1
852	1992	0.1
852	1995	0.1
852	1998	0.1
853	35	0.1
853	93	0.1
853	203	0.1
853	323	0.1
853	350	0.1
853	690	0.1
853	1134	0.1
853	1639	0.1
853	1706	0.1
853	1751	0.1
853	1874	0.1
854	1377	0.1
856	1669	0.1
857	1287	0.1
858	1669	0.1
859	730	0.1
861	149	0.1
861	829	0.1
862	1	0.1
863	350	0.1
863	511	0.1
863	524	0.1
863	852	0.1
863	999	0.1
863	1253	0.1
863	1706	0.1
863	1874	0.1
863	1933	0.1
863	1963	0.1
863	1998	0.1
869	56	0.1
869	155	0.1
869	261	0.1
869	278	0.1
869	424	0.1
869	443	0.1
869	453	0.1
869	476	0.1
869	569	0.1
869	630	0.1
869	691	0.1
869	702	0.1
869	713	0.1
869	817	0.1
869	855	0.1
869	869	0.1
869	895	0.1
869	983	0.1
869	993	0.1
869	1078	0.1
869	1277	0.1
869	1287	0.1
869	1323	0.1
869	1366	0.1
869	1523	0.1
869	1550	0.1
869	1576	0.1
869	1586	0.1
869	1619	0.1
869	1629	0.1
869	1669	0.1
869	1718	0.1
869	1839	0.1
869	1876	0.1
869	1919	0.1
869	1963	0.1
869	2027	0.1
870	1287	0.1
872	1669	0.1
876	1874	0.1
877	1706	0.1
878	1669	0.1
879	1706	0.1
882	80	0.1
882	246	0.1
882	386	0.1
882	449	0.1
882	547	0.1
882	1124	0.1
882	1159	0.1
882	1306	0.1
882	1377	0.1
882	1424	0.1
882	1594	0.1
882	1694	0.1
882	1701	0.1
882	1773	0.1
882	1813	0.1
882	1906	0.1
882	1952	0.1
882	1981	0.1
882	2023	0.1
883	547	0.1
887	1874	0.1
888	1706	0.1
891	1803	0.1
893	1952	0.1
894	1669	0.1
895	2	0.1
895	132	0.1
895	155	0.1
895	209	0.1
895	278	0.1
895	279	0.1
895	329	0.1
895	350	0.1
895	359	0.1
895	373	0.1
895	417	0.1
895	421	0.1
895	435	0.1
895	453	0.1
895	483	0.1
895	590	0.1
895	691	0.1
895	702	0.1
895	713	0.1
895	730	0.1
895	763	0.1
895	820	0.1
895	869	0.1
895	956	0.1
895	1011	0.1
895	1097	0.1
895	1192	0.1
895	1238	0.1
895	1277	0.1
895	1287	0.1
895	1525	0.1
895	1544	0.1
895	1550	0.1
895	1601	0.1
895	1619	0.1
895	1629	0.1
895	1669	0.1
895	1748	0.1
895	1763	0.1
895	1798	0.1
895	1876	0.1
895	1906	0.1
895	1922	0.1
895	1956	0.1
895	1971	0.1
895	1994	0.1
895	1996	0.1
895	2027	0.1
897	1500	0.1
897	1906	0.1
898	547	0.1
898	1205	0.1
898	1377	0.1
898	1444	0.1
898	1490	0.1
902	453	0.1
902	895	0.1
902	1159	0.1
903	34	0.1
903	184	0.1
903	403	0.1
903	605	0.1
903	627	0.1
903	723	0.1
903	737	0.1
903	852	0.1
903	999	0.1
903	1144	0.1
903	1198	0.1
903	1278	0.1
903	1369	0.1
903	1380	0.1
903	1440	0.1
903	1501	0.1
903	1580	0.1
903	1874	0.1
903	1894	0.1
903	1974	0.1
903	1998	0.1
904	1144	0.1
905	146	0.1
905	1510	0.1
905	1556	0.1
905	1650	0.1
905	1691	0.1
907	1706	0.1
908	1874	0.1
910	1669	0.1
911	246	0.1
915	991	0.1
917	1159	0.1
918	350	0.1
918	412	0.1
918	539	0.1
918	1258	0.1
918	1768	0.1
918	1874	0.1
919	246	0.1
921	1701	0.1
922	1706	0.1
922	1874	0.1
925	1287	0.1
927	1701	0.1
928	453	0.1
928	713	0.1
928	1159	0.1
928	1287	0.1
928	1669	0.1
929	575	0.1
930	411	0.1
932	1874	0.1
935	1287	0.1
936	1706	0.1
938	453	0.1
938	1880	0.1
939	272	0.1
939	403	0.1
939	411	0.1
939	511	0.1
939	605	0.1
939	627	0.1
939	723	0.1
939	852	0.1
939	1144	0.1
939	1198	0.1
939	1258	0.1
939	1278	0.1
939	1369	0.1
939	1380	0.1
939	1440	0.1
939	1453	0.1
939	1782	0.1
939	1894	0.1
939	1974	0.1
940	1874	0.1
942	1706	0.1
943	25	0.1
943	217	0.1
943	329	0.1
943	634	0.1
943	817	0.1
943	841	0.1
943	999	0.1
943	1151	0.1
943	1393	0.1
943	1410	0.1
943	1425	0.1
943	1522	0.1
943	1550	0.1
943	1587	0.1
943	1669	0.1
943	1792	0.1
943	1874	0.1
943	1894	0.1
943	1942	0.1
943	1998	0.1
943	2011	0.1
944	1874	0.1
946	1159	0.1
947	1874	0.1
948	365	0.1
949	1874	0.1
952	1669	0.1
953	1669	0.1
954	1706	0.1
956	895	0.1
957	1952	0.1
959	1377	0.1
960	1874	0.1
963	71	0.1
963	511	0.1
963	1839	0.1
969	453	0.1
970	1159	0.1
971	453	0.1
974	1706	0.1
975	1805	0.1
975	1874	0.1
976	1669	0.1
977	895	0.1
979	246	0.1
979	1159	0.1
979	1952	0.1
981	1669	0.1
984	390	0.1
984	1697	0.1
984	1907	0.1
987	547	0.1
987	1159	0.1
987	1377	0.1
989	1287	0.1
990	1287	0.1
991	453	0.1
991	741	0.1
991	895	0.1
991	915	0.1
991	1669	0.1
993	17	0.1
993	38	0.1
993	58	0.1
993	112	0.1
993	122	0.1
993	150	0.1
993	155	0.1
993	213	0.1
993	240	0.1
993	307	0.1
993	327	0.1
993	334	0.1
993	396	0.1
993	453	0.1
993	472	0.1
993	476	0.1
993	519	0.1
993	531	0.1
993	578	0.1
993	631	0.1
993	691	0.1
993	697	0.1
993	702	0.1
993	713	0.1
993	869	0.1
993	909	0.1
993	993	0.1
993	1072	0.1
993	1388	0.1
993	1398	0.1
993	1413	0.1
993	1466	0.1
993	1512	0.1
993	1551	0.1
993	1560	0.1
993	1602	0.1
993	1617	0.1
993	1669	0.1
993	1722	0.1
993	1857	0.1
993	1868	0.1
993	1906	0.1
993	1920	0.1
993	1923	0.1
993	1956	0.1
994	453	0.1
996	1669	0.1
997	763	0.1
998	453	0.1
998	702	0.1
998	1159	0.1
998	1377	0.1
998	1669	0.1
999	12	0.1
999	21	0.1
999	24	0.1
999	34	0.1
999	47	0.1
999	64	0.1
999	90	0.1
999	148	0.1
999	153	0.1
999	165	0.1
999	177	0.1
999	217	0.1
999	257	0.1
999	265	0.1
999	290	0.1
999	403	0.1
999	411	0.1
999	412	0.1
999	429	0.1
999	457	0.1
999	465	0.1
999	479	0.1
999	511	0.1
999	536	0.1
999	585	0.1
999	626	0.1
999	690	0.1
999	723	0.1
999	732	0.1
999	794	0.1
999	806	0.1
999	817	0.1
999	824	0.1
999	841	0.1
999	852	0.1
999	853	0.1
999	863	0.1
999	903	0.1
999	1011	0.1
999	1073	0.1
999	1080	0.1
999	1110	0.1
999	1144	0.1
999	1151	0.1
999	1194	0.1
999	1198	0.1
999	1258	0.1
999	1269	0.1
999	1278	0.1
999	1303	0.1
999	1309	0.1
999	1323	0.1
999	1369	0.1
999	1440	0.1
999	1453	0.1
999	1465	0.1
999	1467	0.1
999	1501	0.1
999	1510	0.1
999	1522	0.1
999	1580	0.1
999	1586	0.1
999	1587	0.1
999	1638	0.1
999	1639	0.1
999	1669	0.1
999	1673	0.1
999	1740	0.1
999	1751	0.1
999	1768	0.1
999	1770	0.1
999	1782	0.1
999	1792	0.1
999	1807	0.1
999	1833	0.1
999	1839	0.1
999	1844	0.1
999	1854	0.1
999	1874	0.1
999	1878	0.1
999	1894	0.1
999	1899	0.1
999	1903	0.1
999	1942	0.1
999	1950	0.1
999	1963	0.1
999	1974	0.1
999	1987	0.1
999	1992	0.1
999	1995	0.1
999	1998	0.1
999	2011	0.1
1000	246	0.1
1000	895	0.1
1003	246	0.1
1006	1669	0.1
1007	278	0.1
1007	547	0.1
1007	1136	0.1
1009	457	0.1
1009	1587	0.1
1009	1874	0.1
1010	1144	0.1
1011	104	0.1
1011	120	0.1
1011	155	0.1
1011	412	0.1
1011	419	0.1
1011	450	0.1
1011	457	0.1
1011	463	0.1
1011	465	0.1
1011	556	0.1
1011	558	0.1
1011	574	0.1
1011	690	0.1
1011	817	0.1
1011	827	0.1
1011	864	0.1
1011	867	0.1
1011	895	0.1
1011	904	0.1
1011	999	0.1
1011	1073	0.1
1011	1120	0.1
1011	1241	0.1
1011	1258	0.1
1011	1278	0.1
1011	1430	0.1
1011	1510	0.1
1011	1523	0.1
1011	1586	0.1
1011	1669	0.1
1011	1670	0.1
1011	1751	0.1
1011	1792	0.1
1011	1839	0.1
1011	1874	0.1
1011	1878	0.1
1011	1919	0.1
1011	1963	0.1
1011	1987	0.1
1011	2006	0.1
1012	453	0.1
1016	895	0.1
1017	1159	0.1
1017	1952	0.1
1018	76	0.1
1018	248	0.1
1018	466	0.1
1018	1669	0.1
1018	1906	0.1
1021	1021	0.1
1022	453	0.1
1022	1955	0.1
1023	453	0.1
1025	1440	0.1
1025	1670	0.1
1025	1874	0.1
1029	1669	0.1
1032	1032	0.1
1033	1669	0.1
1034	502	0.1
1034	1493	0.1
1034	1874	0.1
1037	80	0.1
1037	245	0.1
1037	246	0.1
1037	430	0.1
1037	449	0.1
1037	453	0.1
1037	728	0.1
1037	767	0.1
1037	991	0.1
1037	998	0.1
1037	1058	0.1
1037	1124	0.1
1037	1159	0.1
1037	1195	0.1
1037	1287	0.1
1037	1306	0.1
1037	1377	0.1
1037	1393	0.1
1037	1444	0.1
1037	1550	0.1
1037	1594	0.1
1037	1669	0.1
1037	1694	0.1
1037	1773	0.1
1037	1876	0.1
1037	1952	0.1
1037	1981	0.1
1038	1377	0.1
1039	453	0.1
1039	713	0.1
1039	1159	0.1
1039	1277	0.1
1041	1669	0.1
1043	895	0.1
1044	453	0.1
1045	1669	0.1
1046	1046	0.1
1047	576	0.1
1047	1768	0.1
1047	1874	0.1
1047	1930	0.1
1050	429	0.1
1051	1706	0.1
1053	227	0.1
1054	1874	0.1
1055	1669	0.1
1058	245	0.1
1058	278	0.1
1058	1393	0.1
1059	1906	0.1
1063	246	0.1
1065	289	0.1
1066	1876	0.1
1068	1701	0.1
1076	453	0.1
1077	246	0.1
1079	1005	0.1
1079	1035	0.1
1079	1089	0.1
1079	1763	0.1
1082	453	0.1
1082	1669	0.1
1082	1813	0.1
1085	1287	0.1
1086	1669	0.1
1087	1874	0.1
1091	1287	0.1
1091	1876	0.1
1093	1093	0.1
1095	1159	0.1
1096	1706	0.1
1096	1746	0.1
1097	61	0.1
1097	589	0.1
1097	895	0.1
1097	2016	0.1
1098	895	0.1
1098	1876	0.1
1101	1669	0.1
1102	1258	0.1
1104	1159	0.1
1104	1952	0.1
1105	1159	0.1
1106	1098	0.1
1108	1669	0.1
1109	1874	0.1
1112	453	0.1
1115	246	0.1
1116	1952	0.1
1117	278	0.1
1120	90	0.1
1120	203	0.1
1120	220	0.1
1120	385	0.1
1120	453	0.1
1120	465	0.1
1120	479	0.1
1120	798	0.1
1120	1120	0.1
1120	1287	0.1
1120	1358	0.1
1120	1510	0.1
1120	1576	0.1
1120	1586	0.1
1120	1669	0.1
1120	1768	0.1
1120	1770	0.1
1120	1792	0.1
1120	1874	0.1
1121	547	0.1
1122	453	0.1
1125	282	0.1
1125	1287	0.1
1126	1550	0.1
1126	1669	0.1
1127	453	0.1
1128	1874	0.1
1130	246	0.1
1131	1706	0.1
1133	1874	0.1
1136	278	0.1
1140	40	0.1
1140	1706	0.1
1141	1669	0.1
1143	1669	0.1
1145	246	0.1
1146	1287	0.1
1149	713	0.1
1149	728	0.1
1149	1058	0.1
1149	1287	0.1
1149	1393	0.1
1149	1550	0.1
1149	1874	0.1
1150	1440	0.1
1150	1833	0.1
1152	1669	0.1
1154	278	0.1
1155	891	0.1
1155	1274	0.1
1156	246	0.1
1157	1159	0.1
1159	14	0.1
1159	19	0.1
1159	56	0.1
1159	72	0.1
1159	97	0.1
1159	102	0.1
1159	130	0.1
1159	147	0.1
1159	155	0.1
1159	175	0.1
1159	178	0.1
1159	179	0.1
1159	200	0.1
1159	209	0.1
1159	249	0.1
1159	278	0.1
1159	279	0.1
1159	292	0.1
1159	313	0.1
1159	329	0.1
1159	340	0.1
1159	359	0.1
1159	369	0.1
1159	371	0.1
1159	397	0.1
1159	410	0.1
1159	426	0.1
1159	453	0.1
1159	459	0.1
1159	463	0.1
1159	468	0.1
1159	487	0.1
1159	488	0.1
1159	506	0.1
1159	569	0.1
1159	571	0.1
1159	613	0.1
1159	620	0.1
1159	630	0.1
1159	643	0.1
1159	660	0.1
1159	691	0.1
1159	702	0.1
1159	713	0.1
1159	760	0.1
1159	777	0.1
1159	807	0.1
1159	826	0.1
1159	835	0.1
1159	844	0.1
1159	869	0.1
1159	892	0.1
1159	895	0.1
1159	902	0.1
1159	923	0.1
1159	934	0.1
1159	938	0.1
1159	943	0.1
1159	951	0.1
1159	971	0.1
1159	991	0.1
1159	993	0.1
1159	1012	0.1
1159	1022	0.1
1159	1023	0.1
1159	1027	0.1
1159	1039	0.1
1159	1040	0.1
1159	1044	0.1
1159	1048	0.1
1159	1070	0.1
1159	1076	0.1
1159	1105	0.1
1159	1112	0.1
1159	1120	0.1
1159	1123	0.1
1159	1127	0.1
1159	1166	0.1
1159	1179	0.1
1159	1186	0.1
1159	1192	0.1
1159	1195	0.1
1159	1201	0.1
1159	1219	0.1
1159	1250	0.1
1159	1258	0.1
1159	1262	0.1
1159	1267	0.1
1159	1274	0.1
1159	1277	0.1
1159	1281	0.1
1159	1287	0.1
1159	1325	0.1
1159	1337	0.1
1159	1340	0.1
1159	1363	0.1
1159	1381	0.1
1159	1386	0.1
1159	1396	0.1
1159	1403	0.1
1159	1405	0.1
1159	1443	0.1
1159	1480	0.1
1159	1520	0.1
1159	1526	0.1
1159	1541	0.1
1159	1550	0.1
1159	1558	0.1
1159	1575	0.1
1159	1577	0.1
1159	1586	0.1
1159	1587	0.1
1159	1599	0.1
1159	1601	0.1
1159	1610	0.1
1159	1614	0.1
1159	1619	0.1
1159	1629	0.1
1159	1632	0.1
1159	1648	0.1
1159	1654	0.1
1159	1659	0.1
1159	1661	0.1
1159	1669	0.1
1159	1675	0.1
1159	1676	0.1
1159	1690	0.1
1159	1741	0.1
1159	1748	0.1
1159	1768	0.1
1159	1770	0.1
1159	1780	0.1
1159	1781	0.1
1159	1786	0.1
1159	1813	0.1
1159	1819	0.1
1159	1831	0.1
1159	1852	0.1
1159	1874	0.1
1159	1880	0.1
1159	1881	0.1
1159	1906	0.1
1159	1910	0.1
1159	1918	0.1
1159	1929	0.1
1159	1937	0.1
1159	1955	0.1
1159	1956	0.1
1159	1968	0.1
1159	1970	0.1
1159	1978	0.1
1159	1987	0.1
1159	2018	0.1
1159	2027	0.1
1159	2028	0.1
1161	246	0.1
1162	895	0.1
1163	1669	0.1
1164	278	0.1
1170	1377	0.1
1173	1881	0.1
1174	1805	0.1
1175	1601	0.1
1175	1876	0.1
1175	1952	0.1
1177	1874	0.1
1178	278	0.1
1179	410	0.1
1179	465	0.1
1179	1258	0.1
1179	1439	0.1
1179	1792	0.1
1179	1823	0.1
1179	1874	0.1
1181	1706	0.1
1182	1706	0.1
1182	1742	0.1
1183	1706	0.1
1184	453	0.1
1186	453	0.1
1187	76	0.1
1187	466	0.1
1187	1669	0.1
1188	1874	0.1
1192	359	0.1
1192	453	0.1
1192	895	0.1
1192	1120	0.1
1192	1277	0.1
1192	1669	0.1
1192	1881	0.1
1194	34	0.1
1194	1144	0.1
1194	1258	0.1
1194	1380	0.1
1194	1453	0.1
1194	1580	0.1
1194	1858	0.1
1195	1669	0.1
1197	1377	0.1
1197	1881	0.1
1198	34	0.1
1198	217	0.1
1198	272	0.1
1198	403	0.1
1198	585	0.1
1198	605	0.1
1198	723	0.1
1198	737	0.1
1198	852	0.1
1198	903	0.1
1198	939	0.1
1198	999	0.1
1198	1144	0.1
1198	1258	0.1
1198	1278	0.1
1198	1291	0.1
1198	1380	0.1
1198	1440	0.1
1198	1578	0.1
1198	1580	0.1
1198	1844	0.1
1198	1858	0.1
1198	1899	0.1
1198	1974	0.1
1198	1992	0.1
1198	1998	0.1
1199	227	0.1
1203	1874	0.1
1204	1669	0.1
1206	1669	0.1
1207	1277	0.1
1209	1287	0.1
1213	231	0.1
1213	278	0.1
1213	547	0.1
1215	1952	0.1
1216	547	0.1
1216	1159	0.1
1216	1952	0.1
1220	1220	0.1
1221	1874	0.1
1222	1377	0.1
1223	993	0.1
1226	1226	0.1
1231	511	0.1
1231	829	0.1
1233	1057	0.1
1234	1287	0.1
1234	1500	0.1
1234	1876	0.1
1236	1669	0.1
1237	1706	0.1
1238	246	0.1
1238	895	0.1
1239	1144	0.1
1242	1669	0.1
1243	1669	0.1
1246	1159	0.1
1248	1706	0.1
1251	246	0.1
1252	1669	0.1
1254	54	0.1
1254	111	0.1
1254	154	0.1
1254	189	0.1
1254	378	0.1
1254	402	0.1
1254	514	0.1
1254	562	0.1
1254	669	0.1
1254	733	0.1
1254	988	0.1
1254	1088	0.1
1254	1326	0.1
1254	1373	0.1
1254	1793	0.1
1254	1872	0.1
1254	1952	0.1
1254	1973	0.1
1254	1986	0.1
1254	2004	0.1
1256	1874	0.1
1257	1159	0.1
1258	21	0.1
1258	25	0.1
1258	42	0.1
1258	55	0.1
1258	93	0.1
1258	151	0.1
1258	153	0.1
1258	165	0.1
1258	186	0.1
1258	203	0.1
1258	210	0.1
1258	219	0.1
1258	312	0.1
1258	329	0.1
1258	345	0.1
1258	350	0.1
1258	362	0.1
1258	403	0.1
1258	411	0.1
1258	412	0.1
1258	419	0.1
1258	453	0.1
1258	511	0.1
1258	513	0.1
1258	535	0.1
1258	536	0.1
1258	539	0.1
1258	580	0.1
1258	585	0.1
1258	587	0.1
1258	615	0.1
1258	658	0.1
1258	732	0.1
1258	817	0.1
1258	829	0.1
1258	833	0.1
1258	852	0.1
1258	918	0.1
1258	939	0.1
1258	945	0.1
1258	999	0.1
1258	1049	0.1
1258	1080	0.1
1258	1102	0.1
1258	1144	0.1
1258	1179	0.1
1258	1194	0.1
1258	1203	0.1
1258	1244	0.1
1258	1258	0.1
1258	1268	0.1
1258	1278	0.1
1258	1292	0.1
1258	1309	0.1
1258	1323	0.1
1258	1369	0.1
1258	1440	0.1
1258	1497	0.1
1258	1501	0.1
1258	1522	0.1
1258	1524	0.1
1258	1557	0.1
1258	1580	0.1
1258	1586	0.1
1258	1587	0.1
1258	1625	0.1
1258	1638	0.1
1258	1644	0.1
1258	1751	0.1
1258	1768	0.1
1258	1792	0.1
1258	1807	0.1
1258	1808	0.1
1258	1833	0.1
1258	1839	0.1
1258	1843	0.1
1258	1844	0.1
1258	1858	0.1
1258	1874	0.1
1258	1894	0.1
1258	1899	0.1
1258	1930	0.1
1258	1963	0.1
1258	1974	0.1
1258	1987	0.1
1258	1990	0.1
1258	1998	0.1
1261	221	0.1
1261	372	0.1
1261	1768	0.1
1261	1792	0.1
1261	1874	0.1
1263	246	0.1
1263	1159	0.1
1265	1669	0.1
1266	1500	0.1
1267	453	0.1
1268	1874	0.1
1269	174	0.1
1269	536	0.1
1269	999	0.1
1269	1081	0.1
1269	1269	0.1
1269	1278	0.1
1269	1440	0.1
1269	1501	0.1
1269	1522	0.1
1269	1587	0.1
1269	1673	0.1
1269	1874	0.1
1269	1998	0.1
1271	1669	0.1
1272	895	0.1
1272	1287	0.1
1272	1876	0.1
1273	1810	0.1
1274	44	0.1
1274	91	0.1
1274	191	0.1
1274	328	0.1
1274	348	0.1
1274	364	0.1
1274	388	0.1
1274	404	0.1
1274	453	0.1
1274	488	0.1
1274	509	0.1
1274	516	0.1
1274	636	0.1
1274	734	0.1
1274	783	0.1
1274	891	0.1
1274	958	0.1
1274	1030	0.1
1274	1042	0.1
1274	1069	0.1
1274	1103	0.1
1274	1137	0.1
1274	1155	0.1
1274	1405	0.1
1274	1445	0.1
1274	1508	0.1
1274	1528	0.1
1274	1598	0.1
1274	1667	0.1
1274	1690	0.1
1274	1750	0.1
1274	1803	0.1
1274	1901	0.1
1274	1915	0.1
1274	1965	0.1
1274	1975	0.1
1274	1993	0.1
1274	2025	0.1
1275	1159	0.1
1277	37	0.1
1277	56	0.1
1277	85	0.1
1277	97	0.1
1277	155	0.1
1277	195	0.1
1277	205	0.1
1277	278	0.1
1277	292	0.1
1277	329	0.1
1277	359	0.1
1277	369	0.1
1277	453	0.1
1277	476	0.1
1277	630	0.1
1277	665	0.1
1277	691	0.1
1277	702	0.1
1277	713	0.1
1277	730	0.1
1277	869	0.1
1277	874	0.1
1277	895	0.1
1277	1024	0.1
1277	1037	0.1
1277	1192	0.1
1277	1207	0.1
1277	1270	0.1
1277	1277	0.1
1277	1287	0.1
1277	1305	0.1
1277	1394	0.1
1277	1421	0.1
1277	1536	0.1
1277	1541	0.1
1277	1550	0.1
1277	1586	0.1
1277	1619	0.1
1277	1621	0.1
1277	1629	0.1
1277	1669	0.1
1277	1710	0.1
1277	1748	0.1
1277	1768	0.1
1277	1784	0.1
1277	1881	0.1
1277	1896	0.1
1277	1906	0.1
1277	1987	0.1
1277	2027	0.1
1278	21	0.1
1278	24	0.1
1278	34	0.1
1278	47	0.1
1278	217	0.1
1278	290	0.1
1278	345	0.1
1278	403	0.1
1278	411	0.1
1278	412	0.1
1278	511	0.1
1278	526	0.1
1278	536	0.1
1278	585	0.1
1278	723	0.1
1278	735	0.1
1278	737	0.1
1278	817	0.1
1278	829	0.1
1278	852	0.1
1278	903	0.1
1278	999	0.1
1278	1011	0.1
1278	1144	0.1
1278	1198	0.1
1278	1258	0.1
1278	1269	0.1
1278	1291	0.1
1278	1309	0.1
1278	1380	0.1
1278	1440	0.1
1278	1465	0.1
1278	1501	0.1
1278	1522	0.1
1278	1578	0.1
1278	1586	0.1
1278	1751	0.1
1278	1770	0.1
1278	1874	0.1
1278	1894	0.1
1278	1899	0.1
1278	1963	0.1
1278	1974	0.1
1278	1995	0.1
1278	1998	0.1
1281	453	0.1
1281	1159	0.1
1281	1377	0.1
1282	1669	0.1
1284	1	0.1
1287	36	0.1
1287	56	0.1
1287	105	0.1
1287	118	0.1
1287	121	0.1
1287	127	0.1
1287	145	0.1
1287	155	0.1
1287	224	0.1
1287	245	0.1
1287	278	0.1
1287	279	0.1
1287	282	0.1
1287	291	0.1
1287	333	0.1
1287	391	0.1
1287	423	0.1
1287	431	0.1
1287	453	0.1
1287	476	0.1
1287	508	0.1
1287	542	0.1
1287	616	0.1
1287	630	0.1
1287	655	0.1
1287	667	0.1
1287	691	0.1
1287	702	0.1
1287	713	0.1
1287	728	0.1
1287	730	0.1
1287	774	0.1
1287	789	0.1
1287	855	0.1
1287	857	0.1
1287	869	0.1
1287	870	0.1
1287	889	0.1
1287	895	0.1
1287	914	0.1
1287	925	0.1
1287	935	0.1
1287	989	0.1
1287	990	0.1
1287	995	0.1
1287	1085	0.1
1287	1091	0.1
1287	1120	0.1
1287	1124	0.1
1287	1125	0.1
1287	1146	0.1
1287	1169	0.1
1287	1185	0.1
1287	1209	0.1
1287	1234	0.1
1287	1272	0.1
1287	1277	0.1
1287	1287	0.1
1287	1393	0.1
1287	1419	0.1
1287	1435	0.1
1287	1460	0.1
1287	1462	0.1
1287	1527	0.1
1287	1536	0.1
1287	1538	0.1
1287	1550	0.1
1287	1555	0.1
1287	1601	0.1
1287	1619	0.1
1287	1629	0.1
1287	1653	0.1
1287	1668	0.1
1287	1669	0.1
1287	1693	0.1
1287	1698	0.1
1287	1705	0.1
1287	1709	0.1
1287	1724	0.1
1287	1738	0.1
1287	1755	0.1
1287	1774	0.1
1287	1839	0.1
1287	1861	0.1
1287	1863	0.1
1287	1876	0.1
1287	1906	0.1
1287	1914	0.1
1287	1919	0.1
1287	2006	0.1
1287	2027	0.1
1290	1874	0.1
1291	45	0.1
1291	92	0.1
1291	403	0.1
1291	585	0.1
1291	605	0.1
1291	723	0.1
1291	852	0.1
1291	1144	0.1
1291	1198	0.1
1291	1239	0.1
1291	1278	0.1
1291	1291	0.1
1291	1380	0.1
1291	1440	0.1
1291	1858	0.1
1291	1874	0.1
1291	1998	0.1
1293	1293	0.1
1293	1669	0.1
1297	585	0.1
1297	1706	0.1
1299	1874	0.1
1300	547	0.1
1301	1979	0.1
1302	1287	0.1
1303	690	0.1
1303	999	0.1
1303	1833	0.1
1307	1669	0.1
1308	1159	0.1
1310	1377	0.1
1311	1377	0.1
1312	38	0.1
1312	993	0.1
1312	1669	0.1
1312	1701	0.1
1312	1874	0.1
1312	1952	0.1
1315	1706	0.1
1318	1669	0.1
1319	1874	0.1
1321	1706	0.1
1322	246	0.1
1323	90	0.1
1323	217	0.1
1323	316	0.1
1323	465	0.1
1323	999	0.1
1323	1258	0.1
1323	1323	0.1
1323	1440	0.1
1323	1510	0.1
1323	1586	0.1
1323	1669	0.1
1323	1792	0.1
1323	1833	0.1
1323	1839	0.1
1323	1841	0.1
1323	1874	0.1
1323	1899	0.1
1323	1940	0.1
1323	1963	0.1
1328	245	0.1
1328	358	0.1
1328	410	0.1
1328	453	0.1
1328	572	0.1
1328	713	0.1
1328	897	0.1
1328	1070	0.1
1328	1158	0.1
1328	1287	0.1
1328	1587	0.1
1333	246	0.1
1333	1669	0.1
1334	1159	0.1
1335	1	0.1
1337	453	0.1
1339	246	0.1
1339	453	0.1
1339	547	0.1
1339	1952	0.1
1340	453	0.1
1340	1609	0.1
1341	246	0.1
1342	511	0.1
1342	1706	0.1
1343	246	0.1
1345	1377	0.1
1346	1669	0.1
1347	1874	0.1
1348	547	0.1
1349	1669	0.1
1350	453	0.1
1350	1377	0.1
1350	1669	0.1
1352	326	0.1
1352	1056	0.1
1352	2014	0.1
1353	1874	0.1
1354	1505	0.1
1357	1701	0.1
1357	1952	0.1
1359	1669	0.1
1360	1669	0.1
1363	430	0.1
1363	453	0.1
1363	702	0.1
1363	1159	0.1
1363	1867	0.1
1365	466	0.1
1367	1706	0.1
1369	14	0.1
1369	21	0.1
1369	24	0.1
1369	25	0.1
1369	47	0.1
1369	90	0.1
1369	120	0.1
1369	165	0.1
1369	203	0.1
1369	217	0.1
1369	266	0.1
1369	272	0.1
1369	306	0.1
1369	329	0.1
1369	410	0.1
1369	411	0.1
1369	412	0.1
1369	419	0.1
1369	453	0.1
1369	457	0.1
1369	465	0.1
1369	511	0.1
1369	558	0.1
1369	585	0.1
1369	641	0.1
1369	668	0.1
1369	690	0.1
1369	794	0.1
1369	817	0.1
1369	852	0.1
1369	890	0.1
1369	980	0.1
1369	999	0.1
1369	1019	0.1
1369	1120	0.1
1369	1144	0.1
1369	1179	0.1
1369	1241	0.1
1369	1258	0.1
1369	1278	0.1
1369	1323	0.1
1369	1369	0.1
1369	1430	0.1
1369	1434	0.1
1369	1440	0.1
1369	1467	0.1
1369	1501	0.1
1369	1522	0.1
1369	1549	0.1
1369	1576	0.1
1369	1586	0.1
1369	1587	0.1
1369	1625	0.1
1369	1670	0.1
1369	1743	0.1
1369	1792	0.1
1369	1833	0.1
1369	1839	0.1
1369	1874	0.1
1369	1894	0.1
1369	1899	0.1
1369	1963	0.1
1369	1974	0.1
1369	1976	0.1
1369	1987	0.1
1369	1998	0.1
1369	2012	0.1
1371	1287	0.1
1374	1706	0.1
1376	1287	0.1
1376	1952	0.1
1377	1669	0.1
1378	1669	0.1
1379	1669	0.1
1380	34	0.1
1380	92	0.1
1380	737	0.1
1380	1144	0.1
1380	1453	0.1
1380	1998	0.1
1381	453	0.1
1381	1159	0.1
1381	1669	0.1
1383	1874	0.1
1384	1159	0.1
1385	453	0.1
1388	993	0.1
1390	930	0.1
1392	1392	0.1
1393	713	0.1
1393	728	0.1
1393	794	0.1
1393	943	0.1
1393	1058	0.1
1393	1149	0.1
1393	1287	0.1
1393	1550	0.1
1393	1669	0.1
1395	1669	0.1
1398	1398	0.1
1398	1669	0.1
1401	246	0.1
1404	1159	0.1
1412	895	0.1
1413	993	0.1
1414	1669	0.1
1415	658	0.1
1415	1415	0.1
1416	829	0.1
1417	1874	0.1
1418	41	0.1
1418	547	0.1
1419	1287	0.1
1419	1876	0.1
1422	1874	0.1
1423	1	0.1
1428	1874	0.1
1430	104	0.1
1430	146	0.1
1430	411	0.1
1430	465	0.1
1430	1036	0.1
1430	1212	0.1
1430	1258	0.1
1430	1669	0.1
1430	1874	0.1
1430	1974	0.1
1430	2027	0.1
1433	1706	0.1
1435	990	0.1
1435	1287	0.1
1436	1669	0.1
1439	1014	0.1
1439	1706	0.1
1440	12	0.1
1440	21	0.1
1440	34	0.1
1440	56	0.1
1440	60	0.1
1440	96	0.1
1440	160	0.1
1440	184	0.1
1440	239	0.1
1440	265	0.1
1440	276	0.1
1440	319	0.1
1440	335	0.1
1440	345	0.1
1440	411	0.1
1440	465	0.1
1440	510	0.1
1440	511	0.1
1440	521	0.1
1440	570	0.1
1440	585	0.1
1440	629	0.1
1440	653	0.1
1440	678	0.1
1440	708	0.1
1440	729	0.1
1440	738	0.1
1440	757	0.1
1440	786	0.1
1440	852	0.1
1440	885	0.1
1440	898	0.1
1440	903	0.1
1440	999	0.1
1440	1144	0.1
1440	1198	0.1
1440	1202	0.1
1440	1218	0.1
1440	1258	0.1
1440	1269	0.1
1440	1278	0.1
1440	1304	0.1
1440	1354	0.1
1440	1369	0.1
1440	1398	0.1
1440	1468	0.1
1440	1471	0.1
1440	1501	0.1
1440	1522	0.1
1440	1552	0.1
1440	1565	0.1
1440	1580	0.1
1440	1586	0.1
1440	1613	0.1
1440	1616	0.1
1440	1625	0.1
1440	1634	0.1
1440	1670	0.1
1440	1707	0.1
1440	1735	0.1
1440	1751	0.1
1440	1782	0.1
1440	1792	0.1
1440	1833	0.1
1440	1839	0.1
1440	1844	0.1
1440	1874	0.1
1440	1903	0.1
1440	1974	0.1
1440	1988	0.1
1440	1992	0.1
1440	1998	0.1
1441	547	0.1
1441	1159	0.1
1443	453	0.1
1444	1669	0.1
1446	1159	0.1
1449	852	0.1
1449	1874	0.1
1451	1159	0.1
1452	1669	0.1
1453	34	0.1
1453	585	0.1
1453	627	0.1
1453	939	0.1
1453	999	0.1
1453	1144	0.1
1453	1844	0.1
1454	1874	0.1
1456	1706	0.1
1458	1669	0.1
1460	1287	0.1
1461	1450	0.1
1462	1287	0.1
1463	1669	0.1
1464	1669	0.1
1466	993	0.1
1467	1899	0.1
1468	1874	0.1
1469	1874	0.1
1470	246	0.1
1476	246	0.1
1477	429	0.1
1477	1253	0.1
1478	1706	0.1
1481	1706	0.1
1481	1874	0.1
1482	1	0.1
1482	1874	0.1
1484	453	0.1
1485	1377	0.1
1488	203	0.1
1488	1061	0.1
1488	1833	0.1
1488	1874	0.1
1491	1159	0.1
1493	1034	0.1
1493	1080	0.1
1494	1706	0.1
1494	1874	0.1
1497	1258	0.1
1497	1874	0.1
1499	485	0.1
1499	1874	0.1
1500	209	0.1
1500	278	0.1
1500	279	0.1
1500	421	0.1
1500	453	0.1
1500	702	0.1
1500	713	0.1
1500	902	0.1
1500	1011	0.1
1500	1238	0.1
1500	1277	0.1
1500	1287	0.1
1500	1550	0.1
1500	1601	0.1
1500	1629	0.1
1500	1669	0.1
1500	1763	0.1
1500	1768	0.1
1500	1798	0.1
1500	1876	0.1
1500	1906	0.1
1500	1952	0.1
1500	1956	0.1
1500	1994	0.1
1501	34	0.1
1501	339	0.1
1501	390	0.1
1501	411	0.1
1501	511	0.1
1501	585	0.1
1501	656	0.1
1501	737	0.1
1501	999	0.1
1501	1144	0.1
1501	1239	0.1
1501	1258	0.1
1501	1278	0.1
1501	1369	0.1
1501	1440	0.1
1501	1663	0.1
1501	1782	0.1
1501	1874	0.1
1501	1974	0.1
1501	1998	0.1
1501	2011	0.1
1502	1706	0.1
1504	1	0.1
1504	1504	0.1
1505	1440	0.1
1505	1874	0.1
1505	1912	0.1
1510	39	0.1
1510	146	0.1
1510	306	0.1
1510	383	0.1
1510	453	0.1
1510	465	0.1
1510	511	0.1
1510	691	0.1
1510	817	0.1
1510	905	0.1
1510	1011	0.1
1510	1556	0.1
1510	1650	0.1
1510	1669	0.1
1510	1691	0.1
1510	1743	0.1
1510	1785	0.1
1510	1792	0.1
1510	1874	0.1
1510	2027	0.1
1511	1511	0.1
1512	1669	0.1
1513	1669	0.1
1514	1706	0.1
1515	278	0.1
1516	1874	0.1
1517	246	0.1
1518	547	0.1
1518	1377	0.1
1519	1701	0.1
1520	453	0.1
1520	1918	0.1
1522	14	0.1
1522	45	0.1
1522	104	0.1
1522	217	0.1
1522	411	0.1
1522	412	0.1
1522	457	0.1
1522	511	0.1
1522	536	0.1
1522	585	0.1
1522	723	0.1
1522	737	0.1
1522	817	0.1
1522	841	0.1
1522	852	0.1
1522	943	0.1
1522	999	0.1
1522	1144	0.1
1522	1151	0.1
1522	1194	0.1
1522	1198	0.1
1522	1258	0.1
1522	1269	0.1
1522	1278	0.1
1522	1309	0.1
1522	1369	0.1
1522	1440	0.1
1522	1580	0.1
1522	1673	0.1
1522	1833	0.1
1522	1874	0.1
1522	1894	0.1
1522	1899	0.1
1522	1942	0.1
1522	1960	0.1
1522	1963	0.1
1522	1974	0.1
1522	1998	0.1
1524	1258	0.1
1524	1874	0.1
1526	453	0.1
1526	1159	0.1
1529	1706	0.1
1531	1669	0.1
1535	1238	0.1
1536	203	0.1
1536	329	0.1
1536	895	0.1
1536	1287	0.1
1536	1550	0.1
1536	1748	0.1
1536	1768	0.1
1536	1987	0.1
1538	542	0.1
1538	1287	0.1
1539	350	0.1
1541	453	0.1
1541	1277	0.1
1541	1587	0.1
1541	1768	0.1
1541	1874	0.1
1543	1440	0.1
1543	1874	0.1
1544	895	0.1
1545	278	0.1
1548	1548	0.1
1550	203	0.1
1550	329	0.1
1550	453	0.1
1550	476	0.1
1550	630	0.1
1550	691	0.1
1550	702	0.1
1550	713	0.1
1550	728	0.1
1550	855	0.1
1550	869	0.1
1550	895	0.1
1550	943	0.1
1550	1058	0.1
1550	1126	0.1
1550	1149	0.1
1550	1277	0.1
1550	1287	0.1
1550	1393	0.1
1550	1536	0.1
1550	1669	0.1
1550	1748	0.1
1550	1768	0.1
1550	1792	0.1
1550	1876	0.1
1550	1906	0.1
1550	1987	0.1
1551	993	0.1
1553	1669	0.1
1554	1669	0.1
1559	1874	0.1
1561	1669	0.1
1562	1874	0.1
1565	1440	0.1
1565	1874	0.1
1566	1874	0.1
1567	453	0.1
1569	1706	0.1
1571	1571	0.1
1572	278	0.1
1573	1	0.1
1574	278	0.1
1575	453	0.1
1576	203	0.1
1576	350	0.1
1576	418	0.1
1576	453	0.1
1576	511	0.1
1576	690	0.1
1576	804	0.1
1576	869	0.1
1576	999	0.1
1576	1080	0.1
1576	1258	0.1
1576	1323	0.1
1576	1586	0.1
1576	1669	0.1
1576	1751	0.1
1576	1833	0.1
1576	1839	0.1
1576	1874	0.1
1576	1963	0.1
1578	45	0.1
1578	92	0.1
1578	403	0.1
1578	585	0.1
1578	656	0.1
1578	723	0.1
1578	1144	0.1
1578	1198	0.1
1578	1239	0.1
1578	1278	0.1
1578	1369	0.1
1578	1380	0.1
1578	1501	0.1
1578	1894	0.1
1578	1995	0.1
1579	895	0.1
1580	25	0.1
1580	34	0.1
1580	45	0.1
1580	92	0.1
1580	96	0.1
1580	217	0.1
1580	339	0.1
1580	403	0.1
1580	411	0.1
1580	511	0.1
1580	585	0.1
1580	605	0.1
1580	656	0.1
1580	723	0.1
1580	737	0.1
1580	852	0.1
1580	999	0.1
1580	1144	0.1
1580	1194	0.1
1580	1198	0.1
1580	1239	0.1
1580	1258	0.1
1580	1278	0.1
1580	1369	0.1
1580	1380	0.1
1580	1440	0.1
1580	1453	0.1
1580	1501	0.1
1580	1522	0.1
1580	1580	0.1
1580	1844	0.1
1580	1855	0.1
1580	1858	0.1
1580	1874	0.1
1580	1894	0.1
1580	1899	0.1
1580	1974	0.1
1580	1992	0.1
1580	1995	0.1
1580	1998	0.1
1581	1258	0.1
1581	1706	0.1
1582	1953	0.1
1583	1159	0.1
1584	1669	0.1
1586	151	0.1
1586	203	0.1
1586	217	0.1
1586	345	0.1
1586	350	0.1
1586	385	0.1
1586	411	0.1
1586	412	0.1
1586	453	0.1
1586	465	0.1
1586	479	0.1
1586	511	0.1
1586	585	0.1
1586	713	0.1
1586	869	0.1
1586	945	0.1
1586	999	0.1
1586	1258	0.1
1586	1277	0.1
1586	1278	0.1
1586	1426	0.1
1586	1440	0.1
1586	1576	0.1
1586	1586	0.1
1586	1629	0.1
1586	1669	0.1
1586	1680	0.1
1586	1731	0.1
1586	1751	0.1
1586	1767	0.1
1586	1768	0.1
1586	1770	0.1
1586	1792	0.1
1586	1833	0.1
1586	1839	0.1
1586	1874	0.1
1586	1963	0.1
1586	1998	0.1
1587	31	0.1
1587	217	0.1
1587	453	0.1
1587	457	0.1
1587	536	0.1
1587	683	0.1
1587	824	0.1
1587	852	0.1
1587	999	0.1
1587	1009	0.1
1587	1151	0.1
1587	1258	0.1
1587	1269	0.1
1587	1399	0.1
1587	1425	0.1
1587	1501	0.1
1587	1506	0.1
1587	1587	0.1
1587	1768	0.1
1587	1874	0.1
1587	1878	0.1
1587	1962	0.1
1587	1998	0.1
1588	1669	0.1
1589	246	0.1
1591	795	0.1
1591	1253	0.1
1591	1706	0.1
1592	1706	0.1
1595	1377	0.1
1596	246	0.1
1600	1669	0.1
1601	278	0.1
1601	329	0.1
1601	453	0.1
1601	702	0.1
1601	895	0.1
1601	1175	0.1
1601	1669	0.1
1604	1874	0.1
1605	1706	0.1
1607	1669	0.1
1609	1340	0.1
1612	993	0.1
1613	1440	0.1
1613	1706	0.1
1614	453	0.1
1615	829	0.1
1615	1874	0.1
1616	1706	0.1
1617	993	0.1
1618	80	0.1
1618	155	0.1
1618	453	0.1
1618	511	0.1
1618	547	0.1
1618	572	0.1
1618	575	0.1
1618	702	0.1
1618	713	0.1
1618	1159	0.1
1618	1287	0.1
1618	1377	0.1
1618	1669	0.1
1618	1674	0.1
1618	1769	0.1
1618	1874	0.1
1618	2027	0.1
1619	155	0.1
1619	278	0.1
1619	333	0.1
1619	443	0.1
1619	453	0.1
1619	630	0.1
1619	691	0.1
1619	713	0.1
1619	866	0.1
1619	869	0.1
1619	895	0.1
1619	938	0.1
1619	983	0.1
1619	1277	0.1
1619	1287	0.1
1619	1629	0.1
1619	1669	0.1
1619	1813	0.1
1619	1876	0.1
1619	1919	0.1
1619	2027	0.1
1622	1706	0.1
1623	1706	0.1
1624	1238	0.1
1625	1	0.1
1625	299	0.1
1625	355	0.1
1625	999	0.1
1625	1258	0.1
1625	1440	0.1
1625	1625	0.1
1625	1751	0.1
1625	1833	0.1
1625	1874	0.1
1626	1626	0.1
1627	246	0.1
1628	1	0.1
1629	278	0.1
1629	453	0.1
1629	630	0.1
1629	713	0.1
1629	869	0.1
1629	895	0.1
1629	1586	0.1
1629	1669	0.1
1629	1762	0.1
1629	1839	0.1
1630	1701	0.1
1634	1107	0.1
1634	1440	0.1
1634	1874	0.1
1634	1974	0.1
1634	2008	0.1
1636	1669	0.1
1637	1669	0.1
1641	1377	0.1
1642	1669	0.1
1642	1952	0.1
1644	1258	0.1
1644	1874	0.1
1647	895	0.1
1651	1651	0.1
1655	1159	0.1
1655	1952	0.1
1656	1669	0.1
1658	1876	0.1
1659	453	0.1
1664	194	0.1
1665	1665	0.1
1666	1706	0.1
1667	1274	0.1
1669	6	0.1
1669	7	0.1
1669	9	0.1
1669	26	0.1
1669	30	0.1
1669	38	0.1
1669	53	0.1
1669	56	0.1
1669	57	0.1
1669	73	0.1
1669	76	0.1
1669	89	0.1
1669	95	0.1
1669	113	0.1
1669	114	0.1
1669	120	0.1
1669	126	0.1
1669	139	0.1
1669	146	0.1
1669	155	0.1
1669	171	0.1
1669	199	0.1
1669	203	0.1
1669	207	0.1
1669	212	0.1
1669	220	0.1
1669	235	0.1
1669	247	0.1
1669	248	0.1
1669	255	0.1
1669	269	0.1
1669	278	0.1
1669	300	0.1
1669	311	0.1
1669	313	0.1
1669	321	0.1
1669	325	0.1
1669	329	0.1
1669	330	0.1
1669	338	0.1
1669	350	0.1
1669	352	0.1
1669	368	0.1
1669	377	0.1
1669	380	0.1
1669	383	0.1
1669	410	0.1
1669	412	0.1
1669	413	0.1
1669	416	0.1
1669	453	0.1
1669	465	0.1
1669	466	0.1
1669	476	0.1
1669	477	0.1
1669	478	0.1
1669	479	0.1
1669	484	0.1
1669	486	0.1
1669	490	0.1
1669	504	0.1
1669	527	0.1
1669	537	0.1
1669	544	0.1
1669	552	0.1
1669	555	0.1
1669	581	0.1
1669	585	0.1
1669	597	0.1
1669	611	0.1
1669	630	0.1
1669	634	0.1
1669	635	0.1
1669	646	0.1
1669	659	0.1
1669	662	0.1
1669	674	0.1
1669	676	0.1
1669	691	0.1
1669	702	0.1
1669	704	0.1
1669	712	0.1
1669	713	0.1
1669	728	0.1
1669	730	0.1
1669	750	0.1
1669	768	0.1
1669	769	0.1
1669	776	0.1
1669	790	0.1
1669	791	0.1
1669	794	0.1
1669	803	0.1
1669	813	0.1
1669	840	0.1
1669	841	0.1
1669	845	0.1
1669	846	0.1
1669	851	0.1
1669	855	0.1
1669	868	0.1
1669	869	0.1
1669	872	0.1
1669	886	0.1
1669	895	0.1
1669	898	0.1
1669	901	0.1
1669	920	0.1
1669	928	0.1
1669	943	0.1
1669	966	0.1
1669	981	0.1
1669	985	0.1
1669	991	0.1
1669	993	0.1
1669	1002	0.1
1669	1004	0.1
1669	1013	0.1
1669	1018	0.1
1669	1031	0.1
1669	1071	0.1
1669	1083	0.1
1669	1094	0.1
1669	1111	0.1
1669	1114	0.1
1669	1118	0.1
1669	1120	0.1
1669	1132	0.1
1669	1139	0.1
1669	1142	0.1
1669	1147	0.1
1669	1159	0.1
1669	1160	0.1
1669	1163	0.1
1669	1170	0.1
1669	1171	0.1
1669	1172	0.1
1669	1187	0.1
1669	1189	0.1
1669	1192	0.1
1669	1224	0.1
1669	1228	0.1
1669	1232	0.1
1669	1235	0.1
1669	1259	0.1
1669	1264	0.1
1669	1277	0.1
1669	1279	0.1
1669	1281	0.1
1669	1287	0.1
1669	1289	0.1
1669	1296	0.1
1669	1305	0.1
1669	1310	0.1
1669	1313	0.1
1669	1323	0.1
1669	1329	0.1
1669	1330	0.1
1669	1332	0.1
1669	1338	0.1
1669	1349	0.1
1669	1356	0.1
1669	1368	0.1
1669	1370	0.1
1669	1381	0.1
1669	1393	0.1
1669	1394	0.1
1669	1398	0.1
1669	1400	0.1
1669	1430	0.1
1669	1437	0.1
1669	1440	0.1
1669	1447	0.1
1669	1455	0.1
1669	1459	0.1
1669	1498	0.1
1669	1507	0.1
1669	1510	0.1
1669	1550	0.1
1669	1554	0.1
1669	1564	0.1
1669	1568	0.1
1669	1576	0.1
1669	1586	0.1
1669	1588	0.1
1669	1601	0.1
1669	1619	0.1
1669	1620	0.1
1669	1629	0.1
1669	1633	0.1
1669	1669	0.1
1669	1672	0.1
1669	1674	0.1
1669	1698	0.1
1669	1700	0.1
1669	1713	0.1
1669	1721	0.1
1669	1730	0.1
1669	1734	0.1
1669	1739	0.1
1669	1747	0.1
1669	1749	0.1
1669	1768	0.1
1669	1770	0.1
1669	1783	0.1
1669	1804	0.1
1669	1806	0.1
1669	1811	0.1
1669	1813	0.1
1669	1815	0.1
1669	1818	0.1
1669	1822	0.1
1669	1825	0.1
1669	1826	0.1
1669	1832	0.1
1669	1839	0.1
1669	1846	0.1
1669	1850	0.1
1669	1859	0.1
1669	1873	0.1
1669	1874	0.1
1669	1876	0.1
1669	1878	0.1
1669	1881	0.1
1669	1898	0.1
1669	1904	0.1
1669	1905	0.1
1669	1906	0.1
1669	1916	0.1
1669	1917	0.1
1669	1921	0.1
1669	1935	0.1
1669	1951	0.1
1669	1956	0.1
1669	1987	0.1
1669	2005	0.1
1669	2006	0.1
1669	2010	0.1
1669	2015	0.1
1669	2017	0.1
1669	2019	0.1
1669	2027	0.1
1670	12	0.1
1670	465	0.1
1670	1440	0.1
1670	1874	0.1
1670	1987	0.1
1671	993	0.1
1672	1669	0.1
1673	536	0.1
1673	999	0.1
1673	1269	0.1
1673	1587	0.1
1673	1874	0.1
1674	24	0.1
1674	165	0.1
1674	203	0.1
1674	257	0.1
1674	306	0.1
1674	329	0.1
1674	410	0.1
1674	412	0.1
1674	419	0.1
1674	465	0.1
1674	521	0.1
1674	794	0.1
1674	817	0.1
1674	852	0.1
1674	869	0.1
1674	1179	0.1
1674	1501	0.1
1674	1586	0.1
1674	1587	0.1
1674	1669	0.1
1674	1768	0.1
1674	1770	0.1
1674	1792	0.1
1674	1874	0.1
1674	1987	0.1
1675	453	0.1
1680	585	0.1
1680	1492	0.1
1680	1685	0.1
1680	1689	0.1
1680	1792	0.1
1680	1874	0.1
1680	1963	0.1
1681	1874	0.1
1682	453	0.1
1683	246	0.1
1683	1834	0.1
1684	312	0.1
1684	1159	0.1
1684	1874	0.1
1687	1874	0.1
1688	511	0.1
1688	1874	0.1
1689	204	0.1
1689	1680	0.1
1689	1706	0.1
1689	1874	0.1
1690	453	0.1
1690	1159	0.1
1693	1287	0.1
1693	1679	0.1
1694	1669	0.1
1698	1377	0.1
1698	1669	0.1
1698	1952	0.1
1703	1874	0.1
1704	1669	0.1
1705	1287	0.1
1705	1952	0.1
1706	15	0.1
1706	47	0.1
1706	84	0.1
1706	90	0.1
1706	104	0.1
1706	134	0.1
1706	203	0.1
1706	229	0.1
1706	284	0.1
1706	302	0.1
1706	329	0.1
1706	350	0.1
1706	361	0.1
1706	362	0.1
1706	375	0.1
1706	411	0.1
1706	412	0.1
1706	457	0.1
1706	458	0.1
1706	465	0.1
1706	511	0.1
1706	521	0.1
1706	535	0.1
1706	539	0.1
1706	551	0.1
1706	585	0.1
1706	620	0.1
1706	732	0.1
1706	829	0.1
1706	833	0.1
1706	852	0.1
1706	999	0.1
1706	1008	0.1
1706	1061	0.1
1706	1245	0.1
1706	1258	0.1
1706	1290	0.1
1706	1353	0.1
1706	1369	0.1
1706	1454	0.1
1706	1497	0.1
1706	1586	0.1
1706	1587	0.1
1706	1685	0.1
1706	1715	0.1
1706	1761	0.1
1706	1768	0.1
1706	1770	0.1
1706	1792	0.1
1706	1833	0.1
1706	1926	0.1
1706	1928	0.1
1706	1930	0.1
1706	1963	0.1
1706	1974	0.1
1706	1987	0.1
1706	1998	0.1
1709	291	0.1
1709	1287	0.1
1710	453	0.1
1711	1711	0.1
1712	1	0.1
1712	963	0.1
1712	1699	0.1
1712	1946	0.1
1714	1714	0.1
1715	1258	0.1
1715	1706	0.1
1715	1874	0.1
1717	412	0.1
1717	453	0.1
1717	1563	0.1
1720	246	0.1
1720	547	0.1
1720	1159	0.1
1720	1377	0.1
1720	1706	0.1
1722	993	0.1
1723	1874	0.1
1724	1952	0.1
1725	453	0.1
1727	66	0.1
1727	203	0.1
1727	222	0.1
1727	849	0.1
1727	924	0.1
1727	1159	0.1
1728	1706	0.1
1729	246	0.1
1731	419	0.1
1731	465	0.1
1731	852	0.1
1731	1120	0.1
1731	1402	0.1
1731	1586	0.1
1731	1768	0.1
1731	1792	0.1
1731	1874	0.1
1731	1974	0.1
1731	1987	0.1
1736	246	0.1
1737	115	0.1
1738	51	0.1
1738	751	0.1
1738	1287	0.1
1738	1876	0.1
1738	1893	0.1
1738	2003	0.1
1739	453	0.1
1739	1159	0.1
1739	1669	0.1
1742	658	0.1
1742	1258	0.1
1742	1706	0.1
1743	411	0.1
1743	465	0.1
1743	1510	0.1
1743	1669	0.1
1743	2027	0.1
1744	1874	0.1
1745	246	0.1
1747	1669	0.1
1748	453	0.1
1751	151	0.1
1751	203	0.1
1751	350	0.1
1751	535	0.1
1751	718	0.1
1751	999	0.1
1751	1253	0.1
1751	1258	0.1
1751	1323	0.1
1751	1486	0.1
1751	1576	0.1
1751	1586	0.1
1751	1625	0.1
1751	1663	0.1
1751	1754	0.1
1751	1756	0.1
1751	1874	0.1
1751	1930	0.1
1752	1701	0.1
1753	1706	0.1
1753	1911	0.1
1755	1287	0.1
1757	1377	0.1
1758	1159	0.1
1759	1258	0.1
1759	1874	0.1
1760	962	0.1
1762	278	0.1
1762	1629	0.1
1763	246	0.1
1764	1764	0.1
1767	511	0.1
1767	1586	0.1
1767	1680	0.1
1767	1874	0.1
1767	1963	0.1
1768	84	0.1
1768	153	0.1
1768	203	0.1
1768	329	0.1
1768	345	0.1
1768	350	0.1
1768	412	0.1
1768	440	0.1
1768	453	0.1
1768	535	0.1
1768	702	0.1
1768	732	0.1
1768	798	0.1
1768	852	0.1
1768	895	0.1
1768	999	0.1
1768	1120	0.1
1768	1258	0.1
1768	1278	0.1
1768	1358	0.1
1768	1501	0.1
1768	1587	0.1
1768	1874	0.1
1768	1930	0.1
1768	1987	0.1
1768	2027	0.1
1770	22	0.1
1770	31	0.1
1770	90	0.1
1770	306	0.1
1770	412	0.1
1770	465	0.1
1770	511	0.1
1770	539	0.1
1770	585	0.1
1770	918	0.1
1770	999	0.1
1770	1258	0.1
1770	1369	0.1
1770	1586	0.1
1770	1768	0.1
1770	1770	0.1
1770	1792	0.1
1770	1874	0.1
1770	1963	0.1
1772	1874	0.1
1774	529	0.1
1774	895	0.1
1774	1287	0.1
1774	1876	0.1
1775	1669	0.1
1776	1874	0.1
1777	390	0.1
1777	795	0.1
1777	1501	0.1
1780	453	0.1
1780	713	0.1
1782	34	0.1
1782	45	0.1
1782	92	0.1
1782	403	0.1
1782	457	0.1
1782	585	0.1
1782	656	0.1
1782	999	0.1
1782	1144	0.1
1782	1194	0.1
1782	1198	0.1
1782	1239	0.1
1782	1278	0.1
1782	1440	0.1
1782	1501	0.1
1782	1858	0.1
1782	1874	0.1
1782	1894	0.1
1782	1974	0.1
1789	1706	0.1
1790	1669	0.1
1792	12	0.1
1792	13	0.1
1792	31	0.1
1792	203	0.1
1792	306	0.1
1792	362	0.1
1792	411	0.1
1792	412	0.1
1792	419	0.1
1792	453	0.1
1792	463	0.1
1792	465	0.1
1792	479	0.1
1792	511	0.1
1792	585	0.1
1792	628	0.1
1792	794	0.1
1792	817	0.1
1792	852	0.1
1792	999	0.1
1792	1179	0.1
1792	1258	0.1
1792	1440	0.1
1792	1510	0.1
1792	1550	0.1
1792	1586	0.1
1792	1587	0.1
1792	1670	0.1
1792	1731	0.1
1792	1767	0.1
1792	1768	0.1
1792	1770	0.1
1792	1823	0.1
1792	1874	0.1
1792	1987	0.1
1796	895	0.1
1796	1678	0.1
1797	1701	0.1
1798	895	0.1
1799	547	0.1
1799	1952	0.1
1800	1159	0.1
1801	1833	0.1
1802	1377	0.1
1807	411	0.1
1808	1258	0.1
1808	1874	0.1
1809	1706	0.1
1812	1377	0.1
1813	155	0.1
1813	453	0.1
1813	895	0.1
1813	1287	0.1
1813	1619	0.1
1813	1669	0.1
1813	1831	0.1
1813	1876	0.1
1814	1	0.1
1814	1706	0.1
1814	1874	0.1
1820	1669	0.1
1823	1179	0.1
1823	1214	0.1
1823	1874	0.1
1827	895	0.1
1828	1159	0.1
1830	691	0.1
1831	453	0.1
1831	1813	0.1
1833	94	0.1
1833	104	0.1
1833	151	0.1
1833	203	0.1
1833	217	0.1
1833	350	0.1
1833	457	0.1
1833	511	0.1
1833	535	0.1
1833	539	0.1
1833	574	0.1
1833	585	0.1
1833	690	0.1
1833	829	0.1
1833	999	0.1
1833	1191	0.1
1833	1258	0.1
1833	1280	0.1
1833	1303	0.1
1833	1304	0.1
1833	1323	0.1
1833	1324	0.1
1833	1369	0.1
1833	1440	0.1
1833	1488	0.1
1833	1522	0.1
1833	1576	0.1
1833	1586	0.1
1833	1625	0.1
1833	1727	0.1
1833	1754	0.1
1833	1768	0.1
1833	1839	0.1
1833	1874	0.1
1833	1894	0.1
1833	1899	0.1
1833	1963	0.1
1833	1974	0.1
1838	278	0.1
1838	547	0.1
1839	11	0.1
1839	12	0.1
1839	24	0.1
1839	64	0.1
1839	93	0.1
1839	104	0.1
1839	105	0.1
1839	109	0.1
1839	117	0.1
1839	119	0.1
1839	120	0.1
1839	151	0.1
1839	155	0.1
1839	165	0.1
1839	177	0.1
1839	201	0.1
1839	203	0.1
1839	243	0.1
1839	266	0.1
1839	278	0.1
1839	285	0.1
1839	316	0.1
1839	333	0.1
1839	350	0.1
1839	383	0.1
1839	385	0.1
1839	395	0.1
1839	411	0.1
1839	412	0.1
1839	419	0.1
1839	423	0.1
1839	434	0.1
1839	450	0.1
1839	453	0.1
1839	457	0.1
1839	465	0.1
1839	479	0.1
1839	511	0.1
1839	535	0.1
1839	539	0.1
1839	556	0.1
1839	558	0.1
1839	574	0.1
1839	585	0.1
1839	602	0.1
1839	628	0.1
1839	641	0.1
1839	666	0.1
1839	668	0.1
1839	690	0.1
1839	691	0.1
1839	702	0.1
1839	704	0.1
1839	713	0.1
1839	725	0.1
1839	796	0.1
1839	827	0.1
1839	829	0.1
1839	867	0.1
1839	869	0.1
1839	890	0.1
1839	899	0.1
1839	904	0.1
1839	916	0.1
1839	963	0.1
1839	965	0.1
1839	978	0.1
1839	980	0.1
1839	983	0.1
1839	999	0.1
1839	1011	0.1
1839	1019	0.1
1839	1052	0.1
1839	1073	0.1
1839	1080	0.1
1839	1081	0.1
1839	1100	0.1
1839	1120	0.1
1839	1135	0.1
1839	1191	0.1
1839	1214	0.1
1839	1227	0.1
1839	1241	0.1
1839	1258	0.1
1839	1277	0.1
1839	1278	0.1
1839	1287	0.1
1839	1323	0.1
1839	1369	0.1
1839	1382	0.1
1839	1402	0.1
1839	1410	0.1
1839	1426	0.1
1839	1430	0.1
1839	1440	0.1
1839	1486	0.1
1839	1510	0.1
1839	1523	0.1
1839	1547	0.1
1839	1576	0.1
1839	1586	0.1
1839	1619	0.1
1839	1629	0.1
1839	1639	0.1
1839	1649	0.1
1839	1663	0.1
1839	1669	0.1
1839	1670	0.1
1839	1674	0.1
1839	1680	0.1
1839	1718	0.1
1839	1727	0.1
1839	1751	0.1
1839	1767	0.1
1839	1768	0.1
1839	1788	0.1
1839	1792	0.1
1839	1816	0.1
1839	1830	0.1
1839	1833	0.1
1839	1839	0.1
1839	1845	0.1
1839	1856	0.1
1839	1874	0.1
1839	1876	0.1
1839	1878	0.1
1839	1919	0.1
1839	1950	0.1
1839	1962	0.1
1839	1963	0.1
1839	1976	0.1
1839	1987	0.1
1839	2001	0.1
1839	2006	0.1
1839	2012	0.1
1842	246	0.1
1843	1258	0.1
1843	1874	0.1
1844	45	0.1
1844	403	0.1
1844	411	0.1
1844	511	0.1
1844	536	0.1
1844	585	0.1
1844	605	0.1
1844	656	0.1
1844	852	0.1
1844	999	0.1
1844	1144	0.1
1844	1194	0.1
1844	1198	0.1
1844	1239	0.1
1844	1278	0.1
1844	1380	0.1
1844	1440	0.1
1844	1453	0.1
1844	1501	0.1
1844	1522	0.1
1844	1587	0.1
1844	1844	0.1
1844	1874	0.1
1844	1894	0.1
1844	1974	0.1
1844	1998	0.1
1846	453	0.1
1846	1669	0.1
1847	246	0.1
1852	453	0.1
1853	1377	0.1
1857	993	0.1
1860	1159	0.1
1861	1287	0.1
1862	453	0.1
1865	1669	0.1
1866	1706	0.1
1867	1363	0.1
1868	993	0.1
1868	1701	0.1
1869	1874	0.1
1870	1	0.1
1870	1870	0.1
1871	1669	0.1
1874	10	0.1
1874	12	0.1
1874	13	0.1
1874	14	0.1
1874	21	0.1
1874	23	0.1
1874	24	0.1
1874	25	0.1
1874	28	0.1
1874	31	0.1
1874	34	0.1
1874	35	0.1
1874	47	0.1
1874	55	0.1
1874	71	0.1
1874	75	0.1
1874	77	0.1
1874	84	0.1
1874	90	0.1
1874	93	0.1
1874	96	0.1
1874	104	0.1
1874	119	0.1
1874	125	0.1
1874	134	0.1
1874	149	0.1
1874	151	0.1
1874	153	0.1
1874	156	0.1
1874	158	0.1
1874	163	0.1
1874	173	0.1
1874	177	0.1
1874	187	0.1
1874	188	0.1
1874	197	0.1
1874	203	0.1
1874	210	0.1
1874	211	0.1
1874	217	0.1
1874	229	0.1
1874	234	0.1
1874	251	0.1
1874	257	0.1
1874	265	0.1
1874	284	0.1
1874	295	0.1
1874	303	0.1
1874	312	0.1
1874	323	0.1
1874	329	0.1
1874	337	0.1
1874	339	0.1
1874	343	0.1
1874	345	0.1
1874	347	0.1
1874	350	0.1
1874	362	0.1
1874	366	0.1
1874	370	0.1
1874	376	0.1
1874	379	0.1
1874	382	0.1
1874	385	0.1
1874	400	0.1
1874	410	0.1
1874	411	0.1
1874	412	0.1
1874	414	0.1
1874	419	0.1
1874	420	0.1
1874	437	0.1
1874	440	0.1
1874	442	0.1
1874	450	0.1
1874	453	0.1
1874	457	0.1
1874	459	0.1
1874	462	0.1
1874	465	0.1
1874	469	0.1
1874	479	0.1
1874	481	0.1
1874	502	0.1
1874	511	0.1
1874	513	0.1
1874	518	0.1
1874	521	0.1
1874	526	0.1
1874	535	0.1
1874	536	0.1
1874	539	0.1
1874	541	0.1
1874	549	0.1
1874	551	0.1
1874	557	0.1
1874	561	0.1
1874	565	0.1
1874	574	0.1
1874	579	0.1
1874	580	0.1
1874	585	0.1
1874	586	0.1
1874	594	0.1
1874	603	0.1
1874	614	0.1
1874	615	0.1
1874	620	0.1
1874	629	0.1
1874	633	0.1
1874	639	0.1
1874	654	0.1
1874	658	0.1
1874	659	0.1
1874	668	0.1
1874	670	0.1
1874	672	0.1
1874	683	0.1
1874	686	0.1
1874	690	0.1
1874	692	0.1
1874	694	0.1
1874	695	0.1
1874	698	0.1
1874	703	0.1
1874	711	0.1
1874	718	0.1
1874	720	0.1
1874	724	0.1
1874	725	0.1
1874	731	0.1
1874	732	0.1
1874	735	0.1
1874	747	0.1
1874	757	0.1
1874	788	0.1
1874	794	0.1
1874	800	0.1
1874	816	0.1
1874	817	0.1
1874	821	0.1
1874	829	0.1
1874	832	0.1
1874	833	0.1
1874	841	0.1
1874	852	0.1
1874	853	0.1
1874	860	0.1
1874	863	0.1
1874	867	0.1
1874	876	0.1
1874	881	0.1
1874	887	0.1
1874	888	0.1
1874	896	0.1
1874	898	0.1
1874	904	0.1
1874	906	0.1
1874	918	0.1
1874	922	0.1
1874	931	0.1
1874	933	0.1
1874	940	0.1
1874	943	0.1
1874	944	0.1
1874	945	0.1
1874	949	0.1
1874	960	0.1
1874	963	0.1
1874	973	0.1
1874	975	0.1
1874	999	0.1
1874	1009	0.1
1874	1015	0.1
1874	1020	0.1
1874	1034	0.1
1874	1062	0.1
1874	1067	0.1
1874	1080	0.1
1874	1087	0.1
1874	1090	0.1
1874	1096	0.1
1874	1102	0.1
1874	1120	0.1
1874	1128	0.1
1874	1131	0.1
1874	1133	0.1
1874	1134	0.1
1874	1140	0.1
1874	1144	0.1
1874	1149	0.1
1874	1151	0.1
1874	1153	0.1
1874	1167	0.1
1874	1179	0.1
1874	1180	0.1
1874	1193	0.1
1874	1194	0.1
1874	1200	0.1
1874	1203	0.1
1874	1214	0.1
1874	1218	0.1
1874	1229	0.1
1874	1256	0.1
1874	1258	0.1
1874	1268	0.1
1874	1269	0.1
1874	1276	0.1
1874	1278	0.1
1874	1285	0.1
1874	1286	0.1
1874	1299	0.1
1874	1309	0.1
1874	1319	0.1
1874	1320	0.1
1874	1323	0.1
1874	1336	0.1
1874	1347	0.1
1874	1353	0.1
1874	1354	0.1
1874	1361	0.1
1874	1362	0.1
1874	1369	0.1
1874	1387	0.1
1874	1399	0.1
1874	1402	0.1
1874	1408	0.1
1874	1420	0.1
1874	1422	0.1
1874	1430	0.1
1874	1440	0.1
1874	1465	0.1
1874	1467	0.1
1874	1468	0.1
1874	1469	0.1
1874	1472	0.1
1874	1481	0.1
1874	1482	0.1
1874	1487	0.1
1874	1488	0.1
1874	1493	0.1
1874	1494	0.1
1874	1497	0.1
1874	1499	0.1
1874	1501	0.1
1874	1505	0.1
1874	1506	0.1
1874	1510	0.1
1874	1522	0.1
1874	1523	0.1
1874	1524	0.1
1874	1539	0.1
1874	1541	0.1
1874	1543	0.1
1874	1547	0.1
1874	1549	0.1
1874	1550	0.1
1874	1557	0.1
1874	1559	0.1
1874	1565	0.1
1874	1566	0.1
1874	1570	0.1
1874	1576	0.1
1874	1580	0.1
1874	1581	0.1
1874	1586	0.1
1874	1587	0.1
1874	1592	0.1
1874	1604	0.1
1874	1616	0.1
1874	1625	0.1
1874	1644	0.1
1874	1645	0.1
1874	1662	0.1
1874	1669	0.1
1874	1670	0.1
1874	1677	0.1
1874	1680	0.1
1874	1681	0.1
1874	1684	0.1
1874	1688	0.1
1874	1689	0.1
1874	1712	0.1
1874	1715	0.1
1874	1727	0.1
1874	1731	0.1
1874	1742	0.1
1874	1751	0.1
1874	1754	0.1
1874	1767	0.1
1874	1768	0.1
1874	1770	0.1
1874	1776	0.1
1874	1778	0.1
1874	1792	0.1
1874	1794	0.1
1874	1807	0.1
1874	1808	0.1
1874	1814	0.1
1874	1818	0.1
1874	1829	0.1
1874	1833	0.1
1874	1839	0.1
1874	1843	0.1
1874	1844	0.1
1874	1848	0.1
1874	1854	0.1
1874	1869	0.1
1874	1874	0.1
1874	1878	0.1
1874	1892	0.1
1874	1894	0.1
1874	1899	0.1
1874	1903	0.1
1874	1906	0.1
1874	1911	0.1
1874	1925	0.1
1874	1927	0.1
1874	1930	0.1
1874	1934	0.1
1874	1962	0.1
1874	1963	0.1
1874	1974	0.1
1874	1976	0.1
1874	1984	0.1
1874	1987	0.1
1874	1988	0.1
1874	1998	0.1
1874	2002	0.1
1874	2011	0.1
1874	2012	0.1
1875	1706	0.1
1876	118	0.1
1876	208	0.1
1876	262	0.1
1876	279	0.1
1876	282	0.1
1876	453	0.1
1876	476	0.1
1876	529	0.1
1876	616	0.1
1876	630	0.1
1876	691	0.1
1876	702	0.1
1876	713	0.1
1876	869	0.1
1876	884	0.1
1876	1066	0.1
1876	1091	0.1
1876	1175	0.1
1876	1234	0.1
1876	1272	0.1
1876	1287	0.1
1876	1435	0.1
1876	1601	0.1
1876	1619	0.1
1876	1669	0.1
1876	1709	0.1
1876	1738	0.1
1876	1813	0.1
1876	1839	0.1
1876	1906	0.1
1876	1914	0.1
1876	1952	0.1
1876	2006	0.1
1877	1706	0.1
1878	24	0.1
1878	203	0.1
1878	257	0.1
1878	306	0.1
1878	329	0.1
1878	410	0.1
1878	412	0.1
1878	419	0.1
1878	453	0.1
1878	465	0.1
1878	794	0.1
1878	817	0.1
1878	852	0.1
1878	999	0.1
1878	1179	0.1
1878	1586	0.1
1878	1587	0.1
1878	1669	0.1
1878	1674	0.1
1878	1768	0.1
1878	1770	0.1
1878	1792	0.1
1878	1874	0.1
1878	1878	0.1
1878	1974	0.1
1878	1987	0.1
1879	1706	0.1
1880	453	0.1
1880	624	0.1
1880	713	0.1
1880	1159	0.1
1880	1669	0.1
1881	453	0.1
1881	630	0.1
1881	691	0.1
1881	1120	0.1
1881	1192	0.1
1881	1277	0.1
1881	1377	0.1
1881	1426	0.1
1881	1669	0.1
1882	453	0.1
1882	993	0.1
1882	1669	0.1
1882	1874	0.1
1883	1706	0.1
1884	1701	0.1
1885	1377	0.1
1886	1377	0.1
1890	1706	0.1
1891	1874	0.1
1894	34	0.1
1894	92	0.1
1894	411	0.1
1894	511	0.1
1894	536	0.1
1894	585	0.1
1894	841	0.1
1894	852	0.1
1894	943	0.1
1894	999	0.1
1894	1144	0.1
1894	1151	0.1
1894	1198	0.1
1894	1258	0.1
1894	1278	0.1
1894	1369	0.1
1894	1440	0.1
1894	1501	0.1
1894	1522	0.1
1894	1844	0.1
1894	1874	0.1
1894	1899	0.1
1894	1963	0.1
1894	1974	0.1
1894	1992	0.1
1894	1998	0.1
1894	2011	0.1
1896	1277	0.1
1897	412	0.1
1897	829	0.1
1897	1874	0.1
1897	1930	0.1
1900	246	0.1
1902	1669	0.1
1904	1669	0.1
1906	140	0.1
1906	246	0.1
1906	248	0.1
1906	253	0.1
1906	329	0.1
1906	386	0.1
1906	393	0.1
1906	425	0.1
1906	449	0.1
1906	453	0.1
1906	466	0.1
1906	572	0.1
1906	730	0.1
1906	882	0.1
1906	895	0.1
1906	993	0.1
1906	1018	0.1
1906	1039	0.1
1906	1114	0.1
1906	1118	0.1
1906	1159	0.1
1906	1187	0.1
1906	1287	0.1
1906	1306	0.1
1906	1365	0.1
1906	1372	0.1
1906	1377	0.1
1906	1389	0.1
1906	1424	0.1
1906	1500	0.1
1906	1550	0.1
1906	1594	0.1
1906	1669	0.1
1906	1874	0.1
1906	1876	0.1
1906	1906	0.1
1906	1913	0.1
1908	895	0.1
1909	1874	0.1
1911	186	0.1
1911	283	0.1
1911	1706	0.1
1912	15	0.1
1912	203	0.1
1912	350	0.1
1912	375	0.1
1912	459	0.1
1912	999	0.1
1912	1208	0.1
1912	1258	0.1
1912	1278	0.1
1912	1383	0.1
1912	1505	0.1
1912	1586	0.1
1912	1768	0.1
1912	1874	0.1
1912	1987	0.1
1914	1287	0.1
1914	1876	0.1
1918	453	0.1
1918	1159	0.1
1918	1520	0.1
1920	396	0.1
1920	993	0.1
1922	246	0.1
1922	895	0.1
1922	1288	0.1
1922	1952	0.1
1927	203	0.1
1927	457	0.1
1927	535	0.1
1927	1144	0.1
1927	1768	0.1
1927	1874	0.1
1930	3	0.1
1930	203	0.1
1930	412	0.1
1930	817	0.1
1930	1047	0.1
1930	1258	0.1
1930	1590	0.1
1930	1751	0.1
1930	1768	0.1
1930	1874	0.1
1931	1701	0.1
1932	1874	0.1
1934	1706	0.1
1934	1874	0.1
1938	699	0.1
1941	702	0.1
1942	217	0.1
1942	943	0.1
1942	1151	0.1
1942	1522	0.1
1942	1942	0.1
1942	1998	0.1
1944	1669	0.1
1945	1706	0.1
1948	453	0.1
1953	1953	0.1
1954	1159	0.1
1955	453	0.1
1955	2027	0.1
1957	453	0.1
1957	1874	0.1
1957	1952	0.1
1958	1669	0.1
1959	1669	0.1
1961	1669	0.1
1963	21	0.1
1963	22	0.1
1963	39	0.1
1963	104	0.1
1963	120	0.1
1963	203	0.1
1963	217	0.1
1963	350	0.1
1963	411	0.1
1963	419	0.1
1963	511	0.1
1963	539	0.1
1963	690	0.1
1963	852	0.1
1963	869	0.1
1963	999	0.1
1963	1258	0.1
1963	1278	0.1
1963	1323	0.1
1963	1522	0.1
1963	1576	0.1
1963	1586	0.1
1963	1669	0.1
1963	1680	0.1
1963	1751	0.1
1963	1767	0.1
1963	1770	0.1
1963	1833	0.1
1963	1839	0.1
1963	1874	0.1
1963	1899	0.1
1963	1974	0.1
1963	1998	0.1
1964	1159	0.1
1967	1669	0.1
1970	453	0.1
1972	246	0.1
1974	21	0.1
1974	34	0.1
1974	47	0.1
1974	104	0.1
1974	217	0.1
1974	403	0.1
1974	411	0.1
1974	429	0.1
1974	511	0.1
1974	536	0.1
1974	585	0.1
1974	737	0.1
1974	852	0.1
1974	903	0.1
1974	999	0.1
1974	1073	0.1
1974	1080	0.1
1974	1144	0.1
1974	1179	0.1
1974	1194	0.1
1974	1198	0.1
1974	1258	0.1
1974	1278	0.1
1974	1309	0.1
1974	1369	0.1
1974	1380	0.1
1974	1430	0.1
1974	1440	0.1
1974	1453	0.1
1974	1522	0.1
1974	1634	0.1
1974	1782	0.1
1974	1833	0.1
1974	1844	0.1
1974	1874	0.1
1974	1894	0.1
1974	1899	0.1
1974	1963	0.1
1974	1974	0.1
1974	1995	0.1
1974	1998	0.1
1975	1274	0.1
1977	1706	0.1
1979	1155	0.1
1981	1669	0.1
1983	1159	0.1
1984	1	0.1
1984	1874	0.1
1987	31	0.1
1987	153	0.1
1987	329	0.1
1987	412	0.1
1987	419	0.1
1987	453	0.1
1987	465	0.1
1987	511	0.1
1987	683	0.1
1987	732	0.1
1987	794	0.1
1987	798	0.1
1987	817	0.1
1987	824	0.1
1987	852	0.1
1987	999	0.1
1987	1179	0.1
1987	1258	0.1
1987	1587	0.1
1987	1669	0.1
1987	1670	0.1
1987	1768	0.1
1987	1792	0.1
1987	1874	0.1
1987	1878	0.1
1987	1927	0.1
1987	1966	0.1
1988	1440	0.1
1988	1874	0.1
1989	1706	0.1
1989	1989	0.1
1990	4	0.1
1990	1258	0.1
1990	1805	0.1
1992	45	0.1
1992	217	0.1
1992	403	0.1
1992	585	0.1
1992	605	0.1
1992	723	0.1
1992	737	0.1
1992	903	0.1
1992	999	0.1
1992	1144	0.1
1992	1194	0.1
1992	1198	0.1
1992	1239	0.1
1992	1258	0.1
1992	1278	0.1
1992	1369	0.1
1992	1380	0.1
1992	1440	0.1
1992	1501	0.1
1992	1580	0.1
1992	1858	0.1
1992	1894	0.1
1992	1992	0.1
1992	1998	0.1
1994	132	0.1
1994	895	0.1
1995	1144	0.1
1995	1198	0.1
1996	825	0.1
1998	21	0.1
1998	25	0.1
1998	34	0.1
1998	45	0.1
1998	96	0.1
1998	104	0.1
1998	153	0.1
1998	184	0.1
1998	217	0.1
1998	265	0.1
1998	411	0.1
1998	412	0.1
1998	457	0.1
1998	511	0.1
1998	536	0.1
1998	585	0.1
1998	714	0.1
1998	824	0.1
1998	828	0.1
1998	841	0.1
1998	852	0.1
1998	903	0.1
1998	943	0.1
1998	965	0.1
1998	992	0.1
1998	999	0.1
1998	1110	0.1
1998	1144	0.1
1998	1151	0.1
1998	1198	0.1
1998	1258	0.1
1998	1269	0.1
1998	1278	0.1
1998	1369	0.1
1998	1380	0.1
1998	1440	0.1
1998	1467	0.1
1998	1501	0.1
1998	1522	0.1
1998	1580	0.1
1998	1586	0.1
1998	1587	0.1
1998	1663	0.1
1998	1833	0.1
1998	1844	0.1
1998	1854	0.1
1998	1874	0.1
1998	1894	0.1
1998	1899	0.1
1998	1903	0.1
1998	1942	0.1
1998	1963	0.1
1998	1974	0.1
1998	1987	0.1
1999	1	0.1
2000	1159	0.1
2002	1874	0.1
2006	453	0.1
2006	895	0.1
2006	1287	0.1
2006	1876	0.1
2007	1874	0.1
2009	1952	0.1
2010	1377	0.1
2010	1669	0.1
2013	1159	0.1
2020	246	0.1
2021	1669	0.1
2024	547	0.1
2026	1377	0.1
2027	56	0.1
2027	146	0.1
2027	155	0.1
2027	245	0.1
2027	329	0.1
2027	453	0.1
2027	630	0.1
2027	691	0.1
2027	702	0.1
2027	713	0.1
2027	869	0.1
2027	895	0.1
2027	1277	0.1
2027	1287	0.1
2027	1426	0.1
2027	1430	0.1
2027	1510	0.1
2027	1669	0.1
2027	1743	0.1
2027	1768	0.1
2027	1955	0.1
2028	453	0.1
