1	16	1.0
1	27	1.0
1	46	1.0
1	49	1.0
1	52	1.0
1	123	1.0
1	242	1.0
1	254	1.0
1	264	1.0
1	278	0.0238
1	294	1.0
1	314	1.0
1	317	1.0
1	325	0.5
1	350	0.0357
1	352	0.5
1	384	1.0
1	411	0.0323
1	448	1.0
1	451	1.0
1	453	0.0068
1	455	1.0
1	525	1.0
1	526	0.1429
1	530	1.0
1	551	0.3333
1	552	0.5
1	559	1.0
1	600	1.0
1	612	1.0
1	617	1.0
1	623	1.0
1	644	1.0
1	652	1.0
1	654	0.5
1	664	1.0
1	686	0.5
1	722	1.0
1	742	1.0
1	752	1.0
1	758	1.0
1	770	1.0
1	771	1.0
1	950	1.0
1	967	1.0
1	993	0.0286
1	1028	1.0
1	1075	1.0
1	1176	1.0
1	1225	1.0
1	1235	0.5
1	1247	1.0
1	1255	1.0
1	1258	0.0115
1	1260	1.0
1	1283	1.0
1	1285	0.5
1	1287	0.0137
1	1316	1.0
1	1375	1.0
1	1391	1.0
1	1431	1.0
1	1438	1.0
1	1448	1.0
1	1475	1.0
1	1496	1.0
1	1509	1.0
1	1530	1.0
1	1534	1.0
1	1593	1.0
1	1606	1.0
1	1643	1.0
1	1646	1.0
1	1669	0.0045
1	1696	1.0
1	1716	1.0
1	1719	1.0
1	1726	1.0
1	1732	1.0
1	1751	0.0455
1	1765	1.0
1	1766	1.0
1	1817	1.0
1	1824	1.0
1	1833	0.0303
1	1835	1.0
1	1836	1.0
1	1849	1.0
1	1874	0.004
1	1892	0.3333
1	1943	1.0
1	1969	1.0
1	1982	1.0
1	1985	1.0
1	2022	1.0
1	2029	1.0
2	895	0.0152
5	1159	0.0128
10	1874	0.004
12	465	0.0345
12	511	0.0182
12	999	0.0152
12	1179	0.0667
12	1440	0.0192
12	1587	0.0323
12	1670	0.0769
12	1792	0.0286
12	1874	0.004
13	1792	0.0286
13	1874	0.004
17	993	0.0286
20	963	0.1667
24	31	0.125
24	429	0.1667
24	511	0.0182
24	526	0.1429
24	735	0.3333
24	829	0.0455
24	999	0.0152
24	1278	0.0263
24	1549	0.3333
24	1663	0.1429
24	1874	0.004
25	34	0.0455
25	265	0.2
25	585	0.0244
25	841	0.0714
25	999	0.0152
25	1144	0.02
25	1151	0.0833
25	1258	0.0115
25	1580	0.0526
25	1899	0.0435
25	1998	0.025
26	1669	0.0045
29	246	0.0141
29	1669	0.0045
32	1706	0.009
33	278	0.0238
34	25	0.0769
34	217	0.037
34	403	0.0588
34	605	0.1
34	627	0.25
34	737	0.0833
34	852	0.0256
34	903	0.1111
34	939	0.1429
34	1144	0.02
34	1194	0.0833
34	1198	0.04
34	1258	0.0115
34	1380	0.0588
34	1453	0.1
34	1580	0.0526
34	1782	0.1111
34	1854	0.1429
34	1874	0.004
34	1899	0.0435
34	1974	0.0294
34	1992	0.1
34	1995	0.1111
34	1998	0.025
38	12	0.1111
38	794	0.0667
38	993	0.0286
38	1440	0.0192
38	1669	0.0045
43	566	1.0
45	25	0.0769
45	34	0.0455
45	585	0.0244
45	939	0.1429
45	1144	0.02
45	1198	0.04
45	1291	0.1429
45	1580	0.0526
45	1782	0.1111
50	1274	0.2
50	1667	0.5
53	1669	0.0045
55	1258	0.0115
55	1874	0.004
58	993	0.0286
59	1952	0.0256
63	1060	1.0
65	1669	0.0045
67	1874	0.004
68	1669	0.0045
69	278	0.0238
71	1874	0.004
76	466	0.1429
76	1018	0.3333
76	1669	0.0045
78	1701	0.0385
79	1706	0.009
81	1669	0.0045
82	1701	0.0385
84	15	0.25
84	203	0.027
84	350	0.0357
84	829	0.0455
84	1258	0.0115
84	1563	0.2
84	1706	0.009
84	1768	0.0192
84	1833	0.0303
84	1874	0.004
84	1997	0.3333
86	1669	0.0045
87	1159	0.0128
90	90	0.1
90	511	0.0182
90	585	0.0244
90	1369	0.04
90	1874	0.004
92	403	0.0588
92	723	0.0833
92	1144	0.02
92	1198	0.04
92	1291	0.1429
92	1380	0.0588
92	1440	0.0192
92	1580	0.0526
92	1894	0.0435
92	1992	0.1
92	1998	0.025
93	853	0.1429
93	1839	0.0303
93	1874	0.004
97	453	0.0068
97	1277	0.0333
98	278	0.0238
98	470	0.5
98	702	0.04
98	727	0.5
98	1629	0.0526
99	1706	0.009
101	246	0.0141
103	246	0.0141
106	691	0.0417
107	895	0.0152
108	1144	0.02
110	246	0.0141
116	1669	0.0045
118	1287	0.0137
120	120	0.125
120	1669	0.0045
122	993	0.0286
122	1857	0.5
124	895	0.0152
127	1669	0.0045
128	1706	0.009
129	1159	0.0128
131	1	0.0476
133	1706	0.009
134	1874	0.004
135	691	0.0417
137	1159	0.0128
137	1706	0.009
142	453	0.0068
142	713	0.0278
142	1159	0.0128
142	1277	0.0333
143	1669	0.0045
144	278	0.0238
145	1287	0.0137
146	1743	0.1429
148	511	0.0182
148	795	0.1429
148	1253	0.2
148	1706	0.009
148	1874	0.004
149	829	0.0455
149	861	1.0
149	1874	0.004
151	93	0.2
151	203	0.027
151	350	0.0357
151	436	0.5
151	462	0.5
151	795	0.1429
151	1586	0.0222
151	1751	0.0455
151	1801	1.0
151	1874	0.004
155	56	0.0714
155	453	0.0068
155	869	0.0345
155	898	0.1667
155	993	0.0286
155	1277	0.0333
155	1287	0.0137
155	1619	0.0667
155	1669	0.0045
155	1839	0.0303
155	2027	0.0476
156	1874	0.004
157	1706	0.009
158	1706	0.009
158	1768	0.0192
159	575	0.3333
161	1706	0.009
163	1874	0.004
164	1706	0.009
165	511	0.0182
165	852	0.0256
165	869	0.0345
165	999	0.0152
165	1258	0.0115
165	1669	0.0045
165	1674	0.1667
167	547	0.0286
175	453	0.0068
176	691	0.0417
178	453	0.0068
179	453	0.0068
179	1159	0.0128
180	547	0.0286
181	453	0.0068
182	511	0.0182
182	756	0.5
183	1669	0.0045
185	1159	0.0128
185	1952	0.0256
190	227	0.25
192	1669	0.0045
193	1701	0.0385
200	902	0.25
201	1839	0.0303
202	1669	0.0045
203	84	0.125
203	151	0.0909
203	350	0.0357
203	412	0.0294
203	419	0.0667
203	535	0.0833
203	539	0.0769
203	829	0.0455
203	853	0.1429
203	1080	0.0909
203	1258	0.0115
203	1303	0.25
203	1387	0.5
203	1576	0.0625
203	1586	0.0222
203	1669	0.0045
203	1751	0.0455
203	1768	0.0192
203	1833	0.0303
203	1874	0.004
203	1927	0.1667
205	453	0.0068
205	713	0.0278
206	547	0.0286
206	1159	0.0128
206	1701	0.0385
209	453	0.0068
209	895	0.0152
211	211	0.3333
211	1874	0.004
214	1669	0.0045
216	1706	0.009
217	153	0.1
217	177	0.2
217	403	0.0588
217	411	0.0323
217	511	0.0182
217	536	0.0667
217	585	0.0244
217	841	0.0714
217	852	0.0256
217	943	0.0833
217	999	0.0152
217	1144	0.02
217	1151	0.0833
217	1258	0.0115
217	1269	0.0833
217	1278	0.0263
217	1369	0.04
217	1440	0.0192
217	1457	1.0
217	1522	0.04
217	1833	0.0303
217	1854	0.1429
217	1858	0.1111
217	1874	0.004
217	1899	0.0435
217	1942	0.125
217	1963	0.0286
217	1974	0.0294
217	1987	0.0286
217	1998	0.025
219	795	0.1429
219	1874	0.004
220	56	0.0714
220	1120	0.0667
220	1795	1.0
222	1727	0.1429
223	1159	0.0128
226	1159	0.0128
228	1159	0.0128
229	227	0.25
229	1258	0.0115
229	1874	0.004
230	895	0.0152
232	1669	0.0045
234	1874	0.004
238	1706	0.009
241	1377	0.0217
245	245	0.1429
245	278	0.0238
245	329	0.0357
245	410	0.0833
245	453	0.0068
245	1058	0.1429
245	1287	0.0137
245	1587	0.0323
245	1669	0.0045
245	1768	0.0192
245	1906	0.0435
245	1987	0.0286
247	247	0.5
247	1669	0.0045
248	76	0.2
248	253	0.5
248	466	0.1429
248	1187	0.3333
248	1389	0.5
248	1669	0.0045
248	1906	0.0435
248	2027	0.0476
249	453	0.0068
250	713	0.0278
251	1440	0.0192
251	1533	1.0
251	1706	0.009
251	1874	0.004
252	1	0.0476
256	246	0.0141
256	895	0.0152
259	1377	0.0217
260	701	0.5
263	1159	0.0128
265	536	0.0667
265	1471	0.3333
265	1998	0.025
266	266	0.2
267	1377	0.0217
271	246	0.0141
272	272	0.1429
272	605	0.1
272	852	0.0256
272	939	0.1429
272	1144	0.02
272	1198	0.04
272	1440	0.0192
272	1874	0.004
274	1669	0.0045
275	275	1.0
277	1144	0.02
278	33	1.0
278	98	0.5
278	144	1.0
278	162	1.0
278	245	0.1429
278	383	0.1429
278	415	0.5
278	441	1.0
278	453	0.0068
278	470	0.5
278	480	0.5
278	560	1.0
278	702	0.04
278	713	0.0278
278	808	0.3333
278	869	0.0345
278	898	0.1667
278	900	1.0
278	1058	0.1429
278	1154	1.0
278	1178	1.0
278	1213	1.0
278	1317	1.0
278	1601	0.0909
278	1619	0.0667
278	1629	0.0526
278	1669	0.0045
278	1762	0.5
278	1838	0.5
278	1851	1.0
279	453	0.0068
279	691	0.0417
279	713	0.0278
279	895	0.0152
279	1287	0.0137
281	1874	0.004
282	1287	0.0137
283	1874	0.004
284	1874	0.004
286	1669	0.0045
287	1706	0.009
288	999	0.0152
288	1477	1.0
291	1287	0.0137
292	453	0.0068
292	1277	0.0333
293	453	0.0068
293	713	0.0278
293	1669	0.0045
293	1813	0.1
295	999	0.0152
295	1278	0.0263
295	1874	0.004
301	301	0.5
301	1874	0.004
303	1874	0.004
308	1706	0.009
309	1669	0.0045
310	246	0.0141
312	1258	0.0115
312	1684	0.5
312	1874	0.004
315	1701	0.0385
318	1	0.0476
322	1669	0.0045
324	1701	0.0385
324	1952	0.0256
329	203	0.027
329	329	0.0357
329	350	0.0357
329	410	0.0833
329	453	0.0068
329	895	0.0152
329	943	0.0833
329	999	0.0152
329	1258	0.0115
329	1550	0.0435
329	1601	0.0909
329	1669	0.0045
329	1768	0.0192
329	1874	0.004
329	1906	0.0435
329	1987	0.0286
329	2027	0.0476
330	1669	0.0045
331	246	0.0141
331	547	0.0286
331	1701	0.0385
332	1159	0.0128
339	1144	0.02
339	1874	0.004
339	1974	0.0294
341	56	0.0714
341	547	0.0286
341	1377	0.0217
341	1669	0.0045
341	1701	0.0385
341	1706	0.009
342	453	0.0068
344	585	0.0244
344	737	0.0833
344	1144	0.02
344	1974	0.0294
344	1998	0.025
346	1706	0.009
347	1874	0.004
350	15	0.25
350	84	0.125
350	151	0.0909
350	166	0.5
350	203	0.027
350	360	1.0
350	379	0.5
350	436	0.5
350	492	0.5
350	535	0.0833
350	539	0.0769
350	584	0.5
350	603	0.3333
350	829	0.0455
350	832	0.5
350	853	0.1429
350	895	0.0152
350	918	0.2
350	1061	0.3333
350	1258	0.0115
350	1486	0.3333
350	1539	0.5
350	1563	0.2
350	1576	0.0625
350	1586	0.0222
350	1639	0.25
350	1706	0.009
350	1751	0.0455
350	1768	0.0192
350	1833	0.0303
350	1839	0.0303
350	1874	0.004
350	1912	0.5
350	1963	0.0286
351	453	0.0068
353	246	0.0141
353	453	0.0068
353	547	0.0286
353	1952	0.0256
354	1669	0.0045
356	1669	0.0045
357	1669	0.0045
359	329	0.0357
359	453	0.0068
359	476	0.1
359	576	0.5
359	702	0.04
359	799	1.0
359	869	0.0345
359	895	0.0152
359	1159	0.0128
359	1192	0.1429
359	1277	0.0333
359	1306	0.2
359	1536	0.25
359	1550	0.0435
359	1768	0.0192
359	1976	0.2
359	1987	0.0286
362	412	0.0294
362	453	0.0068
362	511	0.0182
362	1258	0.0115
362	1465	0.1667
362	1768	0.0192
362	1874	0.004
363	80	0.25
363	511	0.0182
363	547	0.0286
363	1159	0.0128
363	1287	0.0137
363	1306	0.2
363	1377	0.0217
363	1444	0.3333
363	1611	1.0
363	1706	0.009
363	1874	0.004
367	1159	0.0128
367	1706	0.009
369	453	0.0068
369	1277	0.0333
370	1706	0.009
370	1874	0.004
371	453	0.0068
373	895	0.0152
376	1258	0.0115
376	1369	0.04
376	1706	0.009
376	1874	0.004
379	350	0.0357
379	1874	0.004
383	511	0.0182
383	730	0.125
383	1669	0.0045
383	1839	0.0303
389	1377	0.0217
390	297	1.0
390	780	1.0
390	795	0.1429
390	984	1.0
390	1501	0.04
390	1697	0.5
390	1887	1.0
390	1907	0.5
391	1287	0.0137
394	1669	0.0045
396	993	0.0286
396	1920	0.5
397	453	0.0068
399	453	0.0068
403	34	0.0455
403	999	0.0152
403	1144	0.02
403	1198	0.04
403	1580	0.0526
403	1858	0.1111
403	1995	0.1111
403	1998	0.025
405	1669	0.0045
406	278	0.0238
407	1669	0.0045
410	1669	0.0045
411	21	0.0714
411	217	0.037
411	429	0.1667
411	465	0.0345
411	511	0.0182
411	614	0.5
411	633	0.5
411	817	0.05
411	852	0.0256
411	930	0.5
411	999	0.0152
411	1144	0.02
411	1258	0.0115
411	1278	0.0263
411	1390	1.0
411	1440	0.0192
411	1522	0.04
411	1586	0.0222
411	1743	0.1429
411	1751	0.0455
411	1792	0.0286
411	1807	0.2
411	1833	0.0303
411	1874	0.004
411	1899	0.0435
411	1963	0.0286
411	1974	0.0294
411	1998	0.025
412	84	0.125
412	119	0.25
412	153	0.1
412	197	0.5
412	203	0.027
412	306	0.1111
412	362	0.125
412	412	0.0294
412	420	0.3333
412	453	0.0068
412	457	0.0588
412	465	0.0345
412	511	0.0182
412	539	0.0769
412	579	0.3333
412	585	0.0244
412	668	0.1667
412	829	0.0455
412	999	0.0152
412	1080	0.0909
412	1214	0.2
412	1258	0.0115
412	1278	0.0263
412	1465	0.1667
412	1586	0.0222
412	1669	0.0045
412	1717	1.0
412	1767	0.0909
412	1768	0.0192
412	1770	0.0667
412	1792	0.0286
412	1874	0.004
412	1892	0.3333
412	1906	0.0435
412	1963	0.0286
412	1997	0.3333
415	671	1.0
415	831	0.5
415	1092	1.0
418	511	0.0182
418	1576	0.0625
419	153	0.1
419	412	0.0294
419	465	0.0345
419	628	0.2
419	683	0.1667
419	794	0.0667
419	817	0.05
419	852	0.0256
419	1179	0.0667
419	1258	0.0115
419	1278	0.0263
419	1587	0.0323
419	1768	0.0192
419	1792	0.0286
419	1839	0.0303
419	1874	0.004
419	1987	0.0286
420	412	0.0294
420	420	0.3333
420	1706	0.009
420	1874	0.004
421	895	0.0152
422	246	0.0141
424	105	0.3333
424	453	0.0068
424	463	0.25
424	569	0.3333
424	869	0.0345
426	453	0.0068
428	1706	0.009
430	246	0.0141
430	1669	0.0045
430	1952	0.0256
432	993	0.0286
432	1377	0.0217
432	1706	0.009
432	1952	0.0256
433	1669	0.0045
435	1500	0.1667
437	1874	0.004
438	1669	0.0045
441	278	0.0238
441	1407	1.0
441	1629	0.0526
442	829	0.0455
442	1874	0.004
444	1159	0.0128
446	246	0.0141
447	1669	0.0045
453	14	0.1429
453	56	0.0714
453	97	0.3333
453	142	0.5
453	153	0.1
453	155	0.0625
453	178	0.3333
453	179	0.5
453	195	0.3333
453	205	0.25
453	278	0.0238
453	292	0.3333
453	329	0.0357
453	330	0.5
453	359	0.1667
453	369	0.3333
453	412	0.0294
453	488	0.3333
453	494	1.0
453	547	0.0286
453	583	1.0
453	630	0.0667
453	691	0.0417
453	702	0.04
453	713	0.0278
453	734	0.5
453	760	0.5
453	849	0.5
453	869	0.0345
453	895	0.0152
453	902	0.25
453	928	0.3333
453	938	0.3333
453	948	1.0
453	991	0.1429
453	993	0.0286
453	994	1.0
453	998	0.5
453	1039	0.3333
453	1076	0.5
453	1082	1.0
453	1184	1.0
453	1186	0.5
453	1192	0.1429
453	1195	0.3333
453	1258	0.0115
453	1267	0.5
453	1277	0.0333
453	1287	0.0137
453	1337	0.5
453	1405	0.3333
453	1480	0.5
453	1484	1.0
453	1503	1.0
453	1510	0.0714
453	1520	0.3333
453	1541	0.2
453	1550	0.0435
453	1576	0.0625
453	1586	0.0222
453	1587	0.0323
453	1601	0.0909
453	1619	0.0667
453	1629	0.0526
453	1669	0.0045
453	1690	0.3333
453	1748	0.1429
453	1768	0.0192
453	1780	0.3333
453	1792	0.0286
453	1813	0.1
453	1831	0.3333
453	1852	0.5
453	1874	0.004
453	1876	0.0345
453	1880	0.3333
453	1881	0.125
453	1918	0.3333
453	1948	1.0
453	1956	0.125
453	1987	0.0286
453	2027	0.0476
454	1706	0.009
456	1706	0.009
457	21	0.0714
457	412	0.0294
457	511	0.0182
457	711	0.5
457	899	0.5
457	999	0.0152
457	1009	0.3333
457	1144	0.02
457	1258	0.0115
457	1369	0.04
457	1522	0.04
457	1587	0.0323
457	1768	0.0192
457	1833	0.0303
457	1874	0.004
457	1927	0.1667
457	1974	0.0294
457	1998	0.025
459	1159	0.0128
460	278	0.0238
461	1874	0.004
462	1258	0.0115
462	1706	0.009
465	306	0.1111
465	383	0.1429
465	412	0.0294
465	511	0.0182
465	526	0.1429
465	628	0.2
465	817	0.05
465	1011	0.1111
465	1179	0.0667
465	1440	0.0192
465	1670	0.0769
465	1743	0.1429
465	1770	0.0667
465	1792	0.0286
465	1874	0.004
465	2027	0.0476
466	76	0.2
466	1365	0.5
466	1372	0.5
466	1669	0.0045
466	1906	0.0435
467	1706	0.009
471	1874	0.004
473	1874	0.004
474	246	0.0141
475	1	0.0476
475	392	1.0
475	963	0.1667
475	1939	1.0
476	203	0.027
476	329	0.0357
476	691	0.0417
476	855	0.1667
476	869	0.0345
476	993	0.0286
476	1287	0.0137
476	1550	0.0435
476	1669	0.0045
476	1748	0.1429
476	1768	0.0192
476	1987	0.0286
478	1906	0.0435
479	90	0.1
479	151	0.0909
479	165	0.1111
479	210	0.25
479	266	0.2
479	272	0.1429
479	383	0.1429
479	412	0.0294
479	419	0.0667
479	465	0.0345
479	511	0.0182
479	556	0.2
479	558	0.1667
479	585	0.0244
479	599	0.25
479	666	0.5
479	690	0.0833
479	713	0.0278
479	794	0.0667
479	852	0.0256
479	999	0.0152
479	1241	0.1667
479	1430	0.1
479	1510	0.0714
479	1523	0.1667
479	1586	0.0222
479	1587	0.0323
479	1652	0.5
479	1669	0.0045
479	1670	0.0769
479	1674	0.1667
479	1731	0.25
479	1767	0.0909
479	1839	0.0303
479	1874	0.004
479	1878	0.1
479	1911	0.3333
479	1987	0.0286
480	808	0.3333
481	1706	0.009
481	1874	0.004
482	1669	0.0045
483	895	0.0152
485	387	1.0
485	526	0.1429
485	1499	0.3333
486	1669	0.0045
486	1966	0.5
488	453	0.0068
489	1874	0.004
490	1669	0.0045
493	1377	0.0217
494	453	0.0068
495	1706	0.009
496	1669	0.0045
497	246	0.0141
498	246	0.0141
498	547	0.0286
498	895	0.0152
498	1159	0.0128
498	1701	0.0385
498	1706	0.009
498	1952	0.0256
499	1669	0.0045
500	1159	0.0128
501	1669	0.0045
505	246	0.0141
510	1440	0.0192
510	1988	0.3333
511	12	0.1111
511	14	0.1429
511	21	0.0714
511	24	0.125
511	25	0.0769
511	47	0.125
511	71	0.3333
511	90	0.1
511	104	0.0769
511	120	0.125
511	148	0.3333
511	151	0.0909
511	165	0.1111
511	177	0.2
511	182	1.0
511	203	0.027
511	217	0.037
511	266	0.2
511	272	0.1429
511	301	0.5
511	306	0.1111
511	329	0.0357
511	410	0.0833
511	411	0.0323
511	412	0.0294
511	418	0.5
511	419	0.0667
511	453	0.0068
511	457	0.0588
511	464	1.0
511	465	0.0345
511	479	0.1111
511	511	0.0182
511	526	0.1429
511	558	0.1667
511	565	0.5
511	585	0.0244
511	599	0.25
511	626	0.5
511	641	0.3333
511	668	0.1667
511	690	0.0833
511	713	0.0278
511	756	0.5
511	794	0.0667
511	817	0.05
511	824	0.2
511	829	0.0455
511	852	0.0256
511	890	0.3333
511	898	0.1667
511	963	0.1667
511	980	0.3333
511	992	0.5
511	999	0.0152
511	1019	0.25
511	1073	0.1667
511	1080	0.0909
511	1120	0.0667
511	1144	0.02
511	1179	0.0667
511	1231	1.0
511	1241	0.1667
511	1258	0.0115
511	1278	0.0263
511	1309	0.1429
511	1323	0.0714
511	1342	1.0
511	1369	0.04
511	1430	0.1
511	1434	0.5
511	1440	0.0192
511	1467	0.1429
511	1501	0.04
511	1510	0.0714
511	1522	0.04
511	1576	0.0625
511	1586	0.0222
511	1587	0.0323
511	1670	0.0769
511	1688	0.5
511	1712	0.5
511	1743	0.1429
511	1751	0.0455
511	1767	0.0909
511	1792	0.0286
511	1833	0.0303
511	1839	0.0303
511	1874	0.004
511	1894	0.0435
511	1899	0.0435
511	1963	0.0286
511	1974	0.0294
511	1976	0.2
511	1987	0.0286
511	1998	0.025
511	2011	0.1667
513	1874	0.004
515	1669	0.0045
517	517	1.0
520	56	0.0714
520	246	0.0141
521	511	0.0182
521	594	0.5
521	1440	0.0192
521	1471	0.3333
521	1702	1.0
521	1874	0.004
522	1895	1.0
523	1669	0.0045
526	1499	0.3333
526	1874	0.004
529	895	0.0152
529	1876	0.0345
531	993	0.0286
531	1701	0.0385
532	547	0.0286
533	1874	0.004
534	1874	0.004
535	203	0.027
535	350	0.0357
535	539	0.0769
535	829	0.0455
535	853	0.1429
535	1258	0.0115
535	1586	0.0222
535	1685	0.3333
535	1727	0.1429
535	1768	0.0192
535	1833	0.0303
535	1839	0.0303
535	1874	0.004
535	1963	0.0286
539	166	0.5
539	203	0.027
539	350	0.0357
539	362	0.125
539	535	0.0833
539	584	0.5
539	585	0.0244
539	687	1.0
539	829	0.0455
539	918	0.2
539	999	0.0152
539	1258	0.0115
539	1563	0.2
539	1586	0.0222
539	1727	0.1429
539	1767	0.0909
539	1768	0.0192
539	1792	0.0286
539	1833	0.0303
539	1839	0.0303
539	1874	0.004
539	1963	0.0286
540	1258	0.0115
540	1874	0.004
541	1874	0.004
542	1287	0.0137
542	1538	0.5
545	895	0.0152
546	246	0.0141
547	453	0.0068
547	607	1.0
547	801	1.0
547	968	1.0
547	1521	1.0
547	1631	1.0
547	1840	1.0
548	1874	0.004
549	1874	0.004
551	1874	0.004
554	1706	0.009
560	547	0.0286
563	1190	0.5
564	1706	0.009
567	1	0.0476
569	424	0.5
569	453	0.0068
569	869	0.0345
573	278	0.0238
577	1190	0.5
580	1258	0.0115
580	1874	0.004
582	1258	0.0115
583	453	0.0068
585	12	0.1111
585	21	0.0714
585	25	0.0769
585	34	0.0455
585	84	0.125
585	119	0.25
585	120	0.125
585	155	0.0625
585	165	0.1111
585	211	0.3333
585	217	0.037
585	278	0.0238
585	344	0.5
585	362	0.125
585	411	0.0323
585	412	0.0294
585	434	0.5
585	453	0.0068
585	457	0.0588
585	479	0.1111
585	511	0.0182
585	556	0.2
585	558	0.1667
585	574	0.2
585	579	0.3333
585	585	0.0244
585	668	0.1667
585	827	0.25
585	829	0.0455
585	852	0.0256
585	904	0.25
585	999	0.0152
585	1019	0.25
585	1120	0.0667
585	1144	0.02
585	1198	0.04
585	1214	0.2
585	1241	0.1667
585	1258	0.0115
585	1278	0.0263
585	1323	0.0714
585	1369	0.04
585	1380	0.0588
585	1402	0.25
585	1430	0.1
585	1440	0.0192
585	1453	0.1
585	1465	0.1667
585	1501	0.04
585	1522	0.04
585	1547	0.3333
585	1576	0.0625
585	1580	0.0526
585	1586	0.0222
585	1619	0.0667
585	1629	0.0526
585	1669	0.0045
585	1670	0.0769
585	1689	0.3333
585	1751	0.0455
585	1767	0.0909
585	1768	0.0192
585	1792	0.0286
585	1833	0.0303
585	1839	0.0303
585	1844	0.0769
585	1874	0.004
585	1878	0.1
585	1894	0.0435
585	1899	0.0435
585	1963	0.0286
585	1974	0.0294
585	1987	0.0286
585	1992	0.1
585	1998	0.025
585	2006	0.1667
588	246	0.0141
590	895	0.0152
591	1874	0.004
592	217	0.037
592	841	0.0714
593	1952	0.0256
594	521	0.1667
594	1874	0.004
595	246	0.0141
596	596	1.0
598	1669	0.0045
599	511	0.0182
599	599	0.25
601	1952	0.0256
603	203	0.027
603	1833	0.0303
603	1874	0.004
605	45	0.1
605	1144	0.02
605	1198	0.04
605	1291	0.1429
608	547	0.0286
609	1706	0.009
610	1669	0.0045
614	411	0.0323
614	1874	0.004
615	795	0.1429
615	1258	0.0115
615	1706	0.009
615	1874	0.004
616	1876	0.0345
616	1952	0.0256
618	1701	0.0385
620	203	0.027
620	329	0.0357
620	350	0.0357
620	412	0.0294
620	453	0.0068
620	732	0.1429
620	841	0.0714
620	852	0.0256
620	999	0.0152
620	1047	0.5
620	1258	0.0115
620	1586	0.0222
620	1768	0.0192
620	1874	0.004
620	1987	0.0286
621	895	0.0152
622	622	1.0
625	1669	0.0045
626	148	0.3333
626	511	0.0182
626	999	0.0152
626	1258	0.0115
626	1874	0.004
628	465	0.0345
628	1011	0.1111
629	1440	0.0192
629	1874	0.004
630	453	0.0068
630	691	0.0417
630	702	0.04
630	713	0.0278
630	895	0.0152
630	1277	0.0333
630	1287	0.0137
630	1550	0.0435
630	1669	0.0045
630	1876	0.0345
630	1881	0.125
631	993	0.0286
632	993	0.0286
633	1149	0.25
633	1874	0.004
634	141	1.0
634	1669	0.0045
638	1706	0.009
642	547	0.0286
645	246	0.0141
647	1706	0.009
648	246	0.0141
649	649	1.0
651	246	0.0141
655	1287	0.0137
656	656	0.1667
656	1144	0.02
656	1194	0.0833
656	1501	0.04
656	1782	0.1111
658	658	0.2
658	1258	0.0115
658	1742	0.3333
658	1874	0.004
659	798	0.25
659	1874	0.004
659	1987	0.0286
671	831	0.5
673	246	0.0141
675	895	0.0152
675	1500	0.1667
675	1952	0.0256
678	701	0.5
678	1440	0.0192
678	1874	0.004
679	1706	0.009
682	682	1.0
685	1669	0.0045
689	547	0.0286
689	1706	0.009
690	603	0.3333
690	853	0.1429
690	999	0.0152
690	1258	0.0115
690	1303	0.25
690	1586	0.0222
690	1751	0.0455
690	1833	0.0303
690	1839	0.0303
690	1874	0.004
690	1963	0.0286
691	56	0.0714
691	106	1.0
691	176	1.0
691	205	0.25
691	261	0.5
691	278	0.0238
691	279	0.125
691	329	0.0357
691	425	0.5
691	453	0.0068
691	476	0.1
691	691	0.0417
691	702	0.04
691	713	0.0278
691	785	1.0
691	855	0.1667
691	869	0.0345
691	895	0.0152
691	993	0.0286
691	1277	0.0333
691	1287	0.0137
691	1495	1.0
691	1523	0.1667
691	1550	0.0435
691	1629	0.0526
691	1669	0.0045
691	1830	0.5
691	1839	0.0303
691	1919	0.1667
691	2027	0.0476
693	1701	0.0385
696	1701	0.0385
697	993	0.0286
700	246	0.0141
702	48	1.0
702	56	0.0714
702	98	0.5
702	155	0.0625
702	203	0.027
702	278	0.0238
702	329	0.0357
702	359	0.1667
702	453	0.0068
702	476	0.1
702	542	0.3333
702	556	0.2
702	630	0.0667
702	691	0.0417
702	702	0.04
702	713	0.0278
702	869	0.0345
702	895	0.0152
702	993	0.0286
702	1277	0.0333
702	1287	0.0137
702	1363	0.3333
702	1526	0.5
702	1550	0.0435
702	1586	0.0222
702	1601	0.0909
702	1619	0.0667
702	1629	0.0526
702	1669	0.0045
702	1691	0.3333
702	1768	0.0192
702	1839	0.0303
702	1876	0.0345
702	1956	0.125
702	1987	0.0286
702	2027	0.0476
703	1874	0.004
705	1159	0.0128
706	1874	0.004
707	1952	0.0256
709	453	0.0068
710	1874	0.004
712	1669	0.0045
713	142	0.5
713	151	0.0909
713	195	0.3333
713	205	0.25
713	278	0.0238
713	279	0.125
713	293	1.0
713	453	0.0068
713	630	0.0667
713	730	0.125
713	819	1.0
713	869	0.0345
713	892	0.5
713	895	0.0152
713	928	0.3333
713	991	0.1429
713	1277	0.0333
713	1287	0.0137
713	1479	1.0
713	1586	0.0222
713	1619	0.0667
713	1629	0.0526
713	1669	0.0045
713	1780	0.3333
713	1813	0.1
713	1876	0.0345
713	1906	0.0435
713	1956	0.125
713	2027	0.0476
716	1669	0.0045
718	1	0.0476
718	492	0.5
718	1874	0.004
719	1377	0.0217
720	1874	0.004
723	34	0.0455
723	217	0.037
723	852	0.0256
723	1144	0.02
723	1198	0.04
723	1258	0.0115
726	1706	0.009
727	727	0.5
728	329	0.0357
728	410	0.0833
728	453	0.0068
728	1058	0.1429
728	1287	0.0137
728	1587	0.0323
728	1669	0.0045
728	1768	0.0192
728	1906	0.0435
728	1987	0.0286
729	251	0.5
730	381	1.0
730	383	0.1429
730	507	1.0
730	568	1.0
730	630	0.0667
730	713	0.0278
730	721	1.0
730	859	1.0
730	1232	0.5
730	1277	0.0333
730	1287	0.0137
730	1669	0.0045
730	1821	1.0
730	1991	1.0
732	1768	0.0192
732	1874	0.004
734	453	0.0068
734	547	0.0286
736	999	0.0152
737	14	0.1429
737	25	0.0769
737	34	0.0455
737	45	0.1
737	74	1.0
737	92	0.1429
737	108	1.0
737	136	1.0
737	168	1.0
737	196	1.0
737	217	0.037
737	218	1.0
737	272	0.1429
737	280	1.0
737	339	0.25
737	344	0.5
737	403	0.0588
737	411	0.0323
737	457	0.0588
737	511	0.0182
737	521	0.1667
737	553	1.0
737	585	0.0244
737	599	0.25
737	605	0.1
737	628	0.2
737	650	1.0
737	717	1.0
737	723	0.0833
737	737	0.0833
737	827	0.25
737	841	0.0714
737	852	0.0256
737	873	1.0
737	903	0.1111
737	939	0.1429
737	955	1.0
737	961	1.0
737	964	1.0
737	999	0.0152
737	1064	1.0
737	1084	1.0
737	1129	1.0
737	1144	0.02
737	1179	0.0667
737	1194	0.0833
737	1239	0.125
737	1258	0.0115
737	1269	0.0833
737	1278	0.0263
737	1291	0.1429
737	1295	1.0
737	1331	1.0
737	1380	0.0588
737	1409	1.0
737	1432	1.0
737	1440	0.0192
737	1453	0.1
737	1467	0.1429
737	1501	0.04
737	1522	0.04
737	1532	1.0
737	1578	0.3333
737	1580	0.0526
737	1587	0.0323
737	1597	1.0
737	1608	1.0
737	1652	0.5
737	1737	1.0
737	1782	0.1111
737	1791	1.0
737	1845	0.5
737	1854	0.1429
737	1874	0.004
737	1894	0.0435
737	1927	0.1667
737	1936	1.0
737	1942	0.125
737	1963	0.0286
737	1974	0.0294
737	1995	0.1111
737	1998	0.025
739	1706	0.009
740	1706	0.009
741	991	0.1429
745	1669	0.0045
746	1768	0.0192
747	1874	0.004
749	749	1.0
749	1669	0.0045
753	1287	0.0137
754	1377	0.0217
755	268	1.0
757	350	0.0357
757	580	0.3333
757	1440	0.0192
757	1874	0.004
759	1	0.0476
760	453	0.0068
760	1023	0.5
761	480	0.5
761	547	0.0286
761	808	0.3333
761	1113	1.0
761	1838	0.5
762	1669	0.0045
763	374	1.0
763	895	0.0152
763	997	1.0
763	1695	1.0
764	1159	0.0128
765	765	1.0
777	453	0.0068
778	1159	0.0128
782	1377	0.0217
784	620	0.25
784	1638	0.3333
784	1663	0.1429
785	449	0.25
785	453	0.0068
787	246	0.0141
788	1706	0.009
788	1874	0.004
793	1889	1.0
794	38	0.25
794	278	0.0238
794	604	1.0
794	794	0.0667
794	806	0.5
794	999	0.0152
794	1669	0.0045
794	1874	0.004
794	1963	0.0286
797	1377	0.0217
799	178	0.3333
799	453	0.0068
800	1874	0.004
802	1874	0.004
803	1669	0.0045
805	1159	0.0128
806	794	0.0667
806	999	0.0152
806	1278	0.0263
806	1874	0.004
806	1963	0.0286
808	761	1.0
810	1874	0.004
811	246	0.0141
812	812	1.0
814	1669	0.0045
815	815	1.0
817	31	0.125
817	104	0.0769
817	217	0.037
817	411	0.0323
817	440	0.3333
817	841	0.0714
817	999	0.0152
817	1011	0.1111
817	1073	0.1667
817	1151	0.0833
817	1258	0.0115
817	1522	0.04
817	1586	0.0222
817	1751	0.0455
817	1792	0.0286
817	1807	0.2
817	1874	0.004
817	1899	0.0435
817	1930	0.125
817	1963	0.0286
817	1998	0.025
818	278	0.0238
818	818	1.0
819	279	0.125
821	1874	0.004
822	1669	0.0045
823	1669	0.0045
825	298	1.0
825	895	0.0152
825	1996	0.5
826	453	0.0068
827	1144	0.02
829	84	0.125
829	149	0.3333
829	203	0.027
829	210	0.25
829	350	0.0357
829	362	0.125
829	442	0.5
829	511	0.0182
829	535	0.0833
829	539	0.0769
829	585	0.0244
829	999	0.0152
829	1258	0.0115
829	1278	0.0263
829	1563	0.2
829	1615	1.0
829	1727	0.1429
829	1767	0.0909
829	1768	0.0192
829	1792	0.0286
829	1833	0.0303
829	1839	0.0303
829	1874	0.004
829	1997	0.3333
831	415	0.5
833	513	0.3333
833	1258	0.0115
833	1874	0.004
834	839	0.5
835	453	0.0068
836	246	0.0141
836	825	0.5
838	1874	0.004
839	233	1.0
839	453	0.0068
839	834	1.0
839	839	0.5
841	25	0.0769
841	217	0.037
841	592	1.0
841	683	0.1667
841	841	0.0714
841	943	0.0833
841	999	0.0152
841	1110	0.3333
841	1144	0.02
841	1148	1.0
841	1151	0.0833
841	1258	0.0115
841	1473	1.0
841	1522	0.04
841	1587	0.0323
841	1669	0.0045
841	1874	0.004
841	1894	0.0435
841	1942	0.125
841	1998	0.025
847	1669	0.0045
848	1377	0.0217
849	453	0.0068
850	246	0.0141
850	869	0.0345
852	21	0.0714
852	25	0.0769
852	31	0.125
852	34	0.0455
852	47	0.125
852	96	0.2
852	104	0.0769
852	109	0.5
852	165	0.1111
852	184	0.25
852	217	0.037
852	411	0.0323
852	419	0.0667
852	511	0.0182
852	536	0.0667
852	585	0.0244
852	683	0.1667
852	817	0.05
852	999	0.0152
852	1080	0.0909
852	1144	0.02
852	1198	0.04
852	1258	0.0115
852	1269	0.0833
852	1278	0.0263
852	1380	0.0588
852	1440	0.0192
852	1467	0.1429
852	1501	0.04
852	1522	0.04
852	1541	0.2
852	1580	0.0526
852	1587	0.0323
852	1663	0.1429
852	1768	0.0192
852	1792	0.0286
852	1844	0.0769
852	1854	0.1429
852	1874	0.004
852	1894	0.0435
852	1899	0.0435
852	1927	0.1667
852	1963	0.0286
852	1974	0.0294
852	1987	0.0286
852	1992	0.1
852	1995	0.1111
852	1998	0.025
853	35	0.5
853	93	0.2
853	203	0.027
853	323	0.5
853	350	0.0357
853	690	0.0833
853	1134	0.5
853	1639	0.25
853	1706	0.009
853	1751	0.0455
853	1874	0.004
854	1377	0.0217
856	1669	0.0045
857	1287	0.0137
858	1669	0.0045
859	730	0.125
861	149	0.3333
861	829	0.0455
862	1	0.0476
863	350	0.0357
863	511	0.0182
863	524	1.0
863	852	0.0256
863	999	0.0152
863	1253	0.2
863	1706	0.009
863	1874	0.004
863	1933	1.0
863	1963	0.0286
863	1998	0.025
869	56	0.0714
869	155	0.0625
869	261	0.5
869	278	0.0238
869	424	0.5
869	443	0.5
869	453	0.0068
869	476	0.1
869	569	0.3333
869	630	0.0667
869	691	0.0417
869	702	0.04
869	713	0.0278
869	817	0.05
869	855	0.1667
869	869	0.0345
869	895	0.0152
869	983	0.3333
869	993	0.0286
869	1078	1.0
869	1277	0.0333
869	1287	0.0137
869	1323	0.0714
869	1366	1.0
869	1523	0.1667
869	1550	0.0435
869	1576	0.0625
869	1586	0.0222
869	1619	0.0667
869	1629	0.0526
869	1669	0.0045
869	1718	0.5
869	1839	0.0303
869	1876	0.0345
869	1919	0.1667
869	1963	0.0286
869	2027	0.0476
870	1287	0.0137
872	1669	0.0045
876	1874	0.004
877	1706	0.009
878	1669	0.0045
879	1706	0.009
882	80	0.25
882	246	0.0141
882	386	0.5
882	449	0.25
882	547	0.0286
882	1124	0.3333
882	1159	0.0128
882	1306	0.2
882	1377	0.0217
882	1424	0.5
882	1594	0.3333
882	1694	0.5
882	1701	0.0385
882	1773	0.5
882	1813	0.1
882	1906	0.0435
882	1952	0.0256
882	1981	0.5
882	2023	1.0
883	547	0.0286
887	1874	0.004
888	1706	0.009
891	1803	0.5
893	1952	0.0256
894	1669	0.0045
895	2	1.0
895	132	0.5
895	155	0.0625
895	209	0.3333
895	278	0.0238
895	279	0.125
895	329	0.0357
895	350	0.0357
895	359	0.1667
895	373	1.0
895	417	1.0
895	421	0.5
895	435	1.0
895	453	0.0068
895	483	1.0
895	590	1.0
895	691	0.0417
895	702	0.04
895	713	0.0278
895	730	0.125
895	763	0.5
895	820	1.0
895	869	0.0345
895	956	1.0
895	1011	0.1111
895	1097	1.0
895	1192	0.1429
895	1238	0.25
895	1277	0.0333
895	1287	0.0137
895	1525	1.0
895	1544	1.0
895	1550	0.0435
895	1601	0.0909
895	1619	0.0667
895	1629	0.0526
895	1669	0.0045
895	1748	0.1429
895	1763	0.3333
895	1798	0.5
895	1876	0.0345
895	1906	0.0435
895	1922	1.0
895	1956	0.125
895	1971	1.0
895	1994	0.5
895	1996	0.5
895	2027	0.0476
897	1500	0.1667
897	1906	0.0435
898	547	0.0286
898	1205	1.0
898	1377	0.0217
898	1444	0.3333
898	1490	1.0
902	453	0.0068
902	895	0.0152
902	1159	0.0128
903	34	0.0455
903	184	0.25
903	403	0.0588
903	605	0.1
903	627	0.25
903	723	0.0833
903	737	0.0833
903	852	0.0256
903	999	0.0152
903	1144	0.02
903	1198	0.04
903	1278	0.0263
903	1369	0.04
903	1380	0.0588
903	1440	0.0192
903	1501	0.04
903	1580	0.0526
903	1874	0.004
903	1894	0.0435
903	1974	0.0294
903	1998	0.025
904	1144	0.02
905	146	0.2
905	1510	0.0714
905	1556	0.5
905	1650	0.5
905	1691	0.3333
907	1706	0.009
908	1874	0.004
910	1669	0.0045
911	246	0.0141
915	991	0.1429
917	1159	0.0128
918	350	0.0357
918	412	0.0294
918	539	0.0769
918	1258	0.0115
918	1768	0.0192
918	1874	0.004
919	246	0.0141
921	1701	0.0385
922	1706	0.009
922	1874	0.004
925	1287	0.0137
927	1701	0.0385
928	453	0.0068
928	713	0.0278
928	1159	0.0128
928	1287	0.0137
928	1669	0.0045
929	575	0.3333
930	411	0.0323
932	1874	0.004
935	1287	0.0137
936	1706	0.009
938	453	0.0068
938	1880	0.3333
939	272	0.1429
939	403	0.0588
939	411	0.0323
939	511	0.0182
939	605	0.1
939	627	0.25
939	723	0.0833
939	852	0.0256
939	1144	0.02
939	1198	0.04
939	1258	0.0115
939	1278	0.0263
939	1369	0.04
939	1380	0.0588
939	1440	0.0192
939	1453	0.1
939	1782	0.1111
939	1894	0.0435
939	1974	0.0294
940	1874	0.004
942	1706	0.009
943	25	0.0769
943	217	0.037
943	329	0.0357
943	634	0.5
943	817	0.05
943	841	0.0714
943	999	0.0152
943	1151	0.0833
943	1393	0.1429
943	1410	0.5
943	1425	0.5
943	1522	0.04
943	1550	0.0435
943	1587	0.0323
943	1669	0.0045
943	1792	0.0286
943	1874	0.004
943	1894	0.0435
943	1942	0.125
943	1998	0.025
943	2011	0.1667
944	1874	0.004
946	1159	0.0128
947	1874	0.004
948	365	1.0
949	1874	0.004
952	1669	0.0045
953	1669	0.0045
954	1706	0.009
956	895	0.0152
957	1952	0.0256
959	1377	0.0217
960	1874	0.004
963	71	0.3333
963	511	0.0182
963	1839	0.0303
969	453	0.0068
970	1159	0.0128
971	453	0.0068
974	1706	0.009
975	1805	0.3333
975	1874	0.004
976	1669	0.0045
977	895	0.0152
979	246	0.0141
979	1159	0.0128
979	1952	0.0256
981	1669	0.0045
984	390	0.3333
984	1697	0.5
984	1907	0.5
987	547	0.0286
987	1159	0.0128
987	1377	0.0217
989	1287	0.0137
990	1287	0.0137
991	453	0.0068
991	741	1.0
991	895	0.0152
991	915	1.0
991	1669	0.0045
993	17	1.0
993	38	0.25
993	58	1.0
993	112	1.0
993	122	1.0
993	150	1.0
993	155	0.0625
993	213	1.0
993	240	1.0
993	307	1.0
993	327	1.0
993	334	1.0
993	396	0.5
993	453	0.0068
993	472	1.0
993	476	0.1
993	519	1.0
993	531	1.0
993	578	1.0
993	631	1.0
993	691	0.0417
993	697	1.0
993	702	0.04
993	713	0.0278
993	869	0.0345
993	909	1.0
993	993	0.0286
993	1072	1.0
993	1388	1.0
993	1398	0.25
993	1413	1.0
993	1466	1.0
993	1512	1.0
993	1551	1.0
993	1560	1.0
993	1602	1.0
993	1617	1.0
993	1669	0.0045
993	1722	1.0
993	1857	0.5
993	1868	1.0
993	1906	0.0435
993	1920	0.5
993	1923	1.0
993	1956	0.125
994	453	0.0068
996	1669	0.0045
997	763	0.5
998	453	0.0068
998	702	0.04
998	1159	0.0128
998	1377	0.0217
998	1669	0.0045
999	12	0.1111
999	21	0.0714
999	24	0.125
999	34	0.0455
999	47	0.125
999	64	0.5
999	90	0.1
999	148	0.3333
999	153	0.1
999	165	0.1111
999	177	0.2
999	217	0.037
999	257	0.25
999	265	0.2
999	290	0.5
999	403	0.0588
999	411	0.0323
999	412	0.0294
999	429	0.1667
999	457	0.0588
999	465	0.0345
999	479	0.1111
999	511	0.0182
999	536	0.0667
999	585	0.0244
999	626	0.5
999	690	0.0833
999	723	0.0833
999	732	0.1429
999	794	0.0667
999	806	0.5
999	817	0.05
999	824	0.2
999	841	0.0714
999	852	0.0256
999	853	0.1429
999	863	0.5
999	903	0.1111
999	1011	0.1111
999	1073	0.1667
999	1080	0.0909
999	1110	0.3333
999	1144	0.02
999	1151	0.0833
999	1194	0.0833
999	1198	0.04
999	1258	0.0115
999	1269	0.0833
999	1278	0.0263
999	1303	0.25
999	1309	0.1429
999	1323	0.0714
999	1369	0.04
999	1440	0.0192
999	1453	0.1
999	1465	0.1667
999	1467	0.1429
999	1501	0.04
999	1510	0.0714
999	1522	0.04
999	1580	0.0526
999	1586	0.0222
999	1587	0.0323
999	1638	0.3333
999	1639	0.25
999	1669	0.0045
999	1673	0.3333
999	1740	1.0
999	1751	0.0455
999	1768	0.0192
999	1770	0.0667
999	1782	0.1111
999	1792	0.0286
999	1807	0.2
999	1833	0.0303
999	1839	0.0303
999	1844	0.0769
999	1854	0.1429
999	1874	0.004
999	1878	0.1
999	1894	0.0435
999	1899	0.0435
999	1903	0.25
999	1942	0.125
999	1950	0.5
999	1963	0.0286
999	1974	0.0294
999	1987	0.0286
999	1992	0.1
999	1995	0.1111
999	1998	0.025
999	2011	0.1667
1000	246	0.0141
1000	895	0.0152
1003	246	0.0141
1006	1669	0.0045
1007	278	0.0238
1007	547	0.0286
1007	1136	1.0
1009	457	0.0588
1009	1587	0.0323
1009	1874	0.004
1010	1144	0.02
1011	104	0.0769
1011	120	0.125
1011	155	0.0625
1011	412	0.0294
1011	419	0.0667
1011	450	0.3333
1011	457	0.0588
1011	463	0.25
1011	465	0.0345
1011	556	0.2
1011	558	0.1667
1011	574	0.2
1011	690	0.0833
1011	817	0.05
1011	827	0.25
1011	864	1.0
1011	867	0.3333
1011	895	0.0152
1011	904	0.25
1011	999	0.0152
1011	1073	0.1667
1011	1120	0.0667
1011	1241	0.1667
1011	1258	0.0115
1011	1278	0.0263
1011	1430	0.1
1011	1510	0.0714
1011	1523	0.1667
1011	1586	0.0222
1011	1669	0.0045
1011	1670	0.0769
1011	1751	0.0455
1011	1792	0.0286
1011	1839	0.0303
1011	1874	0.004
1011	1878	0.1
1011	1919	0.1667
1011	1963	0.0286
1011	1987	0.0286
1011	2006	0.1667
1012	453	0.0068
1016	895	0.0152
1017	1159	0.0128
1017	1952	0.0256
1018	76	0.2
1018	248	0.3333
1018	466	0.1429
1018	1669	0.0045
1018	1906	0.0435
1021	1021	1.0
1022	453	0.0068
1022	1955	0.3333
1023	453	0.0068
1025	1440	0.0192
1025	1670	0.0769
1025	1874	0.004
1029	1669	0.0045
1032	1032	1.0
1033	1669	0.0045
1034	502	0.5
1034	1493	0.5
1034	1874	0.004
1037	80	0.25
1037	245	0.1429
1037	246	0.0141
1037	430	0.5
1037	449	0.25
1037	453	0.0068
1037	728	0.1667
1037	767	1.0
1037	991	0.1429
1037	998	0.5
1037	1058	0.1429
1037	1124	0.3333
1037	1159	0.0128
1037	1195	0.3333
1037	1287	0.0137
1037	1306	0.2
1037	1377	0.0217
1037	1393	0.1429
1037	1444	0.3333
1037	1550	0.0435
1037	1594	0.3333
1037	1669	0.0045
1037	1694	0.5
1037	1773	0.5
1037	1876	0.0345
1037	1952	0.0256
1037	1981	0.5
1038	1377	0.0217
1039	453	0.0068
1039	713	0.0278
1039	1159	0.0128
1039	1277	0.0333
1041	1669	0.0045
1043	895	0.0152
1044	453	0.0068
1045	1669	0.0045
1046	1046	1.0
1047	576	0.5
1047	1768	0.0192
1047	1874	0.004
1047	1930	0.125
1050	429	0.1667
1051	1706	0.009
1053	227	0.25
1054	1874	0.004
1055	1669	0.0045
1058	245	0.1429
1058	278	0.0238
1058	1393	0.1429
1059	1906	0.0435
1063	246	0.0141
1065	289	1.0
1066	1876	0.0345
1068	1701	0.0385
1076	453	0.0068
1077	246	0.0141
1079	1005	1.0
1079	1035	1.0
1079	1089	1.0
1079	1763	0.3333
1082	453	0.0068
1082	1669	0.0045
1082	1813	0.1
1085	1287	0.0137
1086	1669	0.0045
1087	1874	0.004
1091	1287	0.0137
1091	1876	0.0345
1093	1093	1.0
1095	1159	0.0128
1096	1706	0.009
1096	1746	1.0
1097	61	1.0
1097	589	1.0
1097	895	0.0152
1097	2016	1.0
1098	895	0.0152
1098	1876	0.0345
1101	1669	0.0045
1102	1258	0.0115
1104	1159	0.0128
1104	1952	0.0256
1105	1159	0.0128
1106	1098	1.0
1108	1669	0.0045
1109	1874	0.004
1112	453	0.0068
1115	246	0.0141
1116	1952	0.0256
1117	278	0.0238
1120	90	0.1
1120	203	0.027
1120	220	0.5
1120	385	0.25
1120	453	0.0068
1120	465	0.0345
1120	479	0.1111
1120	798	0.25
1120	1120	0.0667
1120	1287	0.0137
1120	1358	0.5
1120	1510	0.0714
1120	1576	0.0625
1120	1586	0.0222
1120	1669	0.0045
1120	1768	0.0192
1120	1770	0.0667
1120	1792	0.0286
1120	1874	0.004
1121	547	0.0286
1122	453	0.0068
1125	282	0.3333
1125	1287	0.0137
1126	1550	0.0435
1126	1669	0.0045
1127	453	0.0068
1128	1874	0.004
1130	246	0.0141
1131	1706	0.009
1133	1874	0.004
1136	278	0.0238
1140	40	1.0
1140	1706	0.009
1141	1669	0.0045
1143	1669	0.0045
1145	246	0.0141
1146	1287	0.0137
1149	713	0.0278
1149	728	0.1667
1149	1058	0.1429
1149	1287	0.0137
1149	1393	0.1429
1149	1550	0.0435
1149	1874	0.004
1150	1440	0.0192
1150	1833	0.0303
1152	1669	0.0045
1154	278	0.0238
1155	891	0.5
1155	1274	0.2
1156	246	0.0141
1157	1159	0.0128
1159	14	0.1429
1159	19	1.0
1159	56	0.0714
1159	72	1.0
1159	97	0.3333
1159	102	1.0
1159	130	1.0
1159	147	1.0
1159	155	0.0625
1159	175	1.0
1159	178	0.3333
1159	179	0.5
1159	200	1.0
1159	209	0.3333
1159	249	1.0
1159	278	0.0238
1159	279	0.125
1159	292	0.3333
1159	313	0.5
1159	329	0.0357
1159	340	1.0
1159	359	0.1667
1159	369	0.3333
1159	371	1.0
1159	397	1.0
1159	410	0.0833
1159	426	1.0
1159	453	0.0068
1159	459	0.3333
1159	463	0.25
1159	468	1.0
1159	487	1.0
1159	488	0.3333
1159	506	1.0
1159	569	0.3333
1159	571	1.0
1159	613	1.0
1159	620	0.25
1159	630	0.0667
1159	643	1.0
1159	660	1.0
1159	691	0.0417
1159	702	0.04
1159	713	0.0278
1159	760	0.5
1159	777	1.0
1159	807	1.0
1159	826	1.0
1159	835	1.0
1159	844	1.0
1159	869	0.0345
1159	892	0.5
1159	895	0.0152
1159	902	0.25
1159	923	1.0
1159	934	1.0
1159	938	0.3333
1159	943	0.0833
1159	951	1.0
1159	971	1.0
1159	991	0.1429
1159	993	0.0286
1159	1012	1.0
1159	1022	1.0
1159	1023	0.5
1159	1027	1.0
1159	1039	0.3333
1159	1040	1.0
1159	1044	1.0
1159	1048	1.0
1159	1070	0.5
1159	1076	0.5
1159	1105	1.0
1159	1112	1.0
1159	1120	0.0667
1159	1123	1.0
1159	1127	1.0
1159	1166	1.0
1159	1179	0.0667
1159	1186	0.5
1159	1192	0.1429
1159	1195	0.3333
1159	1201	1.0
1159	1219	1.0
1159	1250	1.0
1159	1258	0.0115
1159	1262	1.0
1159	1267	0.5
1159	1274	0.2
1159	1277	0.0333
1159	1281	0.5
1159	1287	0.0137
1159	1325	1.0
1159	1337	0.5
1159	1340	0.5
1159	1363	0.3333
1159	1381	0.5
1159	1386	1.0
1159	1396	1.0
1159	1403	1.0
1159	1405	0.3333
1159	1443	1.0
1159	1480	0.5
1159	1520	0.3333
1159	1526	0.5
1159	1541	0.2
1159	1550	0.0435
1159	1558	1.0
1159	1575	1.0
1159	1577	1.0
1159	1586	0.0222
1159	1587	0.0323
1159	1599	1.0
1159	1601	0.0909
1159	1610	1.0
1159	1614	1.0
1159	1619	0.0667
1159	1629	0.0526
1159	1632	1.0
1159	1648	1.0
1159	1654	1.0
1159	1659	1.0
1159	1661	1.0
1159	1669	0.0045
1159	1675	1.0
1159	1676	1.0
1159	1690	0.3333
1159	1741	1.0
1159	1748	0.1429
1159	1768	0.0192
1159	1770	0.0667
1159	1780	0.3333
1159	1781	1.0
1159	1786	1.0
1159	1813	0.1
1159	1819	1.0
1159	1831	0.3333
1159	1852	0.5
1159	1874	0.004
1159	1880	0.3333
1159	1881	0.125
1159	1906	0.0435
1159	1910	1.0
1159	1918	0.3333
1159	1929	1.0
1159	1937	1.0
1159	1955	0.3333
1159	1956	0.125
1159	1968	1.0
1159	1970	1.0
1159	1978	1.0
1159	1987	0.0286
1159	2018	1.0
1159	2027	0.0476
1159	2028	1.0
1161	246	0.0141
1162	895	0.0152
1163	1669	0.0045
1164	278	0.0238
1170	1377	0.0217
1173	1881	0.125
1174	1805	0.3333
1175	1601	0.0909
1175	1876	0.0345
1175	1952	0.0256
1177	1874	0.004
1178	278	0.0238
1179	410	0.0833
1179	465	0.0345
1179	1258	0.0115
1179	1439	1.0
1179	1792	0.0286
1179	1823	0.5
1179	1874	0.004
1181	1706	0.009
1182	1706	0.009
1182	1742	0.3333
1183	1706	0.009
1184	453	0.0068
1186	453	0.0068
1187	76	0.2
1187	466	0.1429
1187	1669	0.0045
1188	1874	0.004
1192	359	0.1667
1192	453	0.0068
1192	895	0.0152
1192	1120	0.0667
1192	1277	0.0333
1192	1669	0.0045
1192	1881	0.125
1194	34	0.0455
1194	1144	0.02
1194	1258	0.0115
1194	1380	0.0588
1194	1453	0.1
1194	1580	0.0526
1194	1858	0.1111
1195	1669	0.0045
1197	1377	0.0217
1197	1881	0.125
1198	34	0.0455
1198	217	0.037
1198	272	0.1429
1198	403	0.0588
1198	585	0.0244
1198	605	0.1
1198	723	0.0833
1198	737	0.0833
1198	852	0.0256
1198	903	0.1111
1198	939	0.1429
1198	999	0.0152
1198	1144	0.02
1198	1258	0.0115
1198	1278	0.0263
1198	1291	0.1429
1198	1380	0.0588
1198	1440	0.0192
1198	1578	0.3333
1198	1580	0.0526
1198	1844	0.0769
1198	1858	0.1111
1198	1899	0.0435
1198	1974	0.0294
1198	1992	0.1
1198	1998	0.025
1199	227	0.25
1203	1874	0.004
1204	1669	0.0045
1206	1669	0.0045
1207	1277	0.0333
1209	1287	0.0137
1213	231	1.0
1213	278	0.0238
1213	547	0.0286
1215	1952	0.0256
1216	547	0.0286
1216	1159	0.0128
1216	1952	0.0256
1220	1220	1.0
1221	1874	0.004
1222	1377	0.0217
1223	993	0.0286
1226	1226	1.0
1231	511	0.0182
1231	829	0.0455
1233	1057	1.0
1234	1287	0.0137
1234	1500	0.1667
1234	1876	0.0345
1236	1669	0.0045
1237	1706	0.009
1238	246	0.0141
1238	895	0.0152
1239	1144	0.02
1242	1669	0.0045
1243	1669	0.0045
1246	1159	0.0128
1248	1706	0.009
1251	246	0.0141
1252	1669	0.0045
1254	54	1.0
1254	111	1.0
1254	154	1.0
1254	189	1.0
1254	378	1.0
1254	402	1.0
1254	514	1.0
1254	562	1.0
1254	669	1.0
1254	733	1.0
1254	988	1.0
1254	1088	1.0
1254	1326	1.0
1254	1373	1.0
1254	1793	1.0
1254	1872	1.0
1254	1952	0.0256
1254	1973	1.0
1254	1986	1.0
1254	2004	1.0
1256	1874	0.004
1257	1159	0.0128
1258	21	0.0714
1258	25	0.0769
1258	42	1.0
1258	55	0.5
1258	93	0.2
1258	151	0.0909
1258	153	0.1
1258	165	0.1111
1258	186	0.5
1258	203	0.027
1258	210	0.25
1258	219	1.0
1258	312	0.3333
1258	329	0.0357
1258	345	0.1667
1258	350	0.0357
1258	362	0.125
1258	403	0.0588
1258	411	0.0323
1258	412	0.0294
1258	419	0.0667
1258	453	0.0068
1258	511	0.0182
1258	513	0.3333
1258	535	0.0833
1258	536	0.0667
1258	539	0.0769
1258	580	0.3333
1258	585	0.0244
1258	587	1.0
1258	615	0.5
1258	658	0.2
1258	732	0.1429
1258	817	0.05
1258	829	0.0455
1258	833	0.3333
1258	852	0.0256
1258	918	0.2
1258	939	0.1429
1258	945	0.3333
1258	999	0.0152
1258	1049	1.0
1258	1080	0.0909
1258	1102	0.5
1258	1144	0.02
1258	1179	0.0667
1258	1194	0.0833
1258	1203	0.5
1258	1244	1.0
1258	1258	0.0115
1258	1268	0.5
1258	1278	0.0263
1258	1292	1.0
1258	1309	0.1429
1258	1323	0.0714
1258	1369	0.04
1258	1440	0.0192
1258	1497	0.3333
1258	1501	0.04
1258	1522	0.04
1258	1524	0.5
1258	1557	0.5
1258	1580	0.0526
1258	1586	0.0222
1258	1587	0.0323
1258	1625	0.1429
1258	1638	0.3333
1258	1644	0.5
1258	1751	0.0455
1258	1768	0.0192
1258	1792	0.0286
1258	1807	0.2
1258	1808	0.5
1258	1833	0.0303
1258	1839	0.0303
1258	1843	0.5
1258	1844	0.0769
1258	1858	0.1111
1258	1874	0.004
1258	1894	0.0435
1258	1899	0.0435
1258	1930	0.125
1258	1963	0.0286
1258	1974	0.0294
1258	1987	0.0286
1258	1990	1.0
1258	1998	0.025
1261	221	1.0
1261	372	1.0
1261	1768	0.0192
1261	1792	0.0286
1261	1874	0.004
1263	246	0.0141
1263	1159	0.0128
1265	1669	0.0045
1266	1500	0.1667
1267	453	0.0068
1268	1874	0.004
1269	174	1.0
1269	536	0.0667
1269	999	0.0152
1269	1081	0.5
1269	1269	0.0833
1269	1278	0.0263
1269	1440	0.0192
1269	1501	0.04
1269	1522	0.04
1269	1587	0.0323
1269	1673	0.3333
1269	1874	0.004
1269	1998	0.025
1271	1669	0.0045
1272	895	0.0152
1272	1287	0.0137
1272	1876	0.0345
1273	1810	1.0
1274	44	1.0
1274	91	1.0
1274	191	1.0
1274	328	1.0
1274	348	1.0
1274	364	1.0
1274	388	1.0
1274	404	1.0
1274	453	0.0068
1274	488	0.3333
1274	509	1.0
1274	516	1.0
1274	636	1.0
1274	734	0.5
1274	783	1.0
1274	891	0.5
1274	958	1.0
1274	1030	1.0
1274	1042	1.0
1274	1069	1.0
1274	1103	1.0
1274	1137	1.0
1274	1155	0.5
1274	1405	0.3333
1274	1445	1.0
1274	1508	1.0
1274	1528	1.0
1274	1598	1.0
1274	1667	0.5
1274	1690	0.3333
1274	1750	1.0
1274	1803	0.5
1274	1901	1.0
1274	1915	1.0
1274	1965	1.0
1274	1975	1.0
1274	1993	1.0
1274	2025	1.0
1275	1159	0.0128
1277	37	1.0
1277	56	0.0714
1277	85	1.0
1277	97	0.3333
1277	155	0.0625
1277	195	0.3333
1277	205	0.25
1277	278	0.0238
1277	292	0.3333
1277	329	0.0357
1277	359	0.1667
1277	369	0.3333
1277	453	0.0068
1277	476	0.1
1277	630	0.0667
1277	665	1.0
1277	691	0.0417
1277	702	0.04
1277	713	0.0278
1277	730	0.125
1277	869	0.0345
1277	874	1.0
1277	895	0.0152
1277	1024	1.0
1277	1037	1.0
1277	1192	0.1429
1277	1207	1.0
1277	1270	1.0
1277	1277	0.0333
1277	1287	0.0137
1277	1305	0.5
1277	1394	0.5
1277	1421	1.0
1277	1536	0.25
1277	1541	0.2
1277	1550	0.0435
1277	1586	0.0222
1277	1619	0.0667
1277	1621	1.0
1277	1629	0.0526
1277	1669	0.0045
1277	1710	1.0
1277	1748	0.1429
1277	1768	0.0192
1277	1784	1.0
1277	1881	0.125
1277	1896	1.0
1277	1906	0.0435
1277	1987	0.0286
1277	2027	0.0476
1278	21	0.0714
1278	24	0.125
1278	34	0.0455
1278	47	0.125
1278	217	0.037
1278	290	0.5
1278	345	0.1667
1278	403	0.0588
1278	411	0.0323
1278	412	0.0294
1278	511	0.0182
1278	526	0.1429
1278	536	0.0667
1278	585	0.0244
1278	723	0.0833
1278	735	0.3333
1278	737	0.0833
1278	817	0.05
1278	829	0.0455
1278	852	0.0256
1278	903	0.1111
1278	999	0.0152
1278	1011	0.1111
1278	1144	0.02
1278	1198	0.04
1278	1258	0.0115
1278	1269	0.0833
1278	1291	0.1429
1278	1309	0.1429
1278	1380	0.0588
1278	1440	0.0192
1278	1465	0.1667
1278	1501	0.04
1278	1522	0.04
1278	1578	0.3333
1278	1586	0.0222
1278	1751	0.0455
1278	1770	0.0667
1278	1874	0.004
1278	1894	0.0435
1278	1899	0.0435
1278	1963	0.0286
1278	1974	0.0294
1278	1995	0.1111
1278	1998	0.025
1281	453	0.0068
1281	1159	0.0128
1281	1377	0.0217
1282	1669	0.0045
1284	1	0.0476
1287	36	1.0
1287	56	0.0714
1287	105	0.3333
1287	118	0.5
1287	121	1.0
1287	127	1.0
1287	145	1.0
1287	155	0.0625
1287	224	1.0
1287	245	0.1429
1287	278	0.0238
1287	279	0.125
1287	282	0.3333
1287	291	0.5
1287	333	0.3333
1287	391	1.0
1287	423	0.5
1287	431	1.0
1287	453	0.0068
1287	476	0.1
1287	508	1.0
1287	542	0.3333
1287	616	0.5
1287	630	0.0667
1287	655	1.0
1287	667	1.0
1287	691	0.0417
1287	702	0.04
1287	713	0.0278
1287	728	0.1667
1287	730	0.125
1287	774	1.0
1287	789	1.0
1287	855	0.1667
1287	857	1.0
1287	869	0.0345
1287	870	1.0
1287	889	1.0
1287	895	0.0152
1287	914	1.0
1287	925	1.0
1287	935	1.0
1287	989	1.0
1287	990	0.5
1287	995	1.0
1287	1085	1.0
1287	1091	0.5
1287	1120	0.0667
1287	1124	0.3333
1287	1125	1.0
1287	1146	1.0
1287	1169	1.0
1287	1185	1.0
1287	1209	1.0
1287	1234	0.5
1287	1272	0.5
1287	1277	0.0333
1287	1287	0.0137
1287	1393	0.1429
1287	1419	1.0
1287	1435	0.5
1287	1460	1.0
1287	1462	1.0
1287	1527	1.0
1287	1536	0.25
1287	1538	0.5
1287	1550	0.0435
1287	1555	1.0
1287	1601	0.0909
1287	1619	0.0667
1287	1629	0.0526
1287	1653	1.0
1287	1668	1.0
1287	1669	0.0045
1287	1693	1.0
1287	1698	0.5
1287	1705	1.0
1287	1709	0.5
1287	1724	1.0
1287	1738	0.5
1287	1755	1.0
1287	1774	1.0
1287	1839	0.0303
1287	1861	1.0
1287	1863	1.0
1287	1876	0.0345
1287	1906	0.0435
1287	1914	0.5
1287	1919	0.1667
1287	2006	0.1667
1287	2027	0.0476
1290	1874	0.004
1291	45	0.1
1291	92	0.1429
1291	403	0.0588
1291	585	0.0244
1291	605	0.1
1291	723	0.0833
1291	852	0.0256
1291	1144	0.02
1291	1198	0.04
1291	1239	0.125
1291	1278	0.0263
1291	1291	0.1429
1291	1380	0.0588
1291	1440	0.0192
1291	1858	0.1111
1291	1874	0.004
1291	1998	0.025
1293	1293	1.0
1293	1669	0.0045
1297	585	0.0244
1297	1706	0.009
1299	1874	0.004
1300	547	0.0286
1301	1979	1.0
1302	1287	0.0137
1303	690	0.0833
1303	999	0.0152
1303	1833	0.0303
1307	1669	0.0045
1308	1159	0.0128
1310	1377	0.0217
1311	1377	0.0217
1312	38	0.25
1312	993	0.0286
1312	1669	0.0045
1312	1701	0.0385
1312	1874	0.004
1312	1952	0.0256
1315	1706	0.009
1318	1669	0.0045
1319	1874	0.004
1321	1706	0.009
1322	246	0.0141
1323	90	0.1
1323	217	0.037
1323	316	0.5
1323	465	0.0345
1323	999	0.0152
1323	1258	0.0115
1323	1323	0.0714
1323	1440	0.0192
1323	1510	0.0714
1323	1586	0.0222
1323	1669	0.0045
1323	1792	0.0286
1323	1833	0.0303
1323	1839	0.0303
1323	1841	1.0
1323	1874	0.004
1323	1899	0.0435
1323	1940	1.0
1323	1963	0.0286
1328	245	0.1429
1328	358	1.0
1328	410	0.0833
1328	453	0.0068
1328	572	0.3333
1328	713	0.0278
1328	897	1.0
1328	1070	0.5
1328	1158	1.0
1328	1287	0.0137
1328	1587	0.0323
1333	246	0.0141
1333	1669	0.0045
1334	1159	0.0128
1335	1	0.0476
1337	453	0.0068
1339	246	0.0141
1339	453	0.0068
1339	547	0.0286
1339	1952	0.0256
1340	453	0.0068
1340	1609	1.0
1341	246	0.0141
1342	511	0.0182
1342	1706	0.009
1343	246	0.0141
1345	1377	0.0217
1346	1669	0.0045
1347	1874	0.004
1348	547	0.0286
1349	1669	0.0045
1350	453	0.0068
1350	1377	0.0217
1350	1669	0.0045
1352	326	1.0
1352	1056	1.0
1352	2014	1.0
1353	1874	0.004
1354	1505	0.3333
1357	1701	0.0385
1357	1952	0.0256
1359	1669	0.0045
1360	1669	0.0045
1363	430	0.5
1363	453	0.0068
1363	702	0.04
1363	1159	0.0128
1363	1867	1.0
1365	466	0.1429
1367	1706	0.009
1369	14	0.1429
1369	21	0.0714
1369	24	0.125
1369	25	0.0769
1369	47	0.125
1369	90	0.1
1369	120	0.125
1369	165	0.1111
1369	203	0.027
1369	217	0.037
1369	266	0.2
1369	272	0.1429
1369	306	0.1111
1369	329	0.0357
1369	410	0.0833
1369	411	0.0323
1369	412	0.0294
1369	419	0.0667
1369	453	0.0068
1369	457	0.0588
1369	465	0.0345
1369	511	0.0182
1369	558	0.1667
1369	585	0.0244
1369	641	0.3333
1369	668	0.1667
1369	690	0.0833
1369	794	0.0667
1369	817	0.05
1369	852	0.0256
1369	890	0.3333
1369	980	0.3333
1369	999	0.0152
1369	1019	0.25
1369	1120	0.0667
1369	1144	0.02
1369	1179	0.0667
1369	1241	0.1667
1369	1258	0.0115
1369	1278	0.0263
1369	1323	0.0714
1369	1369	0.04
1369	1430	0.1
1369	1434	0.5
1369	1440	0.0192
1369	1467	0.1429
1369	1501	0.04
1369	1522	0.04
1369	1549	0.3333
1369	1576	0.0625
1369	1586	0.0222
1369	1587	0.0323
1369	1625	0.1429
1369	1670	0.0769
1369	1743	0.1429
1369	1792	0.0286
1369	1833	0.0303
1369	1839	0.0303
1369	1874	0.004
1369	1894	0.0435
1369	1899	0.0435
1369	1963	0.0286
1369	1974	0.0294
1369	1976	0.2
1369	1987	0.0286
1369	1998	0.025
1369	2012	0.3333
1371	1287	0.0137
1374	1706	0.009
1376	1287	0.0137
1376	1952	0.0256
1377	1669	0.0045
1378	1669	0.0045
1379	1669	0.0045
1380	34	0.0455
1380	92	0.1429
1380	737	0.0833
1380	1144	0.02
1380	1453	0.1
1380	1998	0.025
1381	453	0.0068
1381	1159	0.0128
1381	1669	0.0045
1383	1874	0.004
1384	1159	0.0128
1385	453	0.0068
1388	993	0.0286
1390	930	0.5
1392	1392	1.0
1393	713	0.0278
1393	728	0.1667
1393	794	0.0667
1393	943	0.0833
1393	1058	0.1429
1393	1149	0.25
1393	1287	0.0137
1393	1550	0.0435
1393	1669	0.0045
1395	1669	0.0045
1398	1398	0.25
1398	1669	0.0045
1401	246	0.0141
1404	1159	0.0128
1412	895	0.0152
1413	993	0.0286
1414	1669	0.0045
1415	658	0.2
1415	1415	1.0
1416	829	0.0455
1417	1874	0.004
1418	41	1.0
1418	547	0.0286
1419	1287	0.0137
1419	1876	0.0345
1422	1874	0.004
1423	1	0.0476
1428	1874	0.004
1430	104	0.0769
1430	146	0.2
1430	411	0.0323
1430	465	0.0345
1430	1036	1.0
1430	1212	1.0
1430	1258	0.0115
1430	1669	0.0045
1430	1874	0.004
1430	1974	0.0294
1430	2027	0.0476
1433	1706	0.009
1435	990	0.5
1435	1287	0.0137
1436	1669	0.0045
1439	1014	1.0
1439	1706	0.009
1440	12	0.1111
1440	21	0.0714
1440	34	0.0455
1440	56	0.0714
1440	60	1.0
1440	96	0.2
1440	160	1.0
1440	184	0.25
1440	239	1.0
1440	265	0.2
1440	276	1.0
1440	319	1.0
1440	335	1.0
1440	345	0.1667
1440	411	0.0323
1440	465	0.0345
1440	510	1.0
1440	511	0.0182
1440	521	0.1667
1440	570	1.0
1440	585	0.0244
1440	629	0.5
1440	653	1.0
1440	678	1.0
1440	708	1.0
1440	729	1.0
1440	738	1.0
1440	757	0.5
1440	786	1.0
1440	852	0.0256
1440	885	1.0
1440	898	0.1667
1440	903	0.1111
1440	999	0.0152
1440	1144	0.02
1440	1198	0.04
1440	1202	1.0
1440	1218	0.5
1440	1258	0.0115
1440	1269	0.0833
1440	1278	0.0263
1440	1304	0.5
1440	1354	0.5
1440	1369	0.04
1440	1398	0.25
1440	1468	0.5
1440	1471	0.3333
1440	1501	0.04
1440	1522	0.04
1440	1552	1.0
1440	1565	0.5
1440	1580	0.0526
1440	1586	0.0222
1440	1613	1.0
1440	1616	0.5
1440	1625	0.1429
1440	1634	0.5
1440	1670	0.0769
1440	1707	1.0
1440	1735	1.0
1440	1751	0.0455
1440	1782	0.1111
1440	1792	0.0286
1440	1833	0.0303
1440	1839	0.0303
1440	1844	0.0769
1440	1874	0.004
1440	1903	0.25
1440	1974	0.0294
1440	1988	0.3333
1440	1992	0.1
1440	1998	0.025
1441	547	0.0286
1441	1159	0.0128
1443	453	0.0068
1444	1669	0.0045
1446	1159	0.0128
1449	852	0.0256
1449	1874	0.004
1451	1159	0.0128
1452	1669	0.0045
1453	34	0.0455
1453	585	0.0244
1453	627	0.25
1453	939	0.1429
1453	999	0.0152
1453	1144	0.02
1453	1844	0.0769
1454	1874	0.004
1456	1706	0.009
1458	1669	0.0045
1460	1287	0.0137
1461	1450	1.0
1462	1287	0.0137
1463	1669	0.0045
1464	1669	0.0045
1466	993	0.0286
1467	1899	0.0435
1468	1874	0.004
1469	1874	0.004
1470	246	0.0141
1476	246	0.0141
1477	429	0.1667
1477	1253	0.2
1478	1706	0.009
1481	1706	0.009
1481	1874	0.004
1482	1	0.0476
1482	1874	0.004
1484	453	0.0068
1485	1377	0.0217
1488	203	0.027
1488	1061	0.3333
1488	1833	0.0303
1488	1874	0.004
1491	1159	0.0128
1493	1034	0.5
1493	1080	0.0909
1494	1706	0.009
1494	1874	0.004
1497	1258	0.0115
1497	1874	0.004
1499	485	1.0
1499	1874	0.004
1500	209	0.3333
1500	278	0.0238
1500	279	0.125
1500	421	0.5
1500	453	0.0068
1500	702	0.04
1500	713	0.0278
1500	902	0.25
1500	1011	0.1111
1500	1238	0.25
1500	1277	0.0333
1500	1287	0.0137
1500	1550	0.0435
1500	1601	0.0909
1500	1629	0.0526
1500	1669	0.0045
1500	1763	0.3333
1500	1768	0.0192
1500	1798	0.5
1500	1876	0.0345
1500	1906	0.0435
1500	1952	0.0256
1500	1956	0.125
1500	1994	0.5
1501	34	0.0455
1501	339	0.25
1501	390	0.3333
1501	411	0.0323
1501	511	0.0182
1501	585	0.0244
1501	656	0.1667
1501	737	0.0833
1501	999	0.0152
1501	1144	0.02
1501	1239	0.125
1501	1258	0.0115
1501	1278	0.0263
1501	1369	0.04
1501	1440	0.0192
1501	1663	0.1429
1501	1782	0.1111
1501	1874	0.004
1501	1974	0.0294
1501	1998	0.025
1501	2011	0.1667
1502	1706	0.009
1504	1	0.0476
1504	1504	1.0
1505	1440	0.0192
1505	1874	0.004
1505	1912	0.5
1510	39	0.5
1510	146	0.2
1510	306	0.1111
1510	383	0.1429
1510	453	0.0068
1510	465	0.0345
1510	511	0.0182
1510	691	0.0417
1510	817	0.05
1510	905	1.0
1510	1011	0.1111
1510	1556	0.5
1510	1650	0.5
1510	1669	0.0045
1510	1691	0.3333
1510	1743	0.1429
1510	1785	1.0
1510	1792	0.0286
1510	1874	0.004
1510	2027	0.0476
1511	1511	1.0
1512	1669	0.0045
1513	1669	0.0045
1514	1706	0.009
1515	278	0.0238
1516	1874	0.004
1517	246	0.0141
1518	547	0.0286
1518	1377	0.0217
1519	1701	0.0385
1520	453	0.0068
1520	1918	0.3333
1522	14	0.1429
1522	45	0.1
1522	104	0.0769
1522	217	0.037
1522	411	0.0323
1522	412	0.0294
1522	457	0.0588
1522	511	0.0182
1522	536	0.0667
1522	585	0.0244
1522	723	0.0833
1522	737	0.0833
1522	817	0.05
1522	841	0.0714
1522	852	0.0256
1522	943	0.0833
1522	999	0.0152
1522	1144	0.02
1522	1151	0.0833
1522	1194	0.0833
1522	1198	0.04
1522	1258	0.0115
1522	1269	0.0833
1522	1278	0.0263
1522	1309	0.1429
1522	1369	0.04
1522	1440	0.0192
1522	1580	0.0526
1522	1673	0.3333
1522	1833	0.0303
1522	1874	0.004
1522	1894	0.0435
1522	1899	0.0435
1522	1942	0.125
1522	1960	1.0
1522	1963	0.0286
1522	1974	0.0294
1522	1998	0.025
1524	1258	0.0115
1524	1874	0.004
1526	453	0.0068
1526	1159	0.0128
1529	1706	0.009
1531	1669	0.0045
1535	1238	0.25
1536	203	0.027
1536	329	0.0357
1536	895	0.0152
1536	1287	0.0137
1536	1550	0.0435
1536	1748	0.1429
1536	1768	0.0192
1536	1987	0.0286
1538	542	0.3333
1538	1287	0.0137
1539	350	0.0357
1541	453	0.0068
1541	1277	0.0333
1541	1587	0.0323
1541	1768	0.0192
1541	1874	0.004
1543	1440	0.0192
1543	1874	0.004
1544	895	0.0152
1545	278	0.0238
1548	1548	1.0
1550	203	0.027
1550	329	0.0357
1550	453	0.0068
1550	476	0.1
1550	630	0.0667
1550	691	0.0417
1550	702	0.04
1550	713	0.0278
1550	728	0.1667
1550	855	0.1667
1550	869	0.0345
1550	895	0.0152
1550	943	0.0833
1550	1058	0.1429
1550	1126	1.0
1550	1149	0.25
1550	1277	0.0333
1550	1287	0.0137
1550	1393	0.1429
1550	1536	0.25
1550	1669	0.0045
1550	1748	0.1429
1550	1768	0.0192
1550	1792	0.0286
1550	1876	0.0345
1550	1906	0.0435
1550	1987	0.0286
1551	993	0.0286
1553	1669	0.0045
1554	1669	0.0045
1559	1874	0.004
1561	1669	0.0045
1562	1874	0.004
1565	1440	0.0192
1565	1874	0.004
1566	1874	0.004
1567	453	0.0068
1569	1706	0.009
1571	1571	1.0
1572	278	0.0238
1573	1	0.0476
1574	278	0.0238
1575	453	0.0068
1576	203	0.027
1576	350	0.0357
1576	418	0.5
1576	453	0.0068
1576	511	0.0182
1576	690	0.0833
1576	804	1.0
1576	869	0.0345
1576	999	0.0152
1576	1080	0.0909
1576	1258	0.0115
1576	1323	0.0714
1576	1586	0.0222
1576	1669	0.0045
1576	1751	0.0455
1576	1833	0.0303
1576	1839	0.0303
1576	1874	0.004
1576	1963	0.0286
1578	45	0.1
1578	92	0.1429
1578	403	0.0588
1578	585	0.0244
1578	656	0.1667
1578	723	0.0833
1578	1144	0.02
1578	1198	0.04
1578	1239	0.125
1578	1278	0.0263
1578	1369	0.04
1578	1380	0.0588
1578	1501	0.04
1578	1894	0.0435
1578	1995	0.1111
1579	895	0.0152
1580	25	0.0769
1580	34	0.0455
1580	45	0.1
1580	92	0.1429
1580	96	0.2
1580	217	0.037
1580	339	0.25
1580	403	0.0588
1580	411	0.0323
1580	511	0.0182
1580	585	0.0244
1580	605	0.1
1580	656	0.1667
1580	723	0.0833
1580	737	0.0833
1580	852	0.0256
1580	999	0.0152
1580	1144	0.02
1580	1194	0.0833
1580	1198	0.04
1580	1239	0.125
1580	1258	0.0115
1580	1278	0.0263
1580	1369	0.04
1580	1380	0.0588
1580	1440	0.0192
1580	1453	0.1
1580	1501	0.04
1580	1522	0.04
1580	1580	0.0526
1580	1844	0.0769
1580	1855	1.0
1580	1858	0.1111
1580	1874	0.004
1580	1894	0.0435
1580	1899	0.0435
1580	1974	0.0294
1580	1992	0.1
1580	1995	0.1111
1580	1998	0.025
1581	1258	0.0115
1581	1706	0.009
1582	1953	0.5
1583	1159	0.0128
1584	1669	0.0045
1586	151	0.0909
1586	203	0.027
1586	217	0.037
1586	345	0.1667
1586	350	0.0357
1586	385	0.25
1586	411	0.0323
1586	412	0.0294
1586	453	0.0068
1586	465	0.0345
1586	479	0.1111
1586	511	0.0182
1586	585	0.0244
1586	713	0.0278
1586	869	0.0345
1586	945	0.3333
1586	999	0.0152
1586	1258	0.0115
1586	1277	0.0333
1586	1278	0.0263
1586	1426	0.25
1586	1440	0.0192
1586	1576	0.0625
1586	1586	0.0222
1586	1629	0.0526
1586	1669	0.0045
1586	1680	0.1667
1586	1731	0.25
1586	1751	0.0455
1586	1767	0.0909
1586	1768	0.0192
1586	1770	0.0667
1586	1792	0.0286
1586	1833	0.0303
1586	1839	0.0303
1586	1874	0.004
1586	1963	0.0286
1586	1998	0.025
1587	31	0.125
1587	217	0.037
1587	453	0.0068
1587	457	0.0588
1587	536	0.0667
1587	683	0.1667
1587	824	0.2
1587	852	0.0256
1587	999	0.0152
1587	1009	0.3333
1587	1151	0.0833
1587	1258	0.0115
1587	1269	0.0833
1587	1399	0.5
1587	1425	0.5
1587	1501	0.04
1587	1506	0.5
1587	1587	0.0323
1587	1768	0.0192
1587	1874	0.004
1587	1878	0.1
1587	1962	0.3333
1587	1998	0.025
1588	1669	0.0045
1589	246	0.0141
1591	795	0.1429
1591	1253	0.2
1591	1706	0.009
1592	1706	0.009
1595	1377	0.0217
1596	246	0.0141
1600	1669	0.0045
1601	278	0.0238
1601	329	0.0357
1601	453	0.0068
1601	702	0.04
1601	895	0.0152
1601	1175	0.5
1601	1669	0.0045
1604	1874	0.004
1605	1706	0.009
1607	1669	0.0045
1609	1340	0.5
1612	993	0.0286
1613	1440	0.0192
1613	1706	0.009
1614	453	0.0068
1615	829	0.0455
1615	1874	0.004
1616	1706	0.009
1617	993	0.0286
1618	80	0.25
1618	155	0.0625
1618	453	0.0068
1618	511	0.0182
1618	547	0.0286
1618	572	0.3333
1618	575	0.3333
1618	702	0.04
1618	713	0.0278
1618	1159	0.0128
1618	1287	0.0137
1618	1377	0.0217
1618	1669	0.0045
1618	1674	0.1667
1618	1769	1.0
1618	1874	0.004
1618	2027	0.0476
1619	155	0.0625
1619	278	0.0238
1619	333	0.3333
1619	443	0.5
1619	453	0.0068
1619	630	0.0667
1619	691	0.0417
1619	713	0.0278
1619	866	1.0
1619	869	0.0345
1619	895	0.0152
1619	938	0.3333
1619	983	0.3333
1619	1277	0.0333
1619	1287	0.0137
1619	1629	0.0526
1619	1669	0.0045
1619	1813	0.1
1619	1876	0.0345
1619	1919	0.1667
1619	2027	0.0476
1622	1706	0.009
1623	1706	0.009
1624	1238	0.25
1625	1	0.0476
1625	299	1.0
1625	355	1.0
1625	999	0.0152
1625	1258	0.0115
1625	1440	0.0192
1625	1625	0.1429
1625	1751	0.0455
1625	1833	0.0303
1625	1874	0.004
1626	1626	1.0
1627	246	0.0141
1628	1	0.0476
1629	278	0.0238
1629	453	0.0068
1629	630	0.0667
1629	713	0.0278
1629	869	0.0345
1629	895	0.0152
1629	1586	0.0222
1629	1669	0.0045
1629	1762	0.5
1629	1839	0.0303
1630	1701	0.0385
1634	1107	1.0
1634	1440	0.0192
1634	1874	0.004
1634	1974	0.0294
1634	2008	1.0
1636	1669	0.0045
1637	1669	0.0045
1641	1377	0.0217
1642	1669	0.0045
1642	1952	0.0256
1644	1258	0.0115
1644	1874	0.004
1647	895	0.0152
1651	1651	1.0
1655	1159	0.0128
1655	1952	0.0256
1656	1669	0.0045
1658	1876	0.0345
1659	453	0.0068
1664	194	1.0
1665	1665	1.0
1666	1706	0.009
1667	1274	0.2
1669	6	1.0
1669	7	1.0
1669	9	1.0
1669	26	1.0
1669	30	1.0
1669	38	0.25
1669	53	1.0
1669	56	0.0714
1669	57	1.0
1669	73	1.0
1669	76	0.2
1669	89	1.0
1669	95	1.0
1669	113	1.0
1669	114	1.0
1669	120	0.125
1669	126	1.0
1669	139	1.0
1669	146	0.2
1669	155	0.0625
1669	171	1.0
1669	199	1.0
1669	203	0.027
1669	207	1.0
1669	212	1.0
1669	220	0.5
1669	235	1.0
1669	247	0.5
1669	248	0.3333
1669	255	1.0
1669	269	1.0
1669	278	0.0238
1669	300	1.0
1669	311	1.0
1669	313	0.5
1669	321	1.0
1669	325	0.5
1669	329	0.0357
1669	330	0.5
1669	338	1.0
1669	350	0.0357
1669	352	0.5
1669	368	1.0
1669	377	1.0
1669	380	1.0
1669	383	0.1429
1669	410	0.0833
1669	412	0.0294
1669	413	1.0
1669	416	1.0
1669	453	0.0068
1669	465	0.0345
1669	466	0.1429
1669	476	0.1
1669	477	1.0
1669	478	1.0
1669	479	0.1111
1669	484	1.0
1669	486	1.0
1669	490	1.0
1669	504	1.0
1669	527	1.0
1669	537	1.0
1669	544	1.0
1669	552	0.5
1669	555	1.0
1669	581	1.0
1669	585	0.0244
1669	597	1.0
1669	611	1.0
1669	630	0.0667
1669	634	0.5
1669	635	1.0
1669	646	1.0
1669	659	0.5
1669	662	1.0
1669	674	1.0
1669	676	1.0
1669	691	0.0417
1669	702	0.04
1669	704	0.5
1669	712	1.0
1669	713	0.0278
1669	728	0.1667
1669	730	0.125
1669	750	1.0
1669	768	1.0
1669	769	1.0
1669	776	1.0
1669	790	1.0
1669	791	1.0
1669	794	0.0667
1669	803	1.0
1669	813	1.0
1669	840	1.0
1669	841	0.0714
1669	845	1.0
1669	846	1.0
1669	851	1.0
1669	855	0.1667
1669	868	1.0
1669	869	0.0345
1669	872	1.0
1669	886	1.0
1669	895	0.0152
1669	898	0.1667
1669	901	1.0
1669	920	1.0
1669	928	0.3333
1669	943	0.0833
1669	966	1.0
1669	981	1.0
1669	985	1.0
1669	991	0.1429
1669	993	0.0286
1669	1002	1.0
1669	1004	1.0
1669	1013	1.0
1669	1018	0.3333
1669	1031	1.0
1669	1071	1.0
1669	1083	1.0
1669	1094	1.0
1669	1111	1.0
1669	1114	0.5
1669	1118	0.5
1669	1120	0.0667
1669	1132	1.0
1669	1139	1.0
1669	1142	1.0
1669	1147	1.0
1669	1159	0.0128
1669	1160	1.0
1669	1163	1.0
1669	1170	1.0
1669	1171	1.0
1669	1172	1.0
1669	1187	0.3333
1669	1189	1.0
1669	1192	0.1429
1669	1224	1.0
1669	1228	1.0
1669	1232	0.5
1669	1235	0.5
1669	1259	1.0
1669	1264	1.0
1669	1277	0.0333
1669	1279	1.0
1669	1281	0.5
1669	1287	0.0137
1669	1289	1.0
1669	1296	1.0
1669	1305	0.5
1669	1310	1.0
1669	1313	1.0
1669	1323	0.0714
1669	1329	1.0
1669	1330	1.0
1669	1332	1.0
1669	1338	1.0
1669	1349	1.0
1669	1356	1.0
1669	1368	1.0
1669	1370	1.0
1669	1381	0.5
1669	1393	0.1429
1669	1394	0.5
1669	1398	0.25
1669	1400	1.0
1669	1430	0.1
1669	1437	1.0
1669	1440	0.0192
1669	1447	1.0
1669	1455	1.0
1669	1459	1.0
1669	1498	1.0
1669	1507	1.0
1669	1510	0.0714
1669	1550	0.0435
1669	1554	1.0
1669	1564	1.0
1669	1568	1.0
1669	1576	0.0625
1669	1586	0.0222
1669	1588	1.0
1669	1601	0.0909
1669	1619	0.0667
1669	1620	1.0
1669	1629	0.0526
1669	1633	1.0
1669	1669	0.0045
1669	1672	1.0
1669	1674	0.1667
1669	1698	0.5
1669	1700	1.0
1669	1713	1.0
1669	1721	1.0
1669	1730	1.0
1669	1734	1.0
1669	1739	1.0
1669	1747	1.0
1669	1749	1.0
1669	1768	0.0192
1669	1770	0.0667
1669	1783	1.0
1669	1804	1.0
1669	1806	1.0
1669	1811	1.0
1669	1813	0.1
1669	1815	1.0
1669	1818	0.5
1669	1822	1.0
1669	1825	1.0
1669	1826	1.0
1669	1832	1.0
1669	1839	0.0303
1669	1846	1.0
1669	1850	1.0
1669	1859	1.0
1669	1873	1.0
1669	1874	0.004
1669	1876	0.0345
1669	1878	0.1
1669	1881	0.125
1669	1898	1.0
1669	1904	1.0
1669	1905	1.0
1669	1906	0.0435
1669	1916	1.0
1669	1917	1.0
1669	1921	1.0
1669	1935	1.0
1669	1951	1.0
1669	1956	0.125
1669	1987	0.0286
1669	2005	1.0
1669	2006	0.1667
1669	2010	1.0
1669	2015	1.0
1669	2017	1.0
1669	2019	1.0
1669	2027	0.0476
1670	12	0.1111
1670	465	0.0345
1670	1440	0.0192
1670	1874	0.004
1670	1987	0.0286
1671	993	0.0286
1672	1669	0.0045
1673	536	0.0667
1673	999	0.0152
1673	1269	0.0833
1673	1587	0.0323
1673	1874	0.004
1674	24	0.125
1674	165	0.1111
1674	203	0.027
1674	257	0.25
1674	306	0.1111
1674	329	0.0357
1674	410	0.0833
1674	412	0.0294
1674	419	0.0667
1674	465	0.0345
1674	521	0.1667
1674	794	0.0667
1674	817	0.05
1674	852	0.0256
1674	869	0.0345
1674	1179	0.0667
1674	1501	0.04
1674	1586	0.0222
1674	1587	0.0323
1674	1669	0.0045
1674	1768	0.0192
1674	1770	0.0667
1674	1792	0.0286
1674	1874	0.004
1674	1987	0.0286
1675	453	0.0068
1680	585	0.0244
1680	1492	1.0
1680	1685	0.3333
1680	1689	0.3333
1680	1792	0.0286
1680	1874	0.004
1680	1963	0.0286
1681	1874	0.004
1682	453	0.0068
1683	246	0.0141
1683	1834	1.0
1684	312	0.3333
1684	1159	0.0128
1684	1874	0.004
1687	1874	0.004
1688	511	0.0182
1688	1874	0.004
1689	204	1.0
1689	1680	0.1667
1689	1706	0.009
1689	1874	0.004
1690	453	0.0068
1690	1159	0.0128
1693	1287	0.0137
1693	1679	1.0
1694	1669	0.0045
1698	1377	0.0217
1698	1669	0.0045
1698	1952	0.0256
1703	1874	0.004
1704	1669	0.0045
1705	1287	0.0137
1705	1952	0.0256
1706	15	0.25
1706	47	0.125
1706	84	0.125
1706	90	0.1
1706	104	0.0769
1706	134	0.5
1706	203	0.027
1706	229	0.5
1706	284	0.5
1706	302	1.0
1706	329	0.0357
1706	350	0.0357
1706	361	1.0
1706	362	0.125
1706	375	0.5
1706	411	0.0323
1706	412	0.0294
1706	457	0.0588
1706	458	1.0
1706	465	0.0345
1706	511	0.0182
1706	521	0.1667
1706	535	0.0833
1706	539	0.0769
1706	551	0.3333
1706	585	0.0244
1706	620	0.25
1706	732	0.1429
1706	829	0.0455
1706	833	0.3333
1706	852	0.0256
1706	999	0.0152
1706	1008	1.0
1706	1061	0.3333
1706	1245	1.0
1706	1258	0.0115
1706	1290	1.0
1706	1353	0.5
1706	1369	0.04
1706	1454	1.0
1706	1497	0.3333
1706	1586	0.0222
1706	1587	0.0323
1706	1685	0.3333
1706	1715	0.5
1706	1761	1.0
1706	1768	0.0192
1706	1770	0.0667
1706	1792	0.0286
1706	1833	0.0303
1706	1926	1.0
1706	1928	1.0
1706	1930	0.125
1706	1963	0.0286
1706	1974	0.0294
1706	1987	0.0286
1706	1998	0.025
1709	291	0.5
1709	1287	0.0137
1710	453	0.0068
1711	1711	1.0
1712	1	0.0476
1712	963	0.1667
1712	1699	1.0
1712	1946	1.0
1714	1714	1.0
1715	1258	0.0115
1715	1706	0.009
1715	1874	0.004
1717	412	0.0294
1717	453	0.0068
1717	1563	0.2
1720	246	0.0141
1720	547	0.0286
1720	1159	0.0128
1720	1377	0.0217
1720	1706	0.009
1722	993	0.0286
1723	1874	0.004
1724	1952	0.0256
1725	453	0.0068
1727	66	1.0
1727	203	0.027
1727	222	1.0
1727	849	0.5
1727	924	1.0
1727	1159	0.0128
1728	1706	0.009
1729	246	0.0141
1731	419	0.0667
1731	465	0.0345
1731	852	0.0256
1731	1120	0.0667
1731	1402	0.25
1731	1586	0.0222
1731	1768	0.0192
1731	1792	0.0286
1731	1874	0.004
1731	1974	0.0294
1731	1987	0.0286
1736	246	0.0141
1737	115	1.0
1738	51	1.0
1738	751	1.0
1738	1287	0.0137
1738	1876	0.0345
1738	1893	1.0
1738	2003	1.0
1739	453	0.0068
1739	1159	0.0128
1739	1669	0.0045
1742	658	0.2
1742	1258	0.0115
1742	1706	0.009
1743	411	0.0323
1743	465	0.0345
1743	1510	0.0714
1743	1669	0.0045
1743	2027	0.0476
1744	1874	0.004
1745	246	0.0141
1747	1669	0.0045
1748	453	0.0068
1751	151	0.0909
1751	203	0.027
1751	350	0.0357
1751	535	0.0833
1751	718	0.5
1751	999	0.0152
1751	1253	0.2
1751	1258	0.0115
1751	1323	0.0714
1751	1486	0.3333
1751	1576	0.0625
1751	1586	0.0222
1751	1625	0.1429
1751	1663	0.1429
1751	1754	0.3333
1751	1756	1.0
1751	1874	0.004
1751	1930	0.125
1752	1701	0.0385
1753	1706	0.009
1753	1911	0.3333
1755	1287	0.0137
1757	1377	0.0217
1758	1159	0.0128
1759	1258	0.0115
1759	1874	0.004
1760	962	1.0
1762	278	0.0238
1762	1629	0.0526
1763	246	0.0141
1764	1764	1.0
1767	511	0.0182
1767	1586	0.0222
1767	1680	0.1667
1767	1874	0.004
1767	1963	0.0286
1768	84	0.125
1768	153	0.1
1768	203	0.027
1768	329	0.0357
1768	345	0.1667
1768	350	0.0357
1768	412	0.0294
1768	440	0.3333
1768	453	0.0068
1768	535	0.0833
1768	702	0.04
1768	732	0.1429
1768	798	0.25
1768	852	0.0256
1768	895	0.0152
1768	999	0.0152
1768	1120	0.0667
1768	1258	0.0115
1768	1278	0.0263
1768	1358	0.5
1768	1501	0.04
1768	1587	0.0323
1768	1874	0.004
1768	1930	0.125
1768	1987	0.0286
1768	2027	0.0476
1770	22	0.5
1770	31	0.125
1770	90	0.1
1770	306	0.1111
1770	412	0.0294
1770	465	0.0345
1770	511	0.0182
1770	539	0.0769
1770	585	0.0244
1770	918	0.2
1770	999	0.0152
1770	1258	0.0115
1770	1369	0.04
1770	1586	0.0222
1770	1768	0.0192
1770	1770	0.0667
1770	1792	0.0286
1770	1874	0.004
1770	1963	0.0286
1772	1874	0.004
1774	529	0.5
1774	895	0.0152
1774	1287	0.0137
1774	1876	0.0345
1775	1669	0.0045
1776	1874	0.004
1777	390	0.3333
1777	795	0.1429
1777	1501	0.04
1780	453	0.0068
1780	713	0.0278
1782	34	0.0455
1782	45	0.1
1782	92	0.1429
1782	403	0.0588
1782	457	0.0588
1782	585	0.0244
1782	656	0.1667
1782	999	0.0152
1782	1144	0.02
1782	1194	0.0833
1782	1198	0.04
1782	1239	0.125
1782	1278	0.0263
1782	1440	0.0192
1782	1501	0.04
1782	1858	0.1111
1782	1874	0.004
1782	1894	0.0435
1782	1974	0.0294
1789	1706	0.009
1790	1669	0.0045
1792	12	0.1111
1792	13	0.5
1792	31	0.125
1792	203	0.027
1792	306	0.1111
1792	362	0.125
1792	411	0.0323
1792	412	0.0294
1792	419	0.0667
1792	453	0.0068
1792	463	0.25
1792	465	0.0345
1792	479	0.1111
1792	511	0.0182
1792	585	0.0244
1792	628	0.2
1792	794	0.0667
1792	817	0.05
1792	852	0.0256
1792	999	0.0152
1792	1179	0.0667
1792	1258	0.0115
1792	1440	0.0192
1792	1510	0.0714
1792	1550	0.0435
1792	1586	0.0222
1792	1587	0.0323
1792	1670	0.0769
1792	1731	0.25
1792	1767	0.0909
1792	1768	0.0192
1792	1770	0.0667
1792	1823	0.5
1792	1874	0.004
1792	1987	0.0286
1796	895	0.0152
1796	1678	1.0
1797	1701	0.0385
1798	895	0.0152
1799	547	0.0286
1799	1952	0.0256
1800	1159	0.0128
1801	1833	0.0303
1802	1377	0.0217
1807	411	0.0323
1808	1258	0.0115
1808	1874	0.004
1809	1706	0.009
1812	1377	0.0217
1813	155	0.0625
1813	453	0.0068
1813	895	0.0152
1813	1287	0.0137
1813	1619	0.0667
1813	1669	0.0045
1813	1831	0.3333
1813	1876	0.0345
1814	1	0.0476
1814	1706	0.009
1814	1874	0.004
1820	1669	0.0045
1823	1179	0.0667
1823	1214	0.2
1823	1874	0.004
1827	895	0.0152
1828	1159	0.0128
1830	691	0.0417
1831	453	0.0068
1831	1813	0.1
1833	94	1.0
1833	104	0.0769
1833	151	0.0909
1833	203	0.027
1833	217	0.037
1833	350	0.0357
1833	457	0.0588
1833	511	0.0182
1833	535	0.0833
1833	539	0.0769
1833	574	0.2
1833	585	0.0244
1833	690	0.0833
1833	829	0.0455
1833	999	0.0152
1833	1191	0.5
1833	1258	0.0115
1833	1280	1.0
1833	1303	0.25
1833	1304	0.5
1833	1323	0.0714
1833	1324	1.0
1833	1369	0.04
1833	1440	0.0192
1833	1488	0.5
1833	1522	0.04
1833	1576	0.0625
1833	1586	0.0222
1833	1625	0.1429
1833	1727	0.1429
1833	1754	0.3333
1833	1768	0.0192
1833	1839	0.0303
1833	1874	0.004
1833	1894	0.0435
1833	1899	0.0435
1833	1963	0.0286
1833	1974	0.0294
1838	278	0.0238
1838	547	0.0286
1839	11	1.0
1839	12	0.1111
1839	24	0.125
1839	64	0.5
1839	93	0.2
1839	104	0.0769
1839	105	0.3333
1839	109	0.5
1839	117	1.0
1839	119	0.25
1839	120	0.125
1839	151	0.0909
1839	155	0.0625
1839	165	0.1111
1839	177	0.2
1839	201	1.0
1839	203	0.027
1839	243	1.0
1839	266	0.2
1839	278	0.0238
1839	285	1.0
1839	316	0.5
1839	333	0.3333
1839	350	0.0357
1839	383	0.1429
1839	385	0.25
1839	395	1.0
1839	411	0.0323
1839	412	0.0294
1839	419	0.0667
1839	423	0.5
1839	434	0.5
1839	450	0.3333
1839	453	0.0068
1839	457	0.0588
1839	465	0.0345
1839	479	0.1111
1839	511	0.0182
1839	535	0.0833
1839	539	0.0769
1839	556	0.2
1839	558	0.1667
1839	574	0.2
1839	585	0.0244
1839	602	1.0
1839	628	0.2
1839	641	0.3333
1839	666	0.5
1839	668	0.1667
1839	690	0.0833
1839	691	0.0417
1839	702	0.04
1839	704	0.5
1839	713	0.0278
1839	725	0.5
1839	796	1.0
1839	827	0.25
1839	829	0.0455
1839	867	0.3333
1839	869	0.0345
1839	890	0.3333
1839	899	0.5
1839	904	0.25
1839	916	1.0
1839	963	0.1667
1839	965	0.5
1839	978	1.0
1839	980	0.3333
1839	983	0.3333
1839	999	0.0152
1839	1011	0.1111
1839	1019	0.25
1839	1052	1.0
1839	1073	0.1667
1839	1080	0.0909
1839	1081	0.5
1839	1100	1.0
1839	1120	0.0667
1839	1135	1.0
1839	1191	0.5
1839	1214	0.2
1839	1227	1.0
1839	1241	0.1667
1839	1258	0.0115
1839	1277	0.0333
1839	1278	0.0263
1839	1287	0.0137
1839	1323	0.0714
1839	1369	0.04
1839	1382	1.0
1839	1402	0.25
1839	1410	0.5
1839	1426	0.25
1839	1430	0.1
1839	1440	0.0192
1839	1486	0.3333
1839	1510	0.0714
1839	1523	0.1667
1839	1547	0.3333
1839	1576	0.0625
1839	1586	0.0222
1839	1619	0.0667
1839	1629	0.0526
1839	1639	0.25
1839	1649	1.0
1839	1663	0.1429
1839	1669	0.0045
1839	1670	0.0769
1839	1674	0.1667
1839	1680	0.1667
1839	1718	0.5
1839	1727	0.1429
1839	1751	0.0455
1839	1767	0.0909
1839	1768	0.0192
1839	1788	1.0
1839	1792	0.0286
1839	1816	1.0
1839	1830	0.5
1839	1833	0.0303
1839	1839	0.0303
1839	1845	0.5
1839	1856	1.0
1839	1874	0.004
1839	1876	0.0345
1839	1878	0.1
1839	1919	0.1667
1839	1950	0.5
1839	1962	0.3333
1839	1963	0.0286
1839	1976	0.2
1839	1987	0.0286
1839	2001	1.0
1839	2006	0.1667
1839	2012	0.3333
1842	246	0.0141
1843	1258	0.0115
1843	1874	0.004
1844	45	0.1
1844	403	0.0588
1844	411	0.0323
1844	511	0.0182
1844	536	0.0667
1844	585	0.0244
1844	605	0.1
1844	656	0.1667
1844	852	0.0256
1844	999	0.0152
1844	1144	0.02
1844	1194	0.0833
1844	1198	0.04
1844	1239	0.125
1844	1278	0.0263
1844	1380	0.0588
1844	1440	0.0192
1844	1453	0.1
1844	1501	0.04
1844	1522	0.04
1844	1587	0.0323
1844	1844	0.0769
1844	1874	0.004
1844	1894	0.0435
1844	1974	0.0294
1844	1998	0.025
1846	453	0.0068
1846	1669	0.0045
1847	246	0.0141
1852	453	0.0068
1853	1377	0.0217
1857	993	0.0286
1860	1159	0.0128
1861	1287	0.0137
1862	453	0.0068
1865	1669	0.0045
1866	1706	0.009
1867	1363	0.3333
1868	993	0.0286
1868	1701	0.0385
1869	1874	0.004
1870	1	0.0476
1870	1870	1.0
1871	1669	0.0045
1874	10	1.0
1874	12	0.1111
1874	13	0.5
1874	14	0.1429
1874	21	0.0714
1874	23	1.0
1874	24	0.125
1874	25	0.0769
1874	28	1.0
1874	31	0.125
1874	34	0.0455
1874	35	0.5
1874	47	0.125
1874	55	0.5
1874	71	0.3333
1874	75	1.0
1874	77	1.0
1874	84	0.125
1874	90	0.1
1874	93	0.2
1874	96	0.2
1874	104	0.0769
1874	119	0.25
1874	125	1.0
1874	134	0.5
1874	149	0.3333
1874	151	0.0909
1874	153	0.1
1874	156	1.0
1874	158	1.0
1874	163	1.0
1874	173	1.0
1874	177	0.2
1874	187	1.0
1874	188	1.0
1874	197	0.5
1874	203	0.027
1874	210	0.25
1874	211	0.3333
1874	217	0.037
1874	229	0.5
1874	234	1.0
1874	251	0.5
1874	257	0.25
1874	265	0.2
1874	284	0.5
1874	295	1.0
1874	303	1.0
1874	312	0.3333
1874	323	0.5
1874	329	0.0357
1874	337	1.0
1874	339	0.25
1874	343	1.0
1874	345	0.1667
1874	347	1.0
1874	350	0.0357
1874	362	0.125
1874	366	1.0
1874	370	1.0
1874	376	1.0
1874	379	0.5
1874	382	1.0
1874	385	0.25
1874	400	1.0
1874	410	0.0833
1874	411	0.0323
1874	412	0.0294
1874	414	1.0
1874	419	0.0667
1874	420	0.3333
1874	437	1.0
1874	440	0.3333
1874	442	0.5
1874	450	0.3333
1874	453	0.0068
1874	457	0.0588
1874	459	0.3333
1874	462	0.5
1874	465	0.0345
1874	469	1.0
1874	479	0.1111
1874	481	1.0
1874	502	0.5
1874	511	0.0182
1874	513	0.3333
1874	518	1.0
1874	521	0.1667
1874	526	0.1429
1874	535	0.0833
1874	536	0.0667
1874	539	0.0769
1874	541	1.0
1874	549	1.0
1874	551	0.3333
1874	557	1.0
1874	561	1.0
1874	565	0.5
1874	574	0.2
1874	579	0.3333
1874	580	0.3333
1874	585	0.0244
1874	586	1.0
1874	594	0.5
1874	603	0.3333
1874	614	0.5
1874	615	0.5
1874	620	0.25
1874	629	0.5
1874	633	0.5
1874	639	1.0
1874	654	0.5
1874	658	0.2
1874	659	0.5
1874	668	0.1667
1874	670	1.0
1874	672	1.0
1874	683	0.1667
1874	686	0.5
1874	690	0.0833
1874	692	1.0
1874	694	1.0
1874	695	1.0
1874	698	1.0
1874	703	1.0
1874	711	0.5
1874	718	0.5
1874	720	1.0
1874	724	1.0
1874	725	0.5
1874	731	1.0
1874	732	0.1429
1874	735	0.3333
1874	747	1.0
1874	757	0.5
1874	788	1.0
1874	794	0.0667
1874	800	1.0
1874	816	1.0
1874	817	0.05
1874	821	1.0
1874	829	0.0455
1874	832	0.5
1874	833	0.3333
1874	841	0.0714
1874	852	0.0256
1874	853	0.1429
1874	860	1.0
1874	863	0.5
1874	867	0.3333
1874	876	1.0
1874	881	1.0
1874	887	1.0
1874	888	1.0
1874	896	1.0
1874	898	0.1667
1874	904	0.25
1874	906	1.0
1874	918	0.2
1874	922	1.0
1874	931	1.0
1874	933	1.0
1874	940	1.0
1874	943	0.0833
1874	944	1.0
1874	945	0.3333
1874	949	1.0
1874	960	1.0
1874	963	0.1667
1874	973	1.0
1874	975	1.0
1874	999	0.0152
1874	1009	0.3333
1874	1015	1.0
1874	1020	1.0
1874	1034	0.5
1874	1062	1.0
1874	1067	1.0
1874	1080	0.0909
1874	1087	1.0
1874	1090	1.0
1874	1096	1.0
1874	1102	0.5
1874	1120	0.0667
1874	1128	1.0
1874	1131	1.0
1874	1133	1.0
1874	1134	0.5
1874	1140	1.0
1874	1144	0.02
1874	1149	0.25
1874	1151	0.0833
1874	1153	1.0
1874	1167	1.0
1874	1179	0.0667
1874	1180	1.0
1874	1193	1.0
1874	1194	0.0833
1874	1200	1.0
1874	1203	0.5
1874	1214	0.2
1874	1218	0.5
1874	1229	1.0
1874	1256	1.0
1874	1258	0.0115
1874	1268	0.5
1874	1269	0.0833
1874	1276	1.0
1874	1278	0.0263
1874	1285	0.5
1874	1286	1.0
1874	1299	1.0
1874	1309	0.1429
1874	1319	1.0
1874	1320	1.0
1874	1323	0.0714
1874	1336	1.0
1874	1347	1.0
1874	1353	0.5
1874	1354	0.5
1874	1361	1.0
1874	1362	1.0
1874	1369	0.04
1874	1387	0.5
1874	1399	0.5
1874	1402	0.25
1874	1408	1.0
1874	1420	1.0
1874	1422	1.0
1874	1430	0.1
1874	1440	0.0192
1874	1465	0.1667
1874	1467	0.1429
1874	1468	0.5
1874	1469	1.0
1874	1472	1.0
1874	1481	1.0
1874	1482	1.0
1874	1487	1.0
1874	1488	0.5
1874	1493	0.5
1874	1494	1.0
1874	1497	0.3333
1874	1499	0.3333
1874	1501	0.04
1874	1505	0.3333
1874	1506	0.5
1874	1510	0.0714
1874	1522	0.04
1874	1523	0.1667
1874	1524	0.5
1874	1539	0.5
1874	1541	0.2
1874	1543	1.0
1874	1547	0.3333
1874	1549	0.3333
1874	1550	0.0435
1874	1557	0.5
1874	1559	1.0
1874	1565	0.5
1874	1566	1.0
1874	1570	1.0
1874	1576	0.0625
1874	1580	0.0526
1874	1581	1.0
1874	1586	0.0222
1874	1587	0.0323
1874	1592	1.0
1874	1604	1.0
1874	1616	0.5
1874	1625	0.1429
1874	1644	0.5
1874	1645	1.0
1874	1662	1.0
1874	1669	0.0045
1874	1670	0.0769
1874	1677	1.0
1874	1680	0.1667
1874	1681	1.0
1874	1684	0.5
1874	1688	0.5
1874	1689	0.3333
1874	1712	0.5
1874	1715	0.5
1874	1727	0.1429
1874	1731	0.25
1874	1742	0.3333
1874	1751	0.0455
1874	1754	0.3333
1874	1767	0.0909
1874	1768	0.0192
1874	1770	0.0667
1874	1776	1.0
1874	1778	1.0
1874	1792	0.0286
1874	1794	1.0
1874	1807	0.2
1874	1808	0.5
1874	1814	1.0
1874	1818	0.5
1874	1829	1.0
1874	1833	0.0303
1874	1839	0.0303
1874	1843	0.5
1874	1844	0.0769
1874	1848	1.0
1874	1854	0.1429
1874	1869	1.0
1874	1874	0.004
1874	1878	0.1
1874	1892	0.3333
1874	1894	0.0435
1874	1899	0.0435
1874	1903	0.25
1874	1906	0.0435
1874	1911	0.3333
1874	1925	1.0
1874	1927	0.1667
1874	1930	0.125
1874	1934	1.0
1874	1962	0.3333
1874	1963	0.0286
1874	1974	0.0294
1874	1976	0.2
1874	1984	1.0
1874	1987	0.0286
1874	1988	0.3333
1874	1998	0.025
1874	2002	1.0
1874	2011	0.1667
1874	2012	0.3333
1875	1706	0.009
1876	118	0.5
1876	208	1.0
1876	262	1.0
1876	279	0.125
1876	282	0.3333
1876	453	0.0068
1876	476	0.1
1876	529	0.5
1876	616	0.5
1876	630	0.0667
1876	691	0.0417
1876	702	0.04
1876	713	0.0278
1876	869	0.0345
1876	884	1.0
1876	1066	1.0
1876	1091	0.5
1876	1175	0.5
1876	1234	0.5
1876	1272	0.5
1876	1287	0.0137
1876	1435	0.5
1876	1601	0.0909
1876	1619	0.0667
1876	1669	0.0045
1876	1709	0.5
1876	1738	0.5
1876	1813	0.1
1876	1839	0.0303
1876	1906	0.0435
1876	1914	0.5
1876	1952	0.0256
1876	2006	0.1667
1877	1706	0.009
1878	24	0.125
1878	203	0.027
1878	257	0.25
1878	306	0.1111
1878	329	0.0357
1878	410	0.0833
1878	412	0.0294
1878	419	0.0667
1878	453	0.0068
1878	465	0.0345
1878	794	0.0667
1878	817	0.05
1878	852	0.0256
1878	999	0.0152
1878	1179	0.0667
1878	1586	0.0222
1878	1587	0.0323
1878	1669	0.0045
1878	1674	0.1667
1878	1768	0.0192
1878	1770	0.0667
1878	1792	0.0286
1878	1874	0.004
1878	1878	0.1
1878	1974	0.0294
1878	1987	0.0286
1879	1706	0.009
1880	453	0.0068
1880	624	1.0
1880	713	0.0278
1880	1159	0.0128
1880	1669	0.0045
1881	453	0.0068
1881	630	0.0667
1881	691	0.0417
1881	1120	0.0667
1881	1192	0.1429
1881	1277	0.0333
1881	1377	0.0217
1881	1426	0.25
1881	1669	0.0045
1882	453	0.0068
1882	993	0.0286
1882	1669	0.0045
1882	1874	0.004
1883	1706	0.009
1884	1701	0.0385
1885	1377	0.0217
1886	1377	0.0217
1890	1706	0.009
1891	1874	0.004
1894	34	0.0455
1894	92	0.1429
1894	411	0.0323
1894	511	0.0182
1894	536	0.0667
1894	585	0.0244
1894	841	0.0714
1894	852	0.0256
1894	943	0.0833
1894	999	0.0152
1894	1144	0.02
1894	1151	0.0833
1894	1198	0.04
1894	1258	0.0115
1894	1278	0.0263
1894	1369	0.04
1894	1440	0.0192
1894	1501	0.04
1894	1522	0.04
1894	1844	0.0769
1894	1874	0.004
1894	1899	0.0435
1894	1963	0.0286
1894	1974	0.0294
1894	1992	0.1
1894	1998	0.025
1894	2011	0.1667
1896	1277	0.0333
1897	412	0.0294
1897	829	0.0455
1897	1874	0.004
1897	1930	0.125
1900	246	0.0141
1902	1669	0.0045
1904	1669	0.0045
1906	140	1.0
1906	246	0.0141
1906	248	0.3333
1906	253	0.5
1906	329	0.0357
1906	386	0.5
1906	393	1.0
1906	425	0.5
1906	449	0.25
1906	453	0.0068
1906	466	0.1429
1906	572	0.3333
1906	730	0.125
1906	882	1.0
1906	895	0.0152
1906	993	0.0286
1906	1018	0.3333
1906	1039	0.3333
1906	1114	0.5
1906	1118	0.5
1906	1159	0.0128
1906	1187	0.3333
1906	1287	0.0137
1906	1306	0.2
1906	1365	0.5
1906	1372	0.5
1906	1377	0.0217
1906	1389	0.5
1906	1424	0.5
1906	1500	0.1667
1906	1550	0.0435
1906	1594	0.3333
1906	1669	0.0045
1906	1874	0.004
1906	1876	0.0345
1906	1906	0.0435
1906	1913	1.0
1908	895	0.0152
1909	1874	0.004
1911	186	0.5
1911	283	1.0
1911	1706	0.009
1912	15	0.25
1912	203	0.027
1912	350	0.0357
1912	375	0.5
1912	459	0.3333
1912	999	0.0152
1912	1208	1.0
1912	1258	0.0115
1912	1278	0.0263
1912	1383	1.0
1912	1505	0.3333
1912	1586	0.0222
1912	1768	0.0192
1912	1874	0.004
1912	1987	0.0286
1914	1287	0.0137
1914	1876	0.0345
1918	453	0.0068
1918	1159	0.0128
1918	1520	0.3333
1920	396	0.5
1920	993	0.0286
1922	246	0.0141
1922	895	0.0152
1922	1288	1.0
1922	1952	0.0256
1927	203	0.027
1927	457	0.0588
1927	535	0.0833
1927	1144	0.02
1927	1768	0.0192
1927	1874	0.004
1930	3	1.0
1930	203	0.027
1930	412	0.0294
1930	817	0.05
1930	1047	0.5
1930	1258	0.0115
1930	1590	1.0
1930	1751	0.0455
1930	1768	0.0192
1930	1874	0.004
1931	1701	0.0385
1932	1874	0.004
1934	1706	0.009
1934	1874	0.004
1938	699	1.0
1941	702	0.04
1942	217	0.037
1942	943	0.0833
1942	1151	0.0833
1942	1522	0.04
1942	1942	0.125
1942	1998	0.025
1944	1669	0.0045
1945	1706	0.009
1948	453	0.0068
1953	1953	0.5
1954	1159	0.0128
1955	453	0.0068
1955	2027	0.0476
1957	453	0.0068
1957	1874	0.004
1957	1952	0.0256
1958	1669	0.0045
1959	1669	0.0045
1961	1669	0.0045
1963	21	0.0714
1963	22	0.5
1963	39	0.5
1963	104	0.0769
1963	120	0.125
1963	203	0.027
1963	217	0.037
1963	350	0.0357
1963	411	0.0323
1963	419	0.0667
1963	511	0.0182
1963	539	0.0769
1963	690	0.0833
1963	852	0.0256
1963	869	0.0345
1963	999	0.0152
1963	1258	0.0115
1963	1278	0.0263
1963	1323	0.0714
1963	1522	0.04
1963	1576	0.0625
1963	1586	0.0222
1963	1669	0.0045
1963	1680	0.1667
1963	1751	0.0455
1963	1767	0.0909
1963	1770	0.0667
1963	1833	0.0303
1963	1839	0.0303
1963	1874	0.004
1963	1899	0.0435
1963	1974	0.0294
1963	1998	0.025
1964	1159	0.0128
1967	1669	0.0045
1970	453	0.0068
1972	246	0.0141
1974	21	0.0714
1974	34	0.0455
1974	47	0.125
1974	104	0.0769
1974	217	0.037
1974	403	0.0588
1974	411	0.0323
1974	429	0.1667
1974	511	0.0182
1974	536	0.0667
1974	585	0.0244
1974	737	0.0833
1974	852	0.0256
1974	903	0.1111
1974	999	0.0152
1974	1073	0.1667
1974	1080	0.0909
1974	1144	0.02
1974	1179	0.0667
1974	1194	0.0833
1974	1198	0.04
1974	1258	0.0115
1974	1278	0.0263
1974	1309	0.1429
1974	1369	0.04
1974	1380	0.0588
1974	1430	0.1
1974	1440	0.0192
1974	1453	0.1
1974	1522	0.04
1974	1634	0.5
1974	1782	0.1111
1974	1833	0.0303
1974	1844	0.0769
1974	1874	0.004
1974	1894	0.0435
1974	1899	0.0435
1974	1963	0.0286
1974	1974	0.0294
1974	1995	0.1111
1974	1998	0.025
1975	1274	0.2
1977	1706	0.009
1979	1155	0.5
1981	1669	0.0045
1983	1159	0.0128
1984	1	0.0476
1984	1874	0.004
1987	31	0.125
1987	153	0.1
1987	329	0.0357
1987	412	0.0294
1987	419	0.0667
1987	453	0.0068
1987	465	0.0345
1987	511	0.0182
1987	683	0.1667
1987	732	0.1429
1987	794	0.0667
1987	798	0.25
1987	817	0.05
1987	824	0.2
1987	852	0.0256
1987	999	0.0152
1987	1179	0.0667
1987	1258	0.0115
1987	1587	0.0323
1987	1669	0.0045
1987	1670	0.0769
1987	1768	0.0192
1987	1792	0.0286
1987	1874	0.004
1987	1878	0.1
1987	1927	0.1667
1987	1966	0.5
1988	1440	0.0192
1988	1874	0.004
1989	1706	0.009
1989	1989	1.0
1990	4	1.0
1990	1258	0.0115
1990	1805	0.3333
1992	45	0.1
1992	217	0.037
1992	403	0.0588
1992	585	0.0244
1992	605	0.1
1992	723	0.0833
1992	737	0.0833
1992	903	0.1111
1992	999	0.0152
1992	1144	0.02
1992	1194	0.0833
1992	1198	0.04
1992	1239	0.125
1992	1258	0.0115
1992	1278	0.0263
1992	1369	0.04
1992	1380	0.0588
1992	1440	0.0192
1992	1501	0.04
1992	1580	0.0526
1992	1858	0.1111
1992	1894	0.0435
1992	1992	0.1
1992	1998	0.025
1994	132	0.5
1994	895	0.0152
1995	1144	0.02
1995	1198	0.04
1996	825	0.5
1998	21	0.0714
1998	25	0.0769
1998	34	0.0455
1998	45	0.1
1998	96	0.2
1998	104	0.0769
1998	153	0.1
1998	184	0.25
1998	217	0.037
1998	265	0.2
1998	411	0.0323
1998	412	0.0294
1998	457	0.0588
1998	511	0.0182
1998	536	0.0667
1998	585	0.0244
1998	714	1.0
1998	824	0.2
1998	828	1.0
1998	841	0.0714
1998	852	0.0256
1998	903	0.1111
1998	943	0.0833
1998	965	0.5
1998	992	0.5
1998	999	0.0152
1998	1110	0.3333
1998	1144	0.02
1998	1151	0.0833
1998	1198	0.04
1998	1258	0.0115
1998	1269	0.0833
1998	1278	0.0263
1998	1369	0.04
1998	1380	0.0588
1998	1440	0.0192
1998	1467	0.1429
1998	1501	0.04
1998	1522	0.04
1998	1580	0.0526
1998	1586	0.0222
1998	1587	0.0323
1998	1663	0.1429
1998	1833	0.0303
1998	1844	0.0769
1998	1854	0.1429
1998	1874	0.004
1998	1894	0.0435
1998	1899	0.0435
1998	1903	0.25
1998	1942	0.125
1998	1963	0.0286
1998	1974	0.0294
1998	1987	0.0286
1999	1	0.0476
2000	1159	0.0128
2002	1874	0.004
2006	453	0.0068
2006	895	0.0152
2006	1287	0.0137
2006	1876	0.0345
2007	1874	0.004
2009	1952	0.0256
2010	1377	0.0217
2010	1669	0.0045
2013	1159	0.0128
2020	246	0.0141
2021	1669	0.0045
2024	547	0.0286
2026	1377	0.0217
2027	56	0.0714
2027	146	0.2
2027	155	0.0625
2027	245	0.1429
2027	329	0.0357
2027	453	0.0068
2027	630	0.0667
2027	691	0.0417
2027	702	0.04
2027	713	0.0278
2027	869	0.0345
2027	895	0.0152
2027	1277	0.0333
2027	1287	0.0137
2027	1426	0.25
2027	1430	0.1
2027	1510	0.0714
2027	1669	0.0045
2027	1743	0.1429
2027	1768	0.0192
2027	1955	0.3333
2028	453	0.0068
