0	0
1	0
2	0
3	23
4	29
5	23
6	302
7	24
8	182
9	81
10	86
11	743
12	65
13	11
14	114
15	50
16	15
17	45
18	12
19	39
20	187
21	76
22	2
23	74
24	309
25	90
26	95
27	102
28	133
29	150
30	5
31	15
32	4
33	24
34	5
35	65
36	227
37	20
38	14
39	41
40	11
41	30
42	89
43	4
44	44
45	8
46	59
47	146
48	21
49	15
50	14
51	24
52	1
53	39
54	7
55	64
56	24
57	13
58	38
59	94
60	9
61	0
62	17
63	1
64	1
65	2
66	44
67	17
68	275
69	0
70	0
71	109
72	164
73	13
74	69
75	31
76	2
77	25
78	41
79	53
80	59
81	18
82	1
83	8
84	1
85	1
86	122
87	195
88	1
89	29
90	72
91	2
92	5
93	1
94	80
95	2
96	2
97	0
98	8
99	24
100	5
101	16
102	5
103	68
104	30
105	3
106	9
107	4
108	2
109	190
110	95
111	29
112	1
113	89
114	1
115	3
116	2
117	1
118	1
119	1
120	8
121	9
122	213
123	1
124	3
125	29
126	25
127	132
128	80
129	4
130	13
131	0
132	29
133	10
134	2
135	7
136	99
137	1
138	72
139	37
140	30
141	1
142	25
143	94
144	0
145	18
146	1
147	58
148	0
149	1
150	28
151	74
152	21
153	1
154	61
155	28
156	4
157	44
158	7
159	1
160	1
161	32
162	4
163	9
164	8
165	3
166	93
167	0
168	9
169	3
170	0
171	70
172	123
173	334
174	1
175	1
176	39
177	19
178	63
179	17
180	54
181	3
182	79
183	0
184	0
185	4
186	0
187	37
188	3
189	1
190	2
191	13
192	19
193	21
194	5
195	1
196	1
197	11
198	1
199	17
200	1
201	21
202	6
203	31
204	12
205	12
206	1
207	1
208	6
209	10
210	1
211	2
212	1
213	1
214	0
215	100
216	8
217	1
218	2
219	0
220	0
221	10
222	4
223	19
224	13
225	1
226	25
227	5
228	6
229	0
230	6
231	50
232	23
233	1
234	1
235	2
236	39
237	41
238	3
239	1
240	5
241	8
242	2
243	2
244	4
245	3
246	1
247	11
248	1
249	15
250	0
251	8
252	0
253	1
254	25
255	86
256	10
257	8
258	6
259	56
260	6
261	8
262	0
263	22
264	1
265	31
266	13
267	1
268	3
269	30
270	14
271	0
272	0
273	7
274	0
275	56
276	7
277	2
278	0
279	0
280	76
281	0
282	39
283	2
284	7
285	6
286	0
287	1
288	1
289	1
290	71
291	35
292	6
293	3
294	1
295	5
296	10
297	1
298	2
299	0
300	0
301	1
302	13
303	3
304	79
305	7
306	244
307	5
308	142
309	1
310	230
311	321
312	227
313	54
314	1
315	77
316	3
317	140
318	3
319	199
320	7
321	27
322	0
323	1
324	14
325	25
326	12
327	8
328	13
329	6
330	1
331	4
332	0
333	2
334	41
335	46
336	31
337	1
338	1
339	80
340	30
341	47
342	2
343	4
344	3
345	9
346	86
347	8
348	21
349	1
350	2
351	11
352	9
353	6
354	0
355	1
356	18
357	2
358	0
359	0
360	0
361	0
362	1
363	3
364	14
365	8
366	14
367	5
368	1
369	1
370	0
371	117
372	4
373	0
374	3
375	1
376	37
377	0
378	0
379	0
380	0
381	2
382	1
383	45
384	1
385	0
386	3
387	11
388	1
389	0
390	0
391	1
392	0
393	1
394	0
395	42
396	0
397	1
398	7
399	6
400	12
401	1
402	0
403	20
404	5
405	19
406	34
407	145
408	1
409	2
410	6
411	1
412	21
413	1
414	3
415	4
416	2
417	9
418	1
419	0
420	0
421	0
422	0
423	7
424	6
425	79
426	41
427	6
428	0
429	5
430	5
431	0
432	157
433	0
434	6
435	0
436	1
437	1
438	1
439	8
440	8
441	1
442	0
443	1
444	2
445	4
446	1
447	15
448	1
449	9
450	1
451	1
452	0
453	1
454	9
455	4
456	5
457	732
458	4
459	0
460	3
461	4
462	4
463	6
464	0
465	17
466	0
467	12
468	1
469	10
470	0
471	0
472	1
473	1
474	0
475	0
476	1
477	0
478	0
479	8
480	1
481	1
482	0
483	0
484	0
485	0
486	1
487	0
488	4
489	5
490	1
491	0
492	1
493	3
494	3
495	6
496	0
497	2
498	2
499	14
500	0
501	10
502	4
503	0
504	1
505	0
506	0
507	1
508	0
509	1
510	0
511	3
512	0
513	4
514	0
515	0
516	1
517	0
518	0
519	1
520	1
521	5
522	1
523	1
524	0
525	1
526	0
527	1
528	1
529	1
530	7
531	1
532	1
533	0
534	4
535	0
536	5
537	0
538	0
539	2
540	1
541	3
542	7
543	1
544	2
545	24
546	142
547	1
548	1
549	4
550	1
551	1
552	2
553	22
554	6
555	3
556	121
557	1
558	1
559	4
560	8
561	4
562	1
563	1
564	15
565	1
566	0
567	2
568	1
569	1
570	4
571	1
572	5
573	1
574	5
575	3
576	1
577	1
578	1
579	4
580	30
581	0
582	34
583	26
584	5
585	3
586	13
587	18
588	22
589	0
590	8
591	2
592	12
593	1
594	1
595	2
596	1
597	2
598	1
599	1
600	214
601	9
602	1
603	0
604	8
605	1
606	3
607	0
608	3
609	0
610	1
611	0
612	1
613	2
614	10
615	35
616	1
617	0
618	11
619	0
620	14
621	1
622	0
623	0
624	2
625	3
626	31
627	0
628	1
629	0
630	0
631	0
632	1
633	55
634	150
635	66
636	11
637	25
638	1
639	31
640	4
641	2
642	3
643	46
644	27
645	16
646	17
647	32
648	2
649	40
650	98
651	2
652	2
653	2
654	1
655	1
656	0
657	1
658	6
659	14
660	0
661	2
662	2
663	158
664	13
665	7
666	2
667	19
668	2
669	1
670	0
671	0
672	1
673	5
674	16
675	1
676	1
677	2
678	1
679	3
680	0
681	0
682	3
683	1
684	2
685	0
686	83
687	0
688	5
689	47
690	3
691	24
692	3
693	1
694	0
695	118
696	6
697	100
698	11
699	8
700	0
701	4
702	0
703	1
704	81
705	28
706	95
707	123
708	51
709	1
710	105
711	1
712	19
713	4
714	0
715	23
716	1
717	1
718	1
719	4
720	1
721	1
722	264
723	1
724	4
725	6
726	2
727	32
728	5
729	1
730	34
731	1
732	4
733	8
734	1
735	1
736	4
737	232
738	8
739	0
740	0
741	0
742	93
743	0
744	1
745	2
746	0
747	0
748	1
749	66
750	0
751	1
752	1
753	1
754	2
755	1
756	0
757	0
758	2
759	77
760	1
761	8
762	50
763	68
764	34
765	0
766	773
767	1
768	2
769	146
770	3
771	7
772	3
773	1
774	1
775	2
776	1
777	0
778	0
779	0
780	2
781	8
782	9
783	1
784	224
785	1
786	2
787	12
788	113
789	317
790	0
791	41
792	2
793	0
794	18
795	60
796	6
797	5
798	16
799	1
800	2
801	6
802	4
803	6
804	6
805	90
806	0
807	1
808	4
809	0
810	34
811	3
812	3
813	272
814	3
815	2
816	29
817	0
818	2
819	1
820	16
821	1
822	11
823	15
824	2
825	165
826	249
827	3
828	0
829	0
830	3
831	12
832	3
833	0
834	0
835	1
836	26
837	4
838	36
839	0
840	7
841	61
842	30
843	1
844	45
845	1
846	0
847	1
848	8
849	0
850	4
851	2
852	39
853	16
854	99
855	2
856	91
857	0
858	0
859	13
860	8
861	16
862	3
863	5
864	0
865	97
866	0
867	1
868	0
869	11
870	38
871	59
872	29
873	5
874	1
875	0
876	1
877	2
878	0
879	122
880	1
881	0
882	7
883	3
884	0
885	7
886	3
887	1
888	1
889	1
890	1
891	1
892	1
893	0
894	0
895	6
896	26
897	1
898	10
899	24
900	5
901	0
902	2
903	1
904	119
905	2
906	0
907	9
908	9
909	12
910	2
911	27
912	9
913	3
914	7
915	7
916	4
917	1
918	17
919	1
920	10
921	6
922	149
923	1
924	1
925	0
926	6
927	1
928	21
929	0
930	0
931	2
932	1
933	18
934	0
935	22
936	0
937	46
938	2
939	0
940	1
941	80
942	0
943	30
944	5
945	0
946	110
947	27
948	29
949	8
950	9
951	1
952	0
953	0
954	34
955	0
956	42
957	3
958	0
959	12
960	22
961	16
962	3
963	3
964	4
965	1
966	0
967	16
968	5
969	2
970	11
971	72
972	0
973	2
974	36
975	11
976	1
977	0
978	65
979	0
980	1
981	16
982	47
983	1
984	7
985	6
986	77
987	2
988	292
989	0
990	1
991	0
992	1
993	238
994	45
995	0
996	297
997	0
998	30
999	4
1000	60
1001	1
1002	1
1003	18
1004	12
1005	5
1006	138
1007	0
1008	8
1009	44
1010	6
1011	6
1012	7
1013	23
1014	0
1015	0
1016	1
1017	1
1018	5
1019	1
1020	0
1021	1
1022	14
1023	9
1024	41
1025	1
1026	0
1027	6
1028	7
1029	135
1030	0
1031	19
1032	39
1033	6
1034	33
1035	12
1036	0
1037	86
1038	6
1039	6
1040	1
1041	49
1042	41
1043	21
1044	9
1045	1
1046	24
1047	1
1048	2
1049	3
1050	44
1051	46
1052	4
1053	0
1054	0
1055	196
1056	0
1057	0
1058	1
1059	2
1060	1
1061	2
1062	156
1063	29
1064	16
1065	7
1066	5
1067	2
1068	3
1069	0
1070	1
1071	1
1072	1
1073	0
1074	95
1075	74
1076	0
1077	0
1078	5
1079	2
1080	5
1081	1
1082	4
1083	2
1084	5
1085	4
1086	8
1087	2
1088	1
1089	8
1090	2
1091	0
1092	0
1093	2
1094	2
1095	10
1096	1
1097	88
1098	305
1099	8
1100	2
1101	1
1102	15
1103	9
1104	1
1105	3
1106	2
1107	1
1108	1
1109	1
1110	1
1111	60
1112	1
1113	6
1114	39
1115	1
1116	0
1117	0
1118	0
1119	0
1120	1
1121	0
1122	0
1123	0
1124	20
1125	37
1126	2
1127	62
1128	13
1129	62
1130	1
1131	0
1132	57
1133	399
1134	3
1135	115
1136	0
1137	135
1138	3
1139	2
1140	0
1141	2
1142	48
1143	14
1144	7
1145	2
1146	1
1147	3
1148	1
1149	0
1150	8
1151	472
1152	0
1153	0
1154	2
1155	1
1156	4
1157	2
1158	1
1159	2
1160	24
1161	1
1162	0
1163	0
1164	39
1165	13
1166	599
1167	158
1168	5
1169	29
1170	2
1171	1
1172	1
1173	1
1174	1
1175	1
1176	1
1177	1
1178	1
1179	10
1180	1
1181	1
1182	7
1183	9
1184	79
1185	43
1186	0
1187	3
1188	2
1189	1
1190	4
1191	0
1192	0
1193	31
1194	1
1195	5
1196	9
1197	3
1198	4
1199	2
1200	107
1201	35
1202	66
1203	22
1204	61
1205	1
1206	1
1207	26
1208	1
1209	1
1210	218
1211	79
1212	4
1213	1
1214	2
1215	65
1216	1
1217	0
1218	0
1219	1
1220	0
1221	77
1222	0
1223	1
1224	1
1225	1
1226	1
1227	1
1228	11
1229	1
1230	33
1231	1
1232	1
1233	14
1234	16
1235	20
1236	103
1237	6
1238	1
1239	1
1240	0
1241	35
1242	11
1243	5
1244	2
1245	10
1246	8
1247	77
1248	21
1249	0
1250	0
1251	0
1252	2
1253	51
1254	1
1255	1
1256	1
1257	1
1258	1
1259	45
1260	2
1261	8
1262	2
1263	0
1264	1
1265	0
1266	0
1267	61
1268	1
1269	1
1270	0
1271	2
1272	1
1273	1
1274	1
1275	1
1276	1
1277	0
1278	69
1279	124
1280	4
1281	10
1282	8
1283	0
1284	20
1285	31
1286	65
1287	0
1288	0
1289	0
1290	16
1291	34
1292	7
1293	33
1294	1
1295	1
1296	9
1297	76
1298	1
1299	5
1300	0
1301	3
1302	1
1303	1
1304	1
1305	290
1306	20
1307	0
1308	4
1309	1
1310	2
1311	2
1312	1
1313	1
1314	1
1315	6
1316	7
1317	1
1318	2
1319	181
1320	6
1321	0
1322	12
1323	0
1324	1
1325	1
1326	6
1327	1
1328	2
1329	3
1330	0
1331	6
1332	1
1333	2
1334	1
1335	62
1336	8
1337	1
1338	3
1339	5
1340	3
1341	2
1342	4
1343	2
1344	2
1345	1
1346	3
1347	0
1348	0
1349	2
1350	117
1351	1
1352	121
1353	30
1354	8
1355	3
1356	20
1357	91
1358	18
1359	3
1360	22
1361	1
1362	4
1363	0
1364	0
1365	7
1366	1
1367	40
1368	33
1369	1
1370	1
1371	0
1372	0
1373	4
1374	462
1375	4
1376	1
1377	33
1378	14
1379	1
1380	63
1381	52
1382	17
1383	4
1384	37
1385	35
1386	61
1387	1
1388	2
1389	0
1390	32
1391	1
1392	2
1393	4
1394	9
1395	199
1396	0
1397	1
1398	1
1399	1
1400	3
1401	3
1402	0
1403	3
1404	1
1405	1
1406	2
1407	3
1408	1
1409	1
1410	1
1411	1
1412	0
1413	0
1414	0
1415	0
1416	13
1417	0
1418	0
1419	41
1420	12
1421	2
1422	1
1423	8
1424	52
1425	0
1426	1
1427	2
1428	183
1429	3
1430	2
1431	1
1432	1
1433	1
1434	2
1435	0
1436	1
1437	0
1438	1
1439	9
1440	1
1441	41
1442	20
1443	3
1444	2
1445	1
1446	3
1447	7
1448	1
1449	1
1450	1
1451	3
1452	1
1453	0
1454	1
1455	1
1456	1
1457	5
1458	1
1459	1
1460	1
1461	1
1462	48
1463	26
1464	0
1465	8
1466	24
1467	11
1468	20
1469	7
1470	156
1471	72
1472	1
1473	91
1474	2
1475	0
1476	0
1477	0
1478	0
1479	0
1480	44
1481	1
1482	26
1483	52
1484	0
1485	0
1486	0
1487	117
1488	1
1489	64
1490	0
1491	0
1492	157
1493	1
1494	1
1495	10
1496	210
1497	28
1498	6
1499	12
1500	48
1501	38
1502	2
1503	3
1504	6
1505	4
1506	41
1507	2
1508	0
1509	1
1510	16
1511	1
1512	1
1513	0
1514	0
1515	1
1516	1
1517	1
1518	0
1519	1
1520	3
1521	99
1522	139
1523	1
1524	4
1525	35
1526	4
1527	1
1528	1
1529	2
1530	11
1531	0
1532	0
1533	0
1534	2
1535	2
1536	1
1537	68
1538	81
1539	5
1540	1
1541	1
1542	244
1543	1
1544	0
1545	1
1546	1
1547	28
1548	4
1549	587
1550	42
1551	1
1552	81
1553	20
1554	6
1555	79
1556	0
1557	0
1558	1
1559	1
1560	3
1561	1
1562	0
1563	0
1564	27
1565	8
1566	46
1567	0
1568	1
1569	3
1570	4
1571	24
1572	2
1573	0
1574	1
1575	1
1576	1
1577	0
1578	1
1579	1
1580	0
1581	1
1582	13
1583	87
1584	1
1585	102
1586	0
1587	5
1588	1
1589	13
1590	1
1591	1
1592	30
1593	0
1594	114
1595	0
1596	29
1597	0
1598	0
1599	3
1600	0
1601	4
1602	1
1603	16
1604	4
1605	10
1606	3
1607	2
1608	355
1609	1
1610	12
1611	1
1612	68
1613	15
1614	73
1615	162
1616	1
1617	1
1618	0
1619	4
1620	1
1621	80
1622	50
1623	39
1624	0
1625	2
1626	2
1627	1
1628	12
1629	0
1630	2
1631	6
1632	3
1633	0
1634	1
1635	1
1636	1
1637	1
1638	3
1639	36
1640	0
1641	2
1642	1
1643	1
1644	48
1645	2
1646	5
1647	19
1648	0
1649	0
1650	1
1651	1
1652	0
1653	2
1654	0
1655	1
1656	1
1657	0
1658	9
1659	1
1660	1
1661	66
1662	6
1663	1
1664	3
1665	1
1666	1
1667	55
1668	5
1669	0
1670	18
1671	1
1672	0
1673	0
1674	8
1675	2
1676	1
1677	2
1678	3
1679	0
1680	4
1681	2
1682	1
1683	2
1684	9
1685	1
1686	1
1687	6
1688	25
1689	2
1690	2
1691	50
1692	3
1693	6
1694	1
1695	1
1696	4
1697	70
1698	1
1699	1
1700	93
1701	112
1702	0
1703	1
1704	1
1705	47
1706	4
1707	34
1708	1
1709	6
1710	1
1711	9
1712	1
1713	1
1714	5
1715	1
1716	6
1717	96
1718	0
1719	10
1720	14
1721	1
1722	14
1723	1
1724	1
1725	1
1726	0
1727	0
1728	1
1729	19
1730	45
1731	1
1732	18
1733	42
1734	55
1735	1
1736	1
1737	9
1738	3
1739	1
1740	1
1741	9
1742	6
1743	1
1744	8
1745	1
1746	7
1747	3
1748	76
1749	68
1750	0
1751	35
1752	0
1753	1
1754	23
1755	1
1756	89
1757	16
1758	2
1759	5
1760	1
1761	2
1762	47
1763	1
1764	2
1765	4
1766	27
1767	97
1768	0
1769	67
1770	1
1771	0
1772	141
1773	1
1774	0
1775	1
1776	0
1777	1
1778	8
1779	0
1780	0
1781	6
1782	2
1783	57
1784	1
1785	1
1786	0
1787	0
1788	0
1789	11
1790	2
1791	0
1792	31
1793	0
1794	26
1795	44
1796	38
1797	1
1798	0
1799	48
1800	20
1801	0
1802	0
1803	19
1804	1
1805	2
1806	1
1807	8
1808	129
1809	2
1810	1
1811	43
1812	4
1813	41
1814	105
1815	0
1816	10
1817	0
1818	0
1819	0
1820	90
1821	7
1822	11
1823	49
1824	0
1825	1
1826	1
1827	2
1828	2
1829	2
1830	3
1831	3
1832	6
1833	6
1834	1
1835	73
1836	16
1837	28
1838	57
1839	1
1840	2
1841	1
1842	0
1843	0
1844	1
1845	1
1846	1
1847	47
1848	16
1849	1
1850	0
1851	0
1852	1
1853	1
1854	0
1855	12
1856	1
1857	8
1858	1
1859	3
1860	1
1861	0
1862	2
1863	1
1864	0
1865	6
1866	1
1867	2
1868	22
1869	3
1870	1
1871	1
1872	5
1873	1
1874	9
1875	33
1876	3
1877	0
1878	0
1879	13
1880	0
1881	1
1882	1
1883	1
1884	0
1885	44
1886	4
1887	2
1888	36
1889	1
1890	1
1891	36
1892	5
1893	0
1894	1
1895	1
1896	51
1897	1
1898	0
1899	6
1900	1
1901	1
1902	1
1903	0
1904	0
1905	1
1906	1
1907	1
1908	9
1909	1
1910	0
1911	1
1912	3
1913	1
1914	2
1915	33
1916	1
1917	1
1918	20
1919	112
1920	0
1921	1
1922	204
1923	2
1924	5
1925	22
1926	1
1927	2
1928	7
1929	1
1930	1
1931	15
1932	1
1933	1
1934	1
1935	7
1936	0
1937	13
1938	1
1939	1
1940	5
1941	1
1942	0
1943	3
1944	2
1945	2
1946	4
1947	15
1948	14
1949	0
1950	0
1951	29
1952	3
1953	0
1954	0
1955	1
1956	0
1957	0
1958	1
1959	1
1960	1
1961	5
1962	31
1963	0
1964	13
1965	9
1966	18
1967	31
1968	2
1969	0
1970	0
1971	0
1972	181
1973	0
1974	0
1975	1
1976	6
1977	34
1978	1
1979	2
1980	47
1981	2
1982	29
1983	0
1984	7
1985	56
1986	17
1987	0
1988	1
1989	1
1990	36
1991	66
1992	16
1993	3
1994	1
1995	3
1996	1
1997	88
1998	0
1999	0
2000	1
2001	39
2002	1
2003	63
2004	0
2005	1
2006	0
2007	0
2008	1
2009	63
2010	27
2011	3
2012	3
2013	1
2014	10
2015	1
2016	13
2017	1
2018	2
2019	1
2020	1
2021	1
2022	0
2023	1
2024	1
2025	1
2026	1
2027	1
2028	1
2029	2
2030	1
2031	1
2032	1
2033	22
2034	1
2035	1
2036	2
2037	8
2038	5
2039	0
2040	1
2041	6
2042	2
2043	0
2044	2
2045	1
2046	0
2047	1
2048	0
2049	3
2050	4
2051	1
2052	14
2053	1
2054	3
2055	0
2056	1
2057	1
2058	1
2059	4
2060	0
2061	4
2062	121
2063	21
2064	2
2065	50
2066	0
2067	3
2068	4
2069	17
2070	1
2071	7
2072	121
2073	0
2074	0
2075	0
2076	0
2077	1
2078	0
2079	0
2080	0
2081	1
2082	1
2083	2
2084	10
2085	28
2086	1
2087	1
2088	6
2089	1
2090	1
2091	8
2092	7
2093	55
2094	1
2095	6
2096	2
2097	7
2098	0
2099	22
2100	1
2101	0
2102	45
2103	2
2104	2
2105	11
2106	0
2107	0
2108	4
2109	47
2110	3
2111	4
2112	1
2113	7
2114	39
2115	16
2116	20
2117	23
2118	113
2119	5
2120	122
2121	1
2122	0
2123	0
2124	0
2125	3
2126	1
2127	3
2128	3
2129	44
2130	8
2131	1
2132	1
2133	129
2134	14
2135	146
2136	1
2137	0
2138	1
2139	3
2140	0
2141	2
2142	2
2143	1
2144	23
2145	145
2146	1
2147	1
2148	1
2149	2
2150	1
2151	0
2152	4
2153	4
2154	0
2155	1
2156	41
2157	0
2158	0
2159	18
2160	26
2161	3
2162	0
2163	2
2164	1
2165	0
2166	0
2167	1
2168	3
2169	32
2170	2
2171	16
2172	29
2173	1
2174	65
2175	1
2176	17
2177	3
2178	3
2179	1
2180	1
2181	2
2182	1
2183	1
2184	3
2185	0
2186	61
2187	1
2188	3
2189	1
2190	1
2191	1
2192	5
2193	12
2194	3
2195	0
2196	3
2197	4
2198	3
2199	1
2200	2
2201	1
2202	0
2203	1
2204	1
2205	0
2206	14
2207	0
2208	0
2209	31
2210	17
2211	0
2212	1
2213	1
2214	3
2215	15
2216	1
2217	11
2218	1
2219	1
2220	0
2221	1
2222	1
2223	15
2224	3
2225	34
2226	28
2227	4
2228	1
2229	143
2230	49
2231	66
2232	12
2233	36
2234	14
2235	1
2236	75
2237	241
2238	1
2239	1
2240	108
2241	14
2242	3
2243	1
2244	0
2245	0
2246	8
2247	0
2248	0
2249	38
2250	3
2251	25
2252	22
2253	0
2254	6
2255	31
2256	247
2257	49
2258	95
2259	1
2260	1
2261	1
2262	1
2263	0
2264	58
2265	1
2266	1
2267	1
2268	1
2269	2
2270	1
2271	0
2272	31
2273	0
2274	48
2275	0
2276	32
2277	8
2278	4
2279	0
2280	1
2281	2
2282	5
2283	1
2284	0
2285	17
2286	6
2287	4
2288	1
2289	14
2290	120
2291	1
2292	1
2293	2
2294	9
2295	2
2296	2
2297	164
2298	48
2299	67
2300	1
2301	1
2302	1
2303	0
2304	1
2305	0
2306	4
2307	7
2308	1
2309	3
2310	1
2311	1
2312	1
2313	1
2314	3
2315	1
2316	3
2317	2
2318	2
2319	3
2320	2
2321	3
2322	19
2323	111
2324	3
2325	2
2326	252
2327	0
2328	215
2329	0
2330	2
2331	2
2332	36
2333	0
2334	1
2335	1
2336	1
2337	1
2338	6
2339	0
2340	4
2341	0
2342	5
2343	7
2344	1
2345	0
2346	4
2347	0
2348	0
2349	2
2350	0
2351	1
2352	2
2353	1
2354	1
2355	1
2356	57
2357	12
2358	0
2359	2
2360	3
2361	1
2362	0
2363	4
2364	14
2365	77
2366	7
2367	8
2368	17
2369	189
2370	2
2371	124
2372	7
2373	2
2374	1
2375	49
2376	26
2377	0
2378	4
2379	45
2380	1
2381	71
2382	1
2383	0
2384	72
2385	0
2386	0
2387	66
2388	1
2389	1
2390	2
2391	1
2392	1
2393	4
2394	1
2395	1
2396	1
2397	0
2398	62
2399	2
2400	0
2401	1
2402	2
2403	2
2404	1
2405	1
2406	2
2407	4
2408	0
2409	0
2410	34
2411	141
2412	3
2413	2
2414	6
2415	4
2416	37
2417	7
2418	1
2419	1
2420	0
2421	0
2422	0
2423	0
2424	1
2425	0
2426	0
2427	11
2428	1
2429	2
2430	0
2431	0
2432	0
2433	2
2434	2
2435	35
2436	0
2437	2
2438	1
2439	1
2440	50
2441	1
2442	1
2443	1
2444	6
2445	1
2446	1
2447	1
2448	1
2449	1
2450	1
2451	2
2452	42
2453	1
2454	1
2455	1
2456	31
2457	1
2458	6
2459	1
2460	1
2461	1
2462	4
2463	1
2464	1
2465	1
2466	1
2467	4
2468	0
2469	3
2470	0
2471	1
2472	75
2473	103
2474	142
2475	2
2476	35
2477	1
2478	6
2479	0
2480	7
2481	8
2482	3
2483	0
2484	0
2485	324
2486	0
2487	1
2488	21
2489	1
2490	0
2491	1
2492	1
2493	6
2494	1
2495	1
2496	2
2497	38
2498	1
2499	0
2500	3
2501	0
2502	30
2503	2
2504	100
2505	1
2506	46
2507	69
2508	13
2509	11
2510	68
2511	8
2512	1
2513	1
2514	1
2515	1
2516	44
2517	5
2518	4
2519	1
2520	1
2521	1
2522	1
2523	5
2524	7
2525	0
2526	1
2527	2
2528	1
2529	1
2530	1
2531	2
2532	0
2533	0
2534	1
2535	47
2536	1
2537	1
2538	1
2539	0
2540	1
2541	37
2542	93
2543	1
2544	11
2545	7
2546	34
2547	105
2548	12
2549	70
2550	26
2551	2
2552	5
2553	0
2554	0
2555	12
2556	1
2557	77
2558	2
2559	82
2560	180
2561	2
2562	2
2563	2
2564	50
2565	893
2566	32
2567	5
2568	4
2569	5
2570	1
2571	0
2572	7
2573	1
2574	2
2575	0
2576	146
2577	2
2578	12
2579	0
2580	0
2581	1
2582	1
2583	2
2584	1
2585	60
2586	2
2587	12
2588	0
2589	0
2590	0
2591	0
2592	13
2593	32
2594	45
2595	49
2596	13
2597	2
2598	7
2599	9
2600	0
2601	0
2602	0
2603	1
2604	0
2605	64
2606	1
2607	1
2608	14
2609	7
2610	1
2611	7
2612	29
2613	25
2614	5
2615	2
2616	1
2617	22
2618	53
2619	46
2620	24
2621	8
2622	0
2623	108
2624	1
2625	0
2626	3
2627	1
2628	1
2629	0
2630	2
2631	1
2632	1
2633	1
2634	1
2635	1
2636	1
2637	1
2638	1
2639	1
2640	1
2641	1
2642	1
2643	0
2644	1
2645	7
2646	39
2647	18
2648	1
2649	1
2650	0
2651	269
2652	0
2653	113
2654	104
2655	49
2656	1
2657	44
2658	307
2659	12
2660	164
2661	1
2662	2
2663	2
2664	1
2665	6
2666	0
2667	126
2668	1
2669	0
2670	0
2671	1
2672	13
2673	1
2674	103
2675	1
2676	7
2677	40
2678	0
2679	0
2680	6
2681	0
2682	1
2683	13
2684	1
2685	0
2686	156
2687	13
2688	618
2689	38
2690	26
2691	44
2692	19
2693	149
2694	18
2695	7
2696	64
2697	45
2698	15
2699	74
2700	168
2701	19
2702	80
2703	61
2704	75
2705	1
2706	18
2707	103
2708	9
2709	1
2710	0
2711	13
2712	0
2713	200
2714	0
2715	2
2716	1
2717	1
2718	1
2719	21
2720	0
2721	2
2722	1
2723	1
2724	10
2725	1
2726	0
2727	33
2728	3
2729	1
2730	2
2731	1
2732	0
2733	3
2734	1
2735	0
2736	1
2737	16
2738	3
2739	1
2740	28
2741	1
2742	0
2743	0
2744	39
2745	0
2746	25
2747	79
2748	1
2749	1
2750	0
2751	0
2752	7
2753	1
2754	0
2755	1
2756	0
2757	5
2758	2
2759	1
2760	23
2761	1
2762	3
2763	0
2764	1
2765	29
2766	1
2767	1
2768	40
2769	1
2770	1
2771	1
2772	1
2773	1
2774	46
2775	35
2776	1
2777	0
2778	22
2779	1
2780	3
2781	0
2782	1
2783	1
2784	1
2785	1
2786	1
2787	4
2788	4
2789	3
2790	173
2791	15
2792	18
2793	6
2794	0
2795	0
2796	8
2797	0
2798	0
2799	8
2800	0
2801	0
2802	9
2803	1
2804	16
2805	0
2806	0
2807	5
2808	2
2809	0
2810	0
2811	19
2812	0
2813	1
2814	0
2815	11
2816	0
2817	2
2818	1
2819	18
2820	0
2821	0
2822	43
2823	1
2824	1
2825	0
2826	1
2827	1
2828	0
2829	0
2830	6
2831	39
2832	50
2833	7
2834	5
2835	1
2836	0
2837	0
2838	21
2839	5
2840	14
2841	1
2842	124
2843	0
2844	2
2845	3
2846	1
2847	1
2848	1
2849	1
2850	1
2851	44
2852	2
2853	1
2854	0
2855	16
2856	5
2857	1
2858	3
2859	139
2860	5
2861	1
2862	4
2863	5
2864	1
2865	2
2866	6
2867	3
2868	1
2869	1
2870	1
2871	282
2872	87
2873	0
2874	0
2875	6
2876	1
2877	0
2878	0
2879	1
2880	2
2881	1
2882	1
2883	28
2884	1
2885	5
2886	3
2887	1
2888	1
2889	14
2890	1
2891	1
2892	1
2893	1
2894	1
2895	1
2896	1
2897	0
2898	2
2899	1
2900	29
2901	4
2902	0
2903	8
2904	18
2905	4
2906	6
2907	6
2908	12
2909	57
2910	0
2911	0
2912	33
2913	11
2914	4
2915	0
2916	1
2917	2
2918	3
2919	2
2920	0
2921	1
2922	0
2923	35
2924	2
2925	19
2926	0
2927	0
2928	1
2929	1
2930	1
2931	2
2932	62
2933	6
2934	0
2935	36
2936	8
2937	0
2938	1
2939	7
2940	123
2941	11
2942	0
2943	0
2944	1
2945	1
2946	0
2947	10
2948	26
2949	1
2950	13
2951	19
2952	1
2953	10
2954	1
2955	0
2956	0
2957	1
2958	47
2959	0
2960	1
2961	1
2962	1
2963	0
2964	70
2965	2
2966	0
2967	238
2968	55
2969	3
2970	1
2971	1
2972	357
2973	0
2974	15
2975	2
2976	7
2977	0
2978	6
2979	0
2980	1
2981	44
2982	1
2983	28
2984	0
2985	4
2986	3
2987	9
2988	55
2989	10
2990	0
2991	7
2992	1
2993	1
2994	3
2995	10
2996	0
2997	0
2998	3
2999	7
3000	43
3001	7
3002	5
3003	1
3004	3
3005	28
3006	31
3007	15
3008	1
3009	51
3010	123
3011	1
3012	1
3013	1
3014	0
3015	44
3016	2
3017	3
3018	19
3019	1
3020	52
3021	7
3022	1
3023	0
3024	52
3025	4
3026	175
3027	39
3028	189
3029	2
3030	0
3031	50
3032	216
3033	45
3034	38
3035	13
3036	7
3037	7
3038	1
3039	14
3040	7
3041	14
3042	1
3043	1
3044	6
3045	0
3046	10
3047	12
3048	1
3049	6
3050	0
3051	1
3052	1
3053	9
3054	1
3055	52
3056	44
3057	48
3058	0
3059	32
3060	4
3061	2
3062	42
3063	3
3064	0
3065	0
3066	1
3067	0
3068	0
3069	0
3070	2
3071	1
3072	25
3073	34
3074	1
3075	2
3076	1
3077	4
3078	1
3079	0
3080	0
3081	20
3082	0
3083	2
3084	62
3085	1
3086	8
3087	8
3088	37
3089	4
3090	12
3091	1
3092	81
3093	1
3094	5
3095	37
3096	3
3097	1
3098	37
3099	0
3100	0
3101	2
3102	1
3103	5
3104	0
3105	0
3106	5
3107	10
3108	8
3109	9
3110	21
3111	1
3112	1
3113	1
3114	1
3115	5
3116	0
3117	0
3118	2
3119	3
3120	8
3121	0
3122	0
3123	3
3124	2
3125	16
3126	1
3127	15
3128	1
3129	2
3130	0
3131	1
3132	3
3133	1
3134	1
3135	1
3136	0
3137	4
3138	0
3139	0
3140	2
3141	0
3142	49
3143	1
3144	88
3145	18
3146	1
3147	6
3148	26
3149	1
3150	10
3151	1
3152	1
3153	1
3154	1
3155	0
3156	1
3157	0
3158	1
3159	9
3160	2
3161	0
3162	3
3163	1
3164	0
3165	1
3166	1
3167	1
3168	79
3169	1
3170	0
3171	1
3172	13
3173	7
3174	1
3175	41
3176	6
3177	0
3178	0
3179	0
3180	24
3181	3
3182	1
3183	2
3184	1
3185	2
3186	1
3187	1
3188	20
3189	10
3190	10
3191	68
3192	56
3193	0
3194	1
3195	0
3196	22
3197	4
3198	1
3199	13
3200	8
3201	0
3202	8
3203	1
3204	1
3205	0
3206	1
3207	1
3208	6
3209	41
3210	3
3211	2
3212	1
3213	1
3214	1
3215	1
3216	2
3217	1
3218	1
3219	1
3220	1
3221	1
3222	1
3223	1
3224	1
3225	13
3226	1
3227	19
3228	1
3229	1
3230	1
3231	1
3232	1
3233	3
3234	1
3235	1
3236	0
3237	0
3238	28
3239	3
3240	1
3241	1
3242	6
3243	0
3244	1
3245	0
3246	2
3247	2
3248	1
3249	3
3250	3
3251	0
3252	37
3253	0
3254	0
3255	3
3256	19
3257	1
3258	95
3259	2
3260	8
3261	1
3262	9
3263	1
3264	1
3265	0
3266	0
3267	1
3268	2
3269	3
3270	2
3271	2
3272	2
3273	1
3274	69
3275	14
3276	79
3277	1
3278	2
3279	2
3280	3
3281	1
3282	5
3283	0
3284	20
3285	1
3286	0
3287	0
3288	1
3289	0
3290	36
3291	58
3292	8
3293	10
3294	1
3295	0
3296	2
3297	51
3298	1
3299	1
3300	5
3301	15
3302	1
3303	1
3304	31
3305	5
3306	7
3307	0
3308	0
3309	4
3310	18
3311	1
3312	1
3313	5
3314	1
3315	13
3316	3
3317	15
3318	1
3319	0
3320	5
3321	18
3322	1
3323	2
3324	0
3325	6
3326	18
3327	0
3328	0
3329	0
3330	0
3331	1
3332	1
3333	15
3334	13
3335	1
3336	0
3337	0
3338	3
3339	1
3340	4
3341	1
3342	1
3343	13
3344	1
3345	35
3346	5
3347	0
3348	25
3349	9
3350	55
3351	0
3352	273
3353	1
3354	5
3355	3
3356	1
3357	2
3358	1
3359	1
3360	1
3361	2
3362	1
3363	0
3364	0
3365	0
3366	63
3367	3
3368	1
3369	1
3370	1
3371	0
3372	0
3373	12
3374	4
3375	43
3376	0
3377	4
3378	41
3379	19
3380	42
3381	180
3382	1
3383	2
3384	3
3385	1
3386	12
3387	0
3388	15
3389	2
3390	60
3391	4
3392	33
3393	10
3394	156
3395	1
3396	2
3397	3
3398	1
3399	3
3400	1
3401	1
3402	122
3403	3
3404	89
3405	1
3406	4
3407	1
3408	0
3409	1
3410	0
3411	1
3412	1
3413	0
3414	0
3415	0
3416	1
3417	30
3418	1
3419	0
3420	0
3421	0
3422	3
3423	1
3424	1
3425	2
3426	1
3427	1
3428	0
3429	0
3430	0
3431	0
3432	0
3433	9
3434	1
3435	4
3436	1
3437	1
3438	1
3439	88
3440	1
3441	2
3442	0
3443	20
3444	2
3445	21
3446	0
3447	271
3448	3
3449	314
3450	27
3451	98
3452	131
3453	319
3454	148
3455	68
3456	241
3457	166
3458	69
3459	92
3460	22
3461	101
3462	54
3463	56
3464	0
3465	3
3466	17
3467	1
3468	3
3469	23
3470	21
3471	2
3472	15
3473	0
3474	0
3475	1
3476	0
3477	53
3478	42
3479	102
3480	18
3481	17
3482	24
3483	20
3484	0
3485	0
3486	0
3487	1
3488	16
3489	0
3490	2
3491	2
3492	3
3493	1
3494	1
3495	3
3496	10
3497	1
3498	114
3499	3
3500	1
3501	0
3502	0
3503	0
3504	1
3505	0
3506	0
3507	0
3508	11
3509	1
3510	1
3511	1
3512	9
3513	4
3514	1
3515	3
3516	0
3517	0
3518	6
3519	48
3520	1
3521	29
3522	71
3523	28
3524	1
3525	16
3526	6
3527	64
3528	13
3529	0
3530	3
3531	1
3532	5
3533	0
3534	0
3535	5
3536	6
3537	0
3538	2
3539	2
3540	4
3541	81
3542	5
3543	3
3544	7
3545	2
3546	0
3547	0
3548	0
3549	0
3550	1
3551	1
3552	1
3553	8
3554	6
3555	14
3556	14
3557	10
3558	1
3559	0
3560	16
3561	4
3562	40
3563	3
3564	2
3565	1
3566	1
3567	18
3568	147
3569	42
3570	0
3571	45
3572	0
3573	0
3574	0
3575	0
3576	4
3577	1
3578	2
3579	2
3580	0
3581	1
3582	1
3583	4
3584	1
3585	2
3586	156
3587	15
3588	0
3589	5
3590	1
3591	13
3592	0
3593	26
3594	2
3595	2
3596	1
3597	13
3598	4
3599	1
3600	12
3601	52
3602	1
3603	12
3604	2
3605	1
3606	1
3607	24
3608	0
3609	0
3610	4
3611	22
3612	0
3613	1
3614	205
3615	144
3616	0
3617	0
3618	1
3619	1
3620	1
3621	1
3622	22
3623	0
3624	64
3625	4
3626	0
3627	0
3628	1
3629	4
3630	32
3631	91
3632	1
3633	48
3634	82
3635	63
3636	11
3637	4
3638	1
3639	12
3640	1
3641	212
3642	362
3643	44
3644	0
3645	40
3646	9
3647	13
3648	9
3649	1
3650	0
3651	1
3652	1
3653	2
3654	1
3655	9
3656	3
3657	1
3658	39
3659	38
3660	87
3661	36
3662	10
3663	1
3664	1
3665	20
3666	144
3667	6
3668	1
3669	0
3670	0
3671	0
3672	0
3673	5
3674	2
3675	1
3676	1
3677	2
3678	17
3679	2
3680	0
3681	1
3682	75
3683	6
3684	1
3685	2
3686	3
3687	1
3688	4
3689	2
3690	1
3691	95
3692	8
3693	1
3694	1
3695	1
3696	1
3697	1
3698	1
3699	0
3700	2
3701	0
3702	1
3703	1
3704	1
3705	3
3706	1
3707	1
3708	0
3709	7
3710	0
3711	1
3712	1
3713	0
3714	15
3715	1
3716	0
3717	1
3718	1
3719	14
3720	11
3721	0
3722	2
3723	7
3724	93
3725	4
3726	3
3727	1
3728	85
3729	11
3730	1
3731	15
3732	0
3733	1
3734	0
3735	3
3736	0
3737	0
3738	0
3739	0
3740	0
3741	0
3742	3
3743	10
3744	2
3745	0
3746	1
3747	4
3748	30
3749	4
3750	2
3751	11
3752	15
3753	1
3754	6
3755	0
3756	0
3757	1
3758	1
3759	1
3760	1
3761	2
3762	8
3763	3
3764	10
3765	1
3766	9
3767	16
3768	0
3769	0
3770	22
3771	3
3772	1
3773	0
3774	1
3775	12
3776	0
3777	11
3778	0
3779	2
3780	3
3781	1
3782	3
3783	1
3784	1
3785	18
3786	99
3787	232
3788	2
3789	0
3790	0
3791	1
3792	27
3793	0
3794	46
3795	1
3796	113
3797	0
3798	23
3799	6
3800	3
3801	1
3802	8
3803	10
3804	5
3805	1
3806	45
3807	0
3808	0
3809	2
3810	1
3811	0
3812	53
3813	94
3814	47
3815	20
3816	0
3817	1
3818	0
3819	10
3820	0
3821	2
3822	0
3823	2
3824	1
3825	0
3826	0
3827	2
3828	0
3829	1
3830	20
3831	0
3832	1
3833	3
3834	1
3835	35
3836	1
3837	1
3838	0
3839	5
3840	1
3841	1
3842	15
3843	18
3844	1
3845	8
3846	0
3847	0
3848	1
3849	0
3850	2
3851	2
3852	0
3853	0
3854	82
3855	6
3856	0
3857	0
3858	1
3859	0
3860	0
3861	0
3862	2
3863	5
3864	1
3865	2
3866	0
3867	0
3868	0
3869	5
3870	2
3871	5
3872	15
3873	4
3874	0
3875	0
3876	3
3877	13
3878	1
3879	0
3880	0
3881	2
3882	1
3883	1
3884	0
3885	2
3886	1
3887	0
3888	1
3889	2
3890	3
3891	1
3892	0
3893	0
3894	1
3895	1
3896	1
3897	9
3898	2
3899	0
3900	3
3901	1
3902	43
3903	0
3904	1
3905	2
3906	1
3907	1
3908	0
3909	1
3910	33
3911	2
3912	17
3913	0
3914	0
3915	0
3916	42
3917	29
3918	4
3919	15
3920	6
3921	0
3922	7
3923	1
3924	5
3925	7
3926	0
3927	1
3928	2
3929	2
3930	5
3931	1
3932	4
3933	0
3934	0
3935	1
3936	1
3937	0
3938	0
3939	0
3940	0
3941	1
3942	0
3943	1
3944	1
3945	2
3946	0
3947	3
3948	26
3949	30
3950	0
3951	0
3952	1
3953	1
3954	2
3955	3
3956	85
3957	1
3958	15
3959	2
3960	23
3961	16
3962	4
3963	1
3964	1
3965	89
3966	1
3967	0
3968	1
3969	90
3970	0
3971	7
3972	0
3973	33
3974	0
3975	0
3976	145
3977	14
3978	2
3979	3
3980	2
3981	1
3982	20
3983	4
3984	2
3985	32
3986	1
3987	1
3988	0
3989	2
3990	1
3991	7
3992	2
3993	0
3994	0
3995	57
3996	0
3997	1
3998	2
3999	2
4000	4
4001	28
4002	0
4003	0
4004	0
4005	1
4006	2
4007	15
4008	7
4009	2
4010	1
4011	0
4012	0
4013	21
4014	0
4015	2
4016	2
4017	0
4018	0
4019	2
4020	6
4021	0
4022	0
4023	3
4024	2
4025	1
4026	2
4027	6
4028	1
4029	0
4030	0
4031	0
4032	0
4033	0
4034	4
4035	1
4036	147
4037	15
4038	1
4039	9
4040	104
4041	68
4042	21
4043	0
4044	89
4045	257
4046	89
4047	0
4048	1
4049	0
4050	1
4051	1
4052	0
4053	2
4054	0
4055	3
4056	23
4057	1
4058	0
4059	4
4060	0
4061	1
4062	4
4063	27
4064	1
4065	131
4066	5
4067	1
4068	6
4069	1
4070	111
4071	17
4072	29
4073	115
4074	33
4075	1
4076	86
4077	77
4078	2
4079	4
4080	1
4081	0
4082	15
4083	1
4084	0
4085	1
4086	0
4087	0
4088	0
4089	3
4090	1
4091	1
4092	1
4093	1
4094	0
4095	2
4096	1
4097	1
4098	8
4099	155
4100	1
4101	0
4102	0
4103	1
4104	3
4105	1
4106	1
4107	1
4108	1
4109	1
4110	4
4111	16
4112	0
4113	0
4114	0
4115	0
4116	12
4117	0
4118	0
4119	6
4120	3
4121	2
4122	1
4123	25
4124	50
4125	2
4126	2
4127	41
4128	9
4129	2
4130	2
4131	1
4132	1
4133	2
4134	2
4135	2
4136	26
4137	7
4138	64
4139	1
4140	12
4141	5
4142	37
4143	1
4144	76
4145	2
4146	1
4147	2
4148	6
4149	2
4150	16
4151	84
4152	43
4153	1
4154	1
4155	5
4156	0
4157	0
4158	0
4159	2
4160	0
4161	0
4162	16
4163	2
4164	3
4165	1
4166	1
4167	1
4168	0
4169	9
4170	1
4171	0
4172	0
4173	0
4174	1
4175	8
4176	1
4177	1
4178	3
4179	0
4180	1
4181	0
4182	0
4183	0
4184	1
4185	1
4186	6
4187	9
4188	0
4189	11
4190	2
4191	20
4192	7
4193	0
4194	2
4195	1
4196	0
4197	7
4198	1
4199	8
4200	5
4201	2
4202	1
4203	1
4204	2
4205	5
4206	1
4207	1
4208	2
4209	1
4210	1
4211	65
4212	53
4213	3
4214	9
4215	2
4216	1
4217	1
4218	0
4219	112
4220	3
4221	42
4222	41
4223	7
4224	17
4225	1
4226	0
4227	0
4228	3
4229	4
4230	0
4231	1
4232	3
4233	2
4234	3
4235	0
4236	1
4237	0
4238	1
4239	0
4240	1
4241	1
4242	1
4243	1
4244	1
4245	2
4246	1
4247	0
4248	1
4249	1
4250	2
4251	1
4252	5
4253	0
4254	0
4255	9
4256	0
4257	2
4258	0
4259	1
4260	1
4261	24
4262	0
4263	1
4264	0
4265	0
4266	11
4267	1
4268	0
4269	3
4270	0
4271	0
4272	0
4273	23
4274	1
4275	5
4276	52
4277	1
4278	1
4279	1
4280	1
4281	0
4282	6
4283	1
4284	1
4285	2
4286	0
4287	0
4288	0
4289	0
4290	2
4291	4
4292	4
4293	0
4294	0
4295	17
4296	1
4297	38
4298	9
4299	0
4300	0
4301	0
4302	0
4303	0
4304	1
4305	1
4306	1
4307	3
4308	7
4309	0
4310	278
4311	0
4312	5
4313	5
4314	4
4315	29
4316	8
4317	3
4318	3
4319	4
4320	2
4321	1
4322	1
4323	0
4324	8
4325	3
4326	7
4327	2
4328	1
4329	12
4330	0
4331	2
4332	0
4333	2
4334	1
4335	32
4336	1
4337	1
4338	40
4339	0
4340	1
4341	1
4342	10
4343	7
4344	3
4345	2
4346	1
4347	55
4348	1
4349	0
4350	0
4351	4
4352	1
4353	80
4354	6
4355	50
4356	0
4357	1
4358	1
4359	0
4360	1
4361	6
4362	1
4363	22
4364	39
4365	0
4366	2
4367	0
4368	1
4369	2
4370	1
4371	6
4372	1
4373	0
4374	0
4375	3
4376	0
4377	11
4378	1
4379	5
4380	1
4381	1
4382	1
4383	4
4384	0
4385	0
4386	0
4387	0
4388	0
4389	0
4390	0
4391	0
4392	0
4393	1
4394	1
4395	3
4396	1
4397	1
4398	9
4399	1
4400	5
4401	9
4402	0
4403	0
4404	1
4405	1
4406	1
4407	1
4408	1
4409	7
4410	0
4411	0
4412	2
4413	0
4414	1
4415	17
4416	11
4417	0
4418	1
4419	0
4420	0
4421	0
4422	15
4423	1
4424	0
4425	2
4426	5
4427	1
4428	12
4429	12
4430	6
4431	4
4432	8
4433	24
4434	2
4435	3
4436	2
4437	70
4438	6
4439	1
4440	6
4441	202
4442	18
4443	7
4444	1
4445	1
4446	2
4447	14
4448	36
4449	1
4450	1
4451	9
4452	1
4453	0
4454	1
4455	22
4456	4
4457	1
4458	2
4459	4
4460	2
4461	2
4462	1
4463	0
4464	1
4465	4
4466	0
4467	1
4468	18
4469	1
4470	1
4471	2
4472	0
4473	1
4474	2
4475	1
4476	16
4477	2
4478	1
4479	1
4480	0
4481	0
4482	7
4483	153
4484	0
4485	12
4486	20
4487	31
4488	50
4489	15
4490	1
4491	1
4492	2
4493	1
4494	1
4495	1
4496	3
4497	1
4498	1
4499	0
4500	2
4501	0
4502	2
4503	1
4504	2
4505	0
4506	0
4507	2
4508	1
4509	11
4510	0
4511	15
4512	0
4513	0
4514	0
4515	0
4516	1
4517	0
4518	0
4519	0
4520	0
4521	0
4522	0
4523	1
4524	9
4525	0
4526	5
4527	14
4528	0
4529	0
4530	9
4531	14
4532	8
4533	3
4534	19
4535	5
4536	81
4537	0
4538	1
4539	0
4540	1
4541	0
4542	9
4543	2
4544	0
4545	1
4546	0
4547	45
4548	0
4549	0
4550	100
4551	0
4552	0
4553	3
4554	1
4555	1
4556	1
4557	16
4558	1
4559	0
4560	3
4561	0
4562	0
4563	11
4564	33
4565	2
4566	3
4567	2
4568	1
4569	1
4570	0
4571	0
4572	0
4573	0
4574	40
4575	2
4576	10
4577	2
4578	0
4579	0
4580	0
4581	3
4582	5
4583	0
4584	0
4585	0
4586	9
4587	27
4588	11
4589	0
4590	0
4591	2
4592	6
4593	1
4594	1
4595	3
4596	1
4597	1
4598	71
4599	1
4600	15
4601	1
4602	2
4603	1
4604	7
4605	0
4606	0
4607	1
4608	1
4609	2
4610	0
4611	1
4612	1
4613	0
4614	0
4615	1
4616	7
4617	1
4618	4
4619	1
4620	0
4621	0
4622	1
4623	2
4624	2
4625	4
4626	5
4627	1
4628	0
4629	1
4630	4
4631	1
4632	228
4633	12
4634	0
4635	1
4636	1
4637	0
4638	1
4639	0
4640	2
4641	1
4642	0
4643	0
4644	1
4645	1
4646	0
4647	11
4648	0
4649	1
4650	0
4651	2
4652	8
4653	114
4654	2
4655	2
4656	0
4657	0
4658	0
4659	3
4660	1
4661	19
4662	46
4663	10
4664	6
4665	9
4666	24
4667	1
4668	1
4669	13
4670	1
4671	7
4672	2
4673	96
4674	3
4675	1
4676	0
4677	0
4678	0
4679	0
4680	0
4681	20
4682	14
4683	1
4684	0
4685	0
4686	57
4687	23
4688	59
4689	1
4690	0
4691	0
4692	1
4693	2
4694	1
4695	1
4696	1
4697	1
4698	1
4699	1
4700	1
4701	1
4702	1
4703	1
4704	1
4705	3
4706	3
4707	1
4708	1
4709	25
4710	8
4711	1
4712	121
4713	0
4714	3
4715	11
4716	1
4717	62
4718	46
4719	0
4720	1
4721	2
4722	0
4723	1
4724	0
4725	36
4726	15
4727	1
4728	0
4729	0
4730	0
4731	0
4732	0
4733	4
4734	0
4735	0
4736	1
4737	3
4738	1
4739	11
4740	1
4741	3
4742	2
4743	2
4744	2
4745	2
4746	18
4747	0
4748	38
4749	3
4750	3
4751	4
4752	1
4753	1
4754	1
4755	1
4756	34
4757	6
4758	0
4759	1
4760	7
4761	1
4762	1
4763	1
4764	53
4765	4
4766	1
4767	14
4768	0
4769	0
4770	0
4771	3
4772	0
4773	1
4774	13
4775	0
4776	0
4777	2
4778	1
4779	0
4780	0
4781	27
4782	2
4783	0
4784	0
4785	1
4786	3
4787	1
4788	20
4789	2
4790	1
4791	1
4792	62
4793	2
4794	1
4795	73
4796	4
4797	0
4798	4
4799	2
4800	1
4801	1
4802	0
4803	1
4804	1
4805	2
4806	1
4807	1
4808	0
4809	0
4810	1
4811	0
4812	0
4813	46
4814	20
4815	0
4816	1
4817	1
4818	28
4819	1
4820	0
4821	2
4822	0
4823	1
4824	101
4825	2
4826	1
4827	1
4828	168
4829	78
4830	1
4831	0
4832	7
4833	6
4834	1
4835	1
4836	1
4837	2
4838	2
4839	1
4840	4
4841	1
4842	2
4843	24
4844	2
4845	1
4846	34
4847	1
4848	1
4849	2
4850	3
4851	3
4852	3
4853	5
4854	2
4855	2
4856	3
4857	1
4858	1
4859	30
4860	2
4861	1
4862	4
4863	1
4864	4
4865	0
4866	2
4867	1
4868	1
4869	1
4870	2
4871	1
4872	1
4873	1
4874	3
4875	0
4876	0
4877	0
4878	0
4879	28
4880	0
4881	4
4882	3
4883	5
4884	4
4885	4
4886	0
4887	0
4888	0
4889	2
4890	1
4891	7
4892	0
4893	5
4894	79
4895	0
4896	0
4897	1
4898	11
4899	169
4900	1
4901	2
4902	0
4903	2
4904	2
4905	1
4906	2
4907	0
4908	1
4909	2
4910	2
4911	1
4912	2
4913	1
4914	2
4915	6
4916	1
4917	1
4918	1
4919	1
4920	2
4921	1
4922	2
4923	3
4924	10
4925	2
4926	7
4927	1
4928	0
4929	9
4930	0
4931	1
4932	2
4933	3
4934	6
4935	1
4936	2
4937	17
4938	12
4939	0
4940	0
4941	0
4942	0
4943	31
4944	4
4945	1
4946	0
4947	10
4948	214
4949	0
4950	1
4951	1
4952	3
4953	0
4954	0
4955	0
4956	0
4957	1
4958	0
4959	0
4960	8
4961	0
4962	0
4963	13
4964	60
4965	1
4966	25
4967	361
4968	0
4969	1
4970	8
4971	1
4972	2
4973	8
4974	44
4975	2
4976	23
4977	3
4978	1
4979	1
4980	16
4981	53
4982	43
4983	4
4984	0
4985	1
4986	1
4987	0
4988	23
4989	7
4990	0
4991	0
4992	4
4993	4
4994	19
4995	1
4996	1
4997	0
4998	0
4999	0
5000	1
5001	1
5002	115
5003	2
5004	0
5005	1
5006	28
5007	0
5008	27
5009	14
5010	4
5011	10
5012	14
5013	7
5014	0
5015	14
5016	10
5017	9
5018	1
5019	1
5020	139
5021	0
5022	172
5023	0
5024	4
5025	0
5026	0
5027	0
5028	43
5029	26
5030	0
5031	1
5032	2
5033	0
5034	0
5035	1
5036	4
5037	18
5038	5
5039	7
5040	3
5041	0
5042	0
5043	2
5044	0
5045	0
5046	2
5047	1
5048	6
5049	0
5050	11
5051	8
5052	1
5053	52
5054	2
5055	0
5056	0
5057	1
5058	0
5059	26
5060	3
5061	13
5062	1
5063	1
5064	1
5065	1
5066	0
5067	2
5068	10
5069	5
5070	4
5071	1
5072	3
5073	0
5074	0
5075	0
5076	0
5077	1
5078	3
5079	271
5080	3
5081	5
5082	0
5083	0
5084	1
5085	4
5086	1
5087	1
5088	1
5089	8
5090	3
5091	1
5092	0
5093	1
5094	0
5095	3
5096	14
5097	1
5098	2
5099	14
5100	0
5101	0
5102	54
5103	127
5104	3
5105	1
5106	33
5107	0
5108	0
5109	1
5110	84
5111	7
5112	1
5113	0
5114	4
5115	0
5116	1
5117	2
5118	13
5119	18
5120	0
5121	9
5122	1
5123	69
5124	1
5125	54
5126	3
5127	1
5128	1
5129	1
5130	0
5131	0
5132	0
5133	0
5134	0
5135	1
5136	1
5137	0
5138	1
5139	11
5140	51
5141	1
5142	4
5143	16
5144	0
5145	0
5146	0
5147	0
5148	0
5149	0
5150	13
5151	3
5152	4
5153	5
5154	3
5155	24
5156	0
5157	0
5158	1
5159	1
5160	12
5161	1
5162	5
5163	1
5164	2
5165	0
5166	48
5167	1
5168	0
5169	0
5170	0
5171	41
5172	29
5173	122
5174	6
5175	35
5176	139
5177	101
5178	19
5179	217
5180	49
5181	41
5182	14
5183	1
5184	68
5185	152
5186	2
5187	31
5188	211
5189	312
5190	80
5191	10
5192	1
5193	18
5194	10
5195	4
5196	32
5197	3
5198	6
5199	22
5200	15
5201	15
5202	2
5203	15
5204	0
5205	0
5206	0
5207	13
5208	0
5209	1
5210	0
5211	0
5212	0
5213	1
5214	1
5215	8
5216	1
5217	21
5218	1
5219	1
5220	1
5221	1
5222	1
5223	0
5224	1
5225	1
5226	17
5227	1
5228	1
5229	1
5230	1
5231	0
5232	2
5233	24
5234	0
5235	0
5236	0
5237	0
5238	3
5239	1
5240	0
5241	2
5242	1
5243	19
5244	1
5245	0
5246	44
5247	2
5248	2
5249	1
5250	14
5251	1
5252	1
5253	0
5254	33
5255	8
5256	0
5257	0
5258	0
5259	0
5260	0
5261	2
5262	59
5263	75
5264	7
5265	1
5266	0
5267	2
5268	0
5269	1
5270	0
5271	0
5272	0
5273	12
5274	0
5275	2
5276	9
5277	1
5278	1
5279	0
5280	1
5281	1
5282	4
5283	2
5284	2
5285	21
5286	10
5287	1
5288	0
5289	6
5290	1
5291	1
5292	0
5293	0
5294	1
5295	22
5296	16
5297	0
5298	0
5299	1
5300	1
5301	61
5302	0
5303	0
5304	0
5305	0
5306	1
5307	0
5308	0
5309	0
5310	0
5311	0
5312	9
5313	12
5314	1
5315	1
5316	24
5317	18
5318	0
5319	0
5320	11
5321	32
5322	1
5323	3
5324	16
5325	0
5326	0
5327	0
5328	1
5329	2
5330	1
5331	0
5332	6
5333	3
5334	7
5335	0
5336	3
5337	1
5338	0
5339	10
5340	0
5341	2
5342	30
5343	2
5344	3
5345	1
5346	1
5347	2
5348	1
5349	0
5350	0
5351	0
5352	3
5353	1
5354	0
5355	1
5356	1
5357	1
5358	1
5359	0
5360	15
5361	6
5362	0
5363	0
5364	0
5365	1
5366	2
5367	1
5368	0
5369	0
5370	1
5371	1
5372	1
5373	1
5374	1
5375	0
5376	1
5377	1
5378	17
5379	0
5380	2
5381	4
5382	19
5383	0
5384	2
5385	1
5386	3
5387	1
5388	0
5389	0
5390	2
5391	37
5392	0
5393	0
5394	0
5395	1
5396	12
5397	1
5398	2
5399	8
5400	4
5401	3
5402	0
5403	0
5404	40
5405	4
5406	1
5407	0
5408	0
5409	0
5410	1
5411	0
5412	0
5413	1
5414	0
5415	1
5416	1
5417	0
5418	1
5419	9
5420	0
5421	4
5422	1
5423	48
5424	2
5425	0
5426	0
5427	37
5428	3
5429	1
5430	6
5431	1
5432	4
5433	0
5434	0
5435	1
5436	1
5437	26
5438	1
5439	66
5440	2
5441	0
5442	0
5443	0
5444	0
5445	63
5446	26
5447	2
5448	3
5449	0
5450	0
5451	0
5452	17
5453	0
5454	19
5455	8
5456	2
5457	44
5458	0
5459	0
5460	1
5461	1
5462	19
5463	0
5464	0
5465	0
5466	2
5467	0
5468	10
5469	0
5470	0
5471	0
5472	16
5473	1
5474	8
5475	2
5476	1
5477	1
5478	9
5479	28
5480	3
5481	0
5482	12
5483	1
5484	22
5485	21
5486	1
5487	30
5488	1
5489	12
5490	1
5491	1
5492	0
5493	0
5494	1
5495	4
5496	1
5497	1
5498	0
5499	3
5500	1
5501	3
5502	0
5503	0
5504	2
5505	1
5506	0
5507	1
5508	1
5509	0
5510	1
5511	3
5512	2
5513	0
5514	0
5515	7
5516	2
5517	1
5518	1
5519	1
5520	2
5521	3
5522	1
5523	1
5524	389
5525	1
5526	6
5527	2
5528	6
5529	39
5530	1
5531	243
5532	26
5533	0
5534	14
5535	1
5536	3
5537	1
5538	0
5539	0
5540	3
5541	1
5542	1
5543	137
5544	4
5545	0
5546	0
5547	0
5548	1
5549	10
5550	11
5551	8
5552	8
5553	46
5554	1
5555	1
5556	0
5557	0
5558	3
5559	0
5560	0
5561	1
5562	13
5563	2
5564	0
5565	3
5566	1
5567	1
5568	0
5569	1
5570	0
5571	1
5572	1
5573	1
5574	0
5575	0
5576	1
5577	8
5578	1
5579	2
5580	2
5581	2
5582	105
5583	2
5584	12
5585	0
5586	0
5587	1
5588	0
5589	11
5590	5
5591	27
5592	0
5593	0
5594	1
5595	1
5596	30
5597	0
5598	1
5599	1
5600	8
5601	2
5602	1
5603	3
5604	7
5605	11
5606	28
5607	1
5608	16
5609	1
5610	2
5611	1
5612	66
5613	1
5614	7
5615	3
5616	15
5617	22
5618	0
5619	0
5620	7
5621	0
5622	2
5623	2
5624	28
5625	1
5626	4
5627	3
5628	1
5629	1
5630	36
5631	0
5632	0
5633	1
5634	0
5635	0
5636	1
5637	0
5638	0
5639	4
5640	2
5641	0
5642	0
5643	0
5644	21
5645	1
5646	2
5647	8
5648	1
5649	2
5650	2
5651	1
5652	1
5653	1
5654	0
5655	139
5656	5
5657	2
5658	10
5659	1
5660	2
5661	3
5662	4
5663	0
5664	0
5665	0
5666	5
5667	5
5668	4
5669	1
5670	2
5671	3
5672	0
5673	0
5674	1
5675	8
5676	1
5677	0
5678	1
5679	0
5680	4
5681	0
5682	1
5683	0
5684	18
5685	1
5686	3
5687	1
5688	1
5689	1
5690	1
5691	49
5692	21
5693	0
5694	0
5695	1
5696	50
5697	230
5698	1
5699	0
5700	0
5701	0
5702	10
5703	1
5704	4
5705	3
5706	0
5707	4
5708	7
5709	11
5710	1
5711	1
5712	1
5713	1
5714	44
5715	0
5716	0
5717	1
5718	1
5719	0
5720	3
5721	10
5722	3
5723	0
5724	0
5725	0
5726	0
5727	0
5728	0
5729	1
5730	1
5731	2
5732	0
5733	1
5734	0
5735	1
5736	0
5737	0
5738	14
5739	45
5740	0
5741	13
5742	0
5743	0
5744	1
5745	0
5746	1
5747	2
5748	1
5749	2
5750	4
5751	1
5752	1
5753	4
5754	0
5755	1
5756	0
5757	1
5758	0
5759	0
5760	3
5761	9
5762	0
5763	4
5764	1
5765	1
5766	1
5767	0
5768	13
5769	4
5770	6
5771	9
5772	15
5773	75
5774	1
5775	42
5776	14
5777	0
5778	0
5779	0
5780	0
5781	1
5782	0
5783	23
5784	1
5785	2
5786	1
5787	32
5788	5
5789	1
5790	1
5791	0
5792	0
5793	0
5794	1
5795	0
5796	191
5797	3
5798	12
5799	23
5800	222
5801	2
5802	385
5803	2
5804	33
5805	16
5806	83
5807	27
5808	6
5809	21
5810	29
5811	79
5812	41
5813	2
5814	144
5815	5
5816	84
5817	75
5818	67
5819	61
5820	20
5821	22
5822	98
5823	12
5824	41
5825	0
5826	0
5827	15
5828	0
5829	12
5830	0
5831	0
5832	0
5833	1
5834	6
5835	0
5836	11
5837	1
5838	0
5839	41
5840	1
5841	1
5842	1
5843	0
5844	0
5845	0
5846	3
5847	0
5848	0
5849	0
5850	0
5851	0
5852	1
5853	1
5854	1
5855	8
5856	1
5857	92
5858	0
5859	16
5860	0
5861	2
5862	24
5863	0
5864	1
5865	0
5866	1
5867	0
5868	3
5869	0
5870	0
5871	50
5872	27
5873	6
5874	1
5875	1
5876	1
5877	7
5878	1
5879	0
5880	0
5881	0
5882	0
5883	2
5884	2
5885	3
5886	0
5887	1
5888	1
5889	1
5890	5
5891	0
5892	2
5893	0
5894	0
5895	1
5896	10
5897	2
5898	0
5899	2
5900	0
5901	0
5902	1
5903	1
5904	0
5905	0
5906	0
5907	1
5908	19
5909	2
5910	1
5911	2
5912	0
5913	5
5914	2
5915	52
5916	9
5917	1
5918	0
5919	2
5920	10
5921	4
5922	7
5923	3
5924	1
5925	0
5926	0
5927	10
5928	4
5929	0
5930	3
5931	0
5932	33
5933	4
5934	42
5935	11
5936	2
5937	1
5938	2
5939	3
5940	13
5941	1
5942	4
5943	1
5944	1
5945	9
5946	4
5947	0
5948	0
5949	3
5950	4
5951	0
5952	14
5953	0
5954	0
5955	0
5956	0
5957	0
5958	3
5959	1
5960	4
5961	11
5962	2
5963	0
5964	1
5965	3
5966	7
5967	1
5968	0
5969	5
5970	1
5971	0
5972	2
5973	0
5974	0
5975	0
5976	0
5977	0
5978	1
5979	0
5980	8
5981	6
5982	4
5983	1
5984	10
5985	1
5986	1
5987	1
5988	4
5989	1
5990	1
5991	0
5992	1
5993	3
5994	0
5995	2
5996	0
5997	2
5998	81
5999	20
6000	10
6001	5
6002	1
6003	1
6004	6
6005	1
6006	68
6007	6
6008	0
6009	0
6010	0
6011	0
6012	0
6013	3
6014	1
6015	3
6016	10
6017	2
6018	1
6019	1
6020	25
6021	0
6022	1
6023	30
6024	17
6025	0
6026	3
6027	0
6028	1
6029	2
6030	1
6031	2
6032	80
6033	1
6034	1
6035	1
6036	1
6037	1
6038	6
6039	1
6040	0
6041	0
6042	1
6043	39
6044	2
6045	7
6046	2
6047	4
6048	1
6049	3
6050	1
6051	1
6052	1
6053	1
6054	0
6055	0
6056	1
6057	1
6058	1
6059	0
6060	1
6061	1
6062	2
6063	1
6064	4
6065	0
6066	1
6067	1
6068	32
6069	5
6070	3
6071	3
6072	54
6073	1
6074	1
6075	18
6076	0
6077	1
6078	0
6079	1
6080	0
6081	3
6082	18
6083	0
6084	0
6085	0
6086	0
6087	0
6088	0
6089	1
6090	0
6091	1
6092	1
6093	5
6094	11
6095	0
6096	0
6097	26
6098	1
6099	0
6100	1
6101	0
6102	0
6103	0
6104	0
6105	0
6106	0
6107	0
6108	4
6109	0
6110	1
6111	0
6112	1
6113	1
6114	2
6115	0
6116	2
6117	0
6118	2
6119	3
6120	1
6121	2
6122	0
6123	24
6124	0
6125	0
6126	11
6127	3
6128	2
6129	1
6130	1
6131	0
6132	2
6133	4
6134	7
6135	2
6136	0
6137	0
6138	0
6139	1
6140	0
6141	1
6142	1
6143	1
6144	1
6145	1
6146	9
6147	1
6148	0
6149	0
6150	1
6151	13
6152	1
6153	1
6154	0
6155	1
6156	22
6157	3
6158	1
6159	0
6160	3
6161	0
6162	0
6163	0
6164	0
6165	4
6166	0
6167	0
6168	1
6169	3
6170	14
6171	0
6172	0
6173	0
6174	10
6175	1
6176	3
6177	2
6178	1
6179	7
6180	3
6181	1
6182	3
6183	1
6184	2
6185	1
6186	1
6187	1
6188	1
6189	0
6190	3
6191	1
6192	2
6193	1
6194	0
6195	0
6196	2
6197	2
6198	14
6199	1
6200	6
6201	2
6202	3
6203	1
6204	12
6205	1
6206	1
6207	4
6208	3
6209	0
6210	0
6211	0
6212	3
6213	3
6214	1
6215	1
6216	5
6217	31
6218	53
6219	4
6220	18
6221	31
6222	1
6223	17
6224	1
6225	0
6226	0
6227	2
6228	1
6229	19
6230	2
6231	0
6232	3
6233	0
6234	0
6235	0
6236	1
6237	0
6238	0
6239	5
6240	1
6241	75
6242	5
6243	35
6244	1
6245	8
6246	0
6247	1
6248	10
6249	0
6250	0
6251	0
6252	2
6253	1
6254	1
6255	0
6256	0
6257	0
6258	1
6259	0
6260	0
6261	0
6262	1
6263	4
6264	1
6265	1
6266	1
6267	0
6268	0
6269	0
6270	88
6271	11
6272	76
6273	1
6274	9
6275	1
6276	1
6277	0
6278	0
6279	0
6280	52
6281	1
6282	1
6283	0
6284	0
6285	0
6286	3
6287	1
6288	1
6289	0
6290	0
6291	1
6292	1
6293	1
6294	1
6295	3
6296	0
6297	1
6298	7
6299	78
6300	0
6301	1
6302	0
6303	0
6304	1
6305	190
6306	0
6307	0
6308	0
6309	0
6310	0
6311	1
6312	3
6313	2
6314	10
6315	1
6316	19
6317	5
6318	0
6319	2
6320	23
6321	0
6322	0
6323	44
6324	6
6325	5
6326	2
6327	108
6328	0
6329	0
6330	1
6331	3
6332	1
6333	2
6334	4
6335	0
6336	0
6337	0
6338	0
6339	3
6340	0
6341	0
6342	0
6343	0
6344	2
6345	0
6346	17
6347	11
6348	1
6349	1
6350	1
6351	1
6352	0
6353	0
6354	0
6355	1
6356	2
6357	0
6358	0
6359	81
6360	35
6361	0
6362	0
6363	0
6364	0
6365	0
6366	1
6367	2
6368	0
6369	0
6370	0
6371	1
6372	0
6373	0
6374	1
6375	1
6376	0
6377	17
6378	2
6379	1
6380	4
6381	3
6382	0
6383	3
6384	0
6385	0
6386	0
6387	1
6388	0
6389	1
6390	0
6391	1
6392	1
6393	1
6394	8
6395	1
6396	1
6397	1
6398	29
6399	1
6400	0
6401	0
6402	0
6403	0
6404	0
6405	0
6406	2
6407	0
6408	3
6409	0
6410	1
6411	1
6412	1
6413	1
6414	21
6415	4
6416	2
6417	0
6418	0
6419	0
6420	0
6421	23
6422	11
6423	1
6424	2
6425	0
6426	1
6427	0
6428	3
6429	1
6430	1
6431	1
6432	0
6433	0
6434	0
6435	0
6436	3
6437	0
6438	0
6439	1
6440	3
6441	0
6442	4
6443	70
6444	1
6445	7
6446	1
6447	12
6448	1
6449	0
6450	1
6451	1
6452	2
6453	1
6454	1
6455	1
6456	3
6457	2
6458	28
6459	2
6460	58
6461	6
6462	3
6463	0
6464	0
6465	0
6466	1
6467	8
6468	1
6469	2
6470	1
6471	5
6472	0
6473	0
6474	1
6475	0
6476	0
6477	1
6478	1
6479	13
6480	1
6481	0
6482	0
6483	28
6484	10
6485	1
6486	85
6487	4
6488	22
6489	2
6490	2
6491	4
6492	2
6493	1
6494	101
6495	2
6496	0
6497	1
6498	0
6499	0
6500	8
6501	17
6502	12
6503	4
6504	7
6505	0
6506	1
6507	1
6508	1
6509	1
6510	54
6511	0
6512	0
6513	1
6514	1
6515	1
6516	1
6517	2
6518	33
6519	1
6520	2
6521	1
6522	29
6523	33
6524	8
6525	17
6526	11
6527	1
6528	0
6529	0
6530	0
6531	0
6532	0
6533	1
6534	1
6535	1
6536	2
6537	5
6538	21
6539	1
6540	0
6541	1
6542	1
6543	0
6544	1
6545	5
6546	2
6547	1
6548	10
6549	0
6550	9
6551	2
6552	29
6553	0
6554	0
6555	35
6556	0
6557	0
6558	0
6559	0
6560	43
6561	3
6562	0
6563	58
6564	0
6565	1
6566	0
6567	0
6568	0
6569	0
6570	4
6571	0
6572	1
6573	1
6574	1
6575	1
6576	0
6577	10
6578	1
6579	1
6580	1
6581	1
6582	1
6583	1
6584	1
6585	1
6586	1
6587	1
6588	1
6589	0
6590	0
6591	0
6592	1
6593	0
6594	0
6595	12
6596	177
6597	0
6598	6
6599	0
6600	0
6601	1
6602	1
6603	1
6604	1
6605	10
6606	0
6607	4
6608	18
6609	7
6610	0
6611	15
6612	7
6613	9
6614	2
6615	160
6616	18
6617	1
6618	91
6619	104
6620	93
6621	0
6622	5
6623	0
6624	135
6625	3
6626	9
6627	50
6628	0
6629	0
6630	1
6631	0
6632	0
6633	1
6634	3
6635	9
6636	2
6637	0
6638	1
6639	1
6640	0
6641	0
6642	0
6643	2
6644	1
6645	2
6646	4
6647	1
6648	3
6649	26
6650	1
6651	1
6652	1
6653	1
6654	1
6655	7
6656	1
6657	11
6658	5
6659	0
6660	1
6661	0
6662	0
6663	0
6664	0
6665	29
6666	6
6667	0
6668	0
6669	0
6670	0
6671	4
6672	1
6673	1
6674	1
6675	1
6676	6
6677	1
6678	1
6679	1
6680	0
6681	0
6682	0
6683	3
6684	1
6685	0
6686	0
6687	1
6688	1
6689	1
6690	1
6691	0
6692	6
6693	0
6694	0
6695	2
6696	2
6697	1
6698	1
6699	0
6700	0
6701	1
6702	10
6703	1
6704	0
6705	1
6706	3
6707	0
6708	0
6709	2
6710	2
6711	7
6712	11
6713	4
6714	100
6715	0
6716	0
6717	4
6718	1
6719	3
6720	0
6721	0
6722	0
6723	0
6724	0
6725	0
6726	12
6727	1
6728	1
6729	1
6730	1
6731	1
6732	1
6733	0
6734	2
6735	1
6736	33
6737	1
6738	1
6739	0
6740	0
6741	0
6742	0
6743	0
6744	2
6745	1
6746	2
6747	4
6748	0
6749	1
6750	0
6751	2
6752	1
6753	4
6754	0
6755	2
6756	0
6757	0
6758	10
6759	3
6760	2
6761	1
6762	0
6763	0
6764	1
6765	1
6766	22
6767	2
6768	1
6769	0
6770	6
6771	2
6772	77
6773	1
6774	24
6775	3
6776	3
6777	0
6778	0
6779	3
6780	6
6781	8
6782	1
6783	4
6784	42
6785	0
6786	0
6787	1
6788	0
6789	11
6790	11
6791	0
6792	0
6793	1
6794	1
6795	2
6796	0
6797	1
6798	1
6799	0
6800	1
6801	6
6802	3
6803	0
6804	6
6805	0
6806	0
6807	1
6808	1
6809	2
6810	1
6811	1
6812	2
6813	1
6814	0
6815	4
6816	1
6817	0
6818	2
6819	1
6820	0
6821	1
6822	2
6823	0
6824	1
6825	0
6826	0
6827	0
6828	1
6829	4
6830	0
6831	0
6832	0
6833	1
6834	2
6835	1
6836	1
6837	1
6838	0
6839	0
6840	0
6841	2
6842	1
6843	1
6844	1
6845	2
6846	6
6847	1
6848	14
6849	0
6850	0
6851	0
6852	1
6853	0
6854	1
6855	14
6856	0
6857	0
6858	0
6859	11
6860	0
6861	2
6862	1
6863	2
6864	2
6865	19
6866	4
6867	5
6868	0
6869	1
6870	3
6871	0
6872	0
6873	0
6874	0
6875	15
6876	1
6877	1
6878	1
6879	0
6880	2
6881	1
6882	0
6883	4
6884	1
6885	19
6886	7
6887	0
6888	0
6889	5
6890	0
6891	0
6892	0
6893	0
6894	0
6895	6
6896	4
6897	0
6898	0
6899	2
6900	31
6901	0
6902	28
6903	1
6904	0
6905	1
6906	49
6907	191
6908	1
6909	1
6910	1
6911	5
6912	3
6913	44
6914	95
6915	2
6916	54
6917	3
6918	29
6919	0
6920	0
6921	1
6922	1
6923	2
6924	16
6925	0
6926	1
6927	1
6928	1
6929	1
6930	0
6931	0
6932	0
6933	0
6934	65
6935	2
6936	1
6937	0
6938	4
6939	0
6940	1
6941	57
6942	0
6943	1
6944	0
6945	18
6946	68
6947	1
6948	0
6949	5
6950	0
6951	47
6952	0
6953	1
6954	3
6955	0
6956	0
6957	0
6958	2
6959	5
6960	1
6961	2
6962	1
6963	1
6964	0
6965	0
6966	0
6967	0
6968	1
6969	1
6970	0
6971	6
6972	1
6973	0
6974	2
6975	10
6976	41
6977	0
6978	1
6979	0
6980	0
6981	1
6982	0
6983	0
6984	7
6985	1
6986	1
6987	0
6988	0
6989	0
6990	1
6991	18
6992	0
6993	81
6994	19
6995	1
6996	1
6997	0
6998	1
6999	1
7000	1
7001	1
7002	2
7003	1
7004	1
7005	13
7006	1
7007	1
7008	1
7009	1
7010	1
7011	3
7012	10
7013	1
7014	2
7015	1
7016	1
7017	1
7018	1
7019	4
7020	3
7021	15
7022	1
7023	8
7024	3
7025	1
7026	13
7027	1
7028	1
7029	2
7030	2
7031	1
7032	1
7033	0
7034	0
7035	2
7036	2
7037	1
7038	7
7039	0
7040	0
7041	1
7042	0
7043	14
7044	3
7045	36
7046	21
7047	161
7048	1
7049	27
7050	5
7051	1
7052	142
7053	31
7054	40
7055	98
7056	37
7057	118
7058	0
7059	0
7060	0
7061	3
7062	4
7063	16
7064	3
7065	1
7066	0
7067	0
7068	0
7069	0
7070	2
7071	4
7072	1
7073	0
7074	0
7075	0
7076	0
7077	0
7078	0
7079	1
7080	70
7081	0
7082	1
7083	0
7084	1
7085	1
7086	123
7087	2
7088	5
7089	2
7090	11
7091	0
7092	93
7093	0
7094	0
7095	1
7096	5
7097	0
7098	1
7099	18
7100	15
7101	0
7102	0
7103	1
7104	15
7105	0
7106	4
7107	2
7108	0
7109	2
7110	5
7111	1
7112	1
7113	12
7114	1
7115	0
7116	1
7117	7
7118	1
7119	0
7120	18
7121	7
7122	1
7123	1
7124	1
7125	1
7126	3
7127	2
7128	2
7129	11
7130	2
7131	24
7132	30
7133	1
7134	3
7135	1
7136	2
7137	1
7138	2
7139	3
7140	1
7141	0
7142	4
7143	0
7144	0
7145	1
7146	1
7147	0
7148	0
7149	0
7150	10
7151	1
7152	0
7153	12
7154	1
7155	1
7156	1
7157	1
7158	1
7159	1
7160	1
7161	0
7162	0
7163	2
7164	4
7165	3
7166	1
7167	1
7168	0
7169	0
7170	1
7171	9
7172	2
7173	2
7174	1
7175	2
7176	4
7177	1
7178	2
7179	2
7180	4
7181	2
7182	0
7183	9
7184	2
7185	0
7186	0
7187	1
7188	14
7189	3
7190	1
7191	0
7192	1
7193	1
7194	1
7195	0
7196	0
7197	1
7198	8
7199	2
7200	0
7201	0
7202	0
7203	1
7204	0
7205	1
7206	1
7207	0
7208	0
7209	0
7210	1
7211	1
7212	1
7213	0
7214	0
7215	0
7216	0
7217	1
7218	1
7219	1
7220	1
7221	1
7222	1
7223	1
7224	0
7225	47
7226	4
7227	12
7228	7
7229	7
7230	4
7231	101
7232	1
7233	22
7234	1
7235	1
7236	23
7237	15
7238	9
7239	21
7240	1
7241	21
7242	0
7243	1
7244	0
7245	1
7246	0
7247	0
7248	0
7249	0
7250	0
7251	1
7252	1
7253	4
7254	0
7255	1
7256	0
7257	0
7258	0
7259	0
7260	3
7261	0
7262	11
7263	0
7264	0
7265	1
7266	6
7267	1
7268	1
7269	1
7270	5
7271	3
7272	0
7273	0
7274	0
7275	0
7276	5
7277	4
7278	4
7279	19
7280	89
7281	12
7282	2
7283	1
7284	2
7285	1
7286	1
7287	1
7288	0
7289	0
7290	0
7291	1
7292	0
7293	4
7294	39
7295	13
7296	1
7297	0
7298	2
7299	1
7300	1
7301	27
7302	2
7303	0
7304	0
7305	1
7306	0
7307	0
7308	0
7309	1
7310	1
7311	0
7312	0
7313	0
7314	0
7315	0
7316	0
7317	15
7318	0
7319	0
7320	1
7321	3
7322	0
7323	0
7324	0
7325	0
7326	1
7327	6
7328	0
7329	2
7330	2
7331	0
7332	1
7333	1
7334	0
7335	15
7336	1
7337	1
7338	0
7339	0
7340	0
7341	2
7342	1
7343	12
7344	3
7345	1
7346	0
7347	1
7348	2
7349	1
7350	21
7351	2
7352	15
7353	1
7354	4
7355	1
7356	0
7357	9
7358	0
7359	0
7360	1
7361	0
7362	8
7363	1
7364	0
7365	1
7366	0
7367	0
7368	0
7369	0
7370	0
7371	2
7372	1
7373	0
7374	1
7375	0
7376	4
7377	1
7378	38
7379	7
7380	3
7381	0
7382	1
7383	2
7384	0
7385	0
7386	25
7387	4
7388	0
7389	2
7390	24
7391	52
7392	1
7393	12
7394	5
7395	0
7396	0
7397	0
7398	0
7399	0
7400	15
7401	3
7402	5
7403	1
7404	1
7405	18
7406	0
7407	1
7408	0
7409	10
7410	0
7411	0
7412	0
7413	2
7414	0
7415	6
7416	1
7417	2
7418	2
7419	1
7420	1
7421	9
7422	0
7423	0
7424	4
7425	7
7426	2
7427	1
7428	2
7429	1
7430	1
7431	1
7432	0
7433	0
7434	0
7435	0
7436	0
7437	0
7438	0
7439	0
7440	0
7441	3
7442	0
7443	10
7444	3
7445	1
7446	1
7447	1
7448	1
7449	39
7450	0
7451	1
7452	3
7453	1
7454	1
7455	4
7456	1
7457	1
7458	1
7459	1
7460	0
7461	1
7462	1
7463	0
7464	0
7465	1
7466	1
7467	0
7468	1
7469	1
7470	1
7471	9
7472	1
7473	1
7474	1
7475	0
7476	2
7477	1
7478	0
7479	0
7480	1
7481	1
7482	1
7483	1
7484	3
7485	1
7486	1
7487	1
7488	0
7489	0
7490	27
7491	0
7492	3
7493	4
7494	1
7495	0
7496	0
7497	0
7498	0
7499	0
7500	0
7501	1
7502	3
7503	1
7504	0
7505	1
7506	0
7507	0
7508	0
7509	1
7510	0
7511	16
7512	0
7513	1
7514	3
7515	1
7516	0
7517	2
7518	3
7519	0
7520	3
7521	0
7522	1
7523	1
7524	1
7525	1
7526	0
7527	1
7528	1
7529	0
7530	0
7531	1
7532	0
7533	0
7534	0
7535	1
7536	1
7537	1
7538	1
7539	0
7540	1
7541	0
7542	0
7543	0
7544	11
7545	1
7546	3
7547	0
7548	0
7549	2
7550	1
7551	0
7552	0
7553	0
7554	3
7555	0
7556	0
7557	0
7558	0
7559	0
7560	0
7561	0
7562	0
7563	1
7564	31
7565	3
7566	0
7567	0
7568	0
7569	4
7570	3
7571	1
7572	1
7573	0
7574	0
7575	0
7576	1
7577	1
7578	28
7579	9
7580	19
7581	1
7582	0
7583	0
7584	0
7585	1
7586	7
7587	0
7588	8
7589	0
7590	0
7591	0
7592	0
7593	3
7594	4
7595	1
7596	0
7597	4
7598	33
7599	1
7600	1
7601	3
7602	1
7603	0
7604	0
7605	3
7606	0
7607	0
7608	2
7609	2
7610	1
7611	1
7612	0
7613	1
7614	39
7615	1
7616	1
7617	1
7618	3
7619	1
7620	0
7621	0
7622	0
7623	3
7624	0
7625	6
7626	1
7627	0
7628	0
7629	1
7630	1
7631	0
7632	0
7633	0
7634	1
7635	0
7636	0
7637	1
7638	1
7639	1
7640	0
7641	0
7642	1
7643	0
7644	1
7645	1
7646	0
7647	4
7648	1
7649	10
7650	2
7651	0
7652	0
7653	1
7654	0
7655	0
7656	0
7657	0
7658	0
7659	6
7660	1
7661	4
7662	0
7663	1
7664	1
7665	6
7666	14
7667	0
7668	0
7669	0
7670	1
7671	0
7672	0
7673	0
7674	0
7675	25
7676	5
7677	12
7678	2
7679	26
7680	0
7681	0
7682	36
7683	0
7684	2
7685	13
7686	2
7687	3
7688	0
7689	0
7690	0
7691	19
7692	0
7693	0
7694	0
7695	3
7696	4
7697	19
7698	1
7699	0
7700	0
7701	3
7702	0
7703	2
7704	1
7705	1
7706	2
7707	0
7708	0
7709	0
7710	0
7711	0
7712	0
7713	0
7714	0
7715	1
7716	2
7717	2
7718	0
7719	4
7720	1
7721	1
7722	0
7723	0
7724	2
7725	0
7726	3
7727	30
7728	2
7729	1
7730	0
7731	0
7732	1
7733	45
7734	0
7735	0
7736	2
7737	1
7738	6
7739	0
7740	1
7741	4
7742	1
7743	13
7744	50
7745	1
7746	0
7747	8
7748	0
7749	0
7750	2
7751	1
7752	2
7753	2
7754	1
7755	13
7756	2
7757	0
7758	1
7759	4
7760	1
7761	1
7762	1
7763	0
7764	0
7765	0
7766	13
7767	2
7768	11
7769	19
7770	2
7771	3
7772	20
7773	1
7774	35
7775	11
7776	0
7777	1
7778	0
7779	2
7780	3
7781	1
7782	1
7783	1
7784	0
7785	0
7786	0
7787	0
7788	0
7789	1
7790	4
7791	4
7792	7
7793	0
7794	0
7795	0
7796	1
7797	0
7798	0
7799	0
7800	1
7801	1
7802	1
7803	0
7804	1
7805	1
7806	2
7807	0
7808	12
7809	0
7810	9
7811	0
7812	6
7813	0
7814	1
7815	2
7816	0
7817	0
7818	23
7819	0
7820	0
7821	1
7822	1
7823	0
7824	0
7825	0
7826	1
7827	1
7828	1
7829	4
7830	1
7831	2
7832	1
7833	4
7834	1
7835	3
7836	1
7837	2
7838	0
7839	0
7840	0
7841	1
7842	2
7843	2
7844	1
7845	2
7846	0
7847	0
7848	1
7849	1
7850	1
7851	1
7852	1
7853	2
7854	1
7855	0
7856	7
7857	0
7858	0
7859	0
7860	2
7861	2
7862	11
7863	1
7864	2
7865	24
7866	1
7867	1
7868	1
7869	1
7870	1
7871	0
7872	0
7873	6
7874	4
7875	2
7876	0
7877	6
7878	1
7879	0
7880	0
7881	0
7882	11
7883	1
7884	5
7885	6
7886	1
7887	1
7888	1
7889	1
7890	0
7891	1
7892	1
7893	2
7894	1
7895	0
7896	0
7897	0
7898	0
7899	0
7900	27
7901	30
7902	21
7903	4
7904	6
7905	1
7906	10
7907	12
7908	0
7909	0
7910	4
7911	1
7912	0
7913	0
7914	1
7915	1
7916	2
7917	0
7918	0
7919	3
7920	1
7921	0
7922	1
7923	1
7924	2
7925	1
7926	0
7927	0
7928	3
7929	4
7930	1
7931	2
7932	2
7933	4
7934	1
7935	1
7936	0
7937	1
7938	2
7939	1
7940	1
7941	1
7942	1
7943	0
7944	1
7945	5
7946	0
7947	0
7948	2
7949	1
7950	1
7951	0
7952	0
7953	1
7954	1
7955	1
7956	1
7957	0
7958	0
7959	1
7960	1
7961	0
7962	0
7963	0
7964	11
7965	0
7966	1
7967	4
7968	3
7969	2
7970	1
7971	0
7972	1
7973	0
7974	1
7975	1
7976	1
7977	0
7978	1
7979	0
7980	15
7981	1
7982	0
7983	0
7984	0
7985	1
7986	0
7987	0
7988	0
7989	0
7990	0
7991	0
7992	0
7993	2
7994	0
7995	1
7996	0
7997	0
7998	1
7999	1
8000	1
8001	1
8002	0
8003	0
8004	0
8005	2
8006	1
8007	0
8008	0
8009	1
8010	2
8011	1
8012	7
8013	1
8014	1
8015	0
8016	0
8017	0
8018	0
8019	0
8020	1
8021	1
8022	0
8023	1
8024	0
8025	0
8026	0
8027	1
8028	0
8029	0
8030	0
8031	0
8032	0
8033	0
8034	0
8035	1
8036	19
8037	1
8038	0
8039	0
8040	1
8041	3
8042	1
8043	0
8044	0
8045	7
8046	16
8047	20
8048	3
8049	1
8050	9
8051	8
8052	1
8053	20
8054	2
8055	1
8056	1
8057	1
8058	0
8059	0
8060	5
8061	5
8062	1
8063	3
8064	1
8065	1
8066	3
8067	0
8068	0
8069	4
8070	1
8071	1
8072	1
8073	0
8074	1
8075	1
8076	0
8077	2
8078	0
8079	0
8080	1
8081	1
8082	0
8083	0
8084	1
8085	16
8086	1
8087	1
8088	2
8089	0
8090	0
8091	1
8092	5
8093	1
8094	4
8095	1
8096	1
8097	2
8098	1
8099	1
8100	1
8101	1
8102	1
8103	1
8104	1
8105	1
8106	1
8107	13
8108	1
8109	1
8110	1
8111	2
8112	2
8113	0
8114	1
8115	1
8116	0
8117	0
8118	1
8119	1
8120	1
8121	0
8122	0
8123	0
8124	0
8125	0
8126	1
8127	0
8128	0
8129	0
8130	0
8131	2
8132	0
8133	1
8134	1
8135	1
8136	1
8137	1
8138	1
8139	0
8140	1
8141	0
8142	1
8143	0
8144	1
8145	2
8146	2
8147	1
8148	0
8149	0
8150	2
8151	0
8152	10
8153	1
8154	0
8155	1
8156	5
8157	2
8158	1
8159	1
8160	0
8161	1
8162	9
8163	0
8164	0
8165	0
8166	1
8167	1
8168	0
8169	0
8170	1
8171	3
8172	1
8173	7
8174	0
8175	0
8176	0
8177	1
8178	0
8179	1
8180	1
8181	1
8182	1
8183	1
8184	1
8185	0
8186	0
8187	1
8188	0
8189	4
8190	4
8191	0
8192	0
8193	2
8194	1
8195	1
8196	1
8197	1
8198	0
8199	1
8200	0
8201	0
8202	1
8203	1
8204	2
8205	1
8206	1
8207	0
8208	0
8209	0
8210	0
8211	11
8212	0
8213	1
8214	1
8215	1
8216	1
8217	0
8218	0
8219	0
8220	0
8221	1
8222	6
8223	0
8224	0
8225	0
8226	0
8227	1
8228	0
8229	1
8230	0
8231	1
8232	1
8233	1
8234	0
8235	0
8236	1
8237	0
8238	1
8239	0
8240	0
8241	2
8242	1
8243	6
8244	1
8245	1
8246	0
8247	0
8248	1
8249	0
8250	0
8251	1
8252	1
8253	1
8254	1
8255	1
8256	1
8257	0
8258	0
8259	0
8260	1
8261	1
8262	1
8263	2
8264	1
8265	1
8266	1
8267	0
8268	0
8269	0
8270	2
8271	1
8272	1
8273	1
8274	1
8275	0
8276	0
8277	0
8278	0
8279	0
8280	0
8281	0
8282	0
8283	0
8284	0
8285	0
8286	0
8287	0
8288	0
8289	0
8290	0
8291	0
8292	0
8293	0
8294	0
8295	0
8296	0
8297	0
