0	0.0
1	0.0
2	0.0
3	0.0258
4	0.0325
5	0.0258
6	0.3382
7	0.0269
8	0.2038
9	0.0907
10	0.0963
11	0.832
12	0.0728
13	0.0123
14	0.1277
15	0.056
16	0.0168
17	0.0504
18	0.0134
19	0.0437
20	0.2094
21	0.0851
22	0.0022
23	0.0829
24	0.346
25	0.1008
26	0.1064
27	0.1142
28	0.1489
29	0.168
30	0.0056
31	0.0168
32	0.0045
33	0.0269
34	0.0056
35	0.0728
36	0.2542
37	0.0224
38	0.0157
39	0.0459
40	0.0123
41	0.0336
42	0.0997
43	0.0045
44	0.0493
45	0.009
46	0.0661
47	0.1635
48	0.0235
49	0.0168
50	0.0157
51	0.0269
52	0.0011
53	0.0437
54	0.0078
55	0.0717
56	0.0269
57	0.0146
58	0.0426
59	0.1053
60	0.0101
61	0.0
62	0.019
63	0.0011
64	0.0011
65	0.0022
66	0.0493
67	0.019
68	0.308
69	0.0
70	0.0
71	0.1221
72	0.1837
73	0.0146
74	0.0773
75	0.0347
76	0.0022
77	0.028
78	0.0459
79	0.0594
80	0.0661
81	0.0202
82	0.0011
83	0.009
84	0.0011
85	0.0011
86	0.1366
87	0.2184
88	0.0011
89	0.0325
90	0.0806
91	0.0022
92	0.0056
93	0.0011
94	0.0896
95	0.0022
96	0.0022
97	0.0
98	0.009
99	0.0269
100	0.0056
101	0.0179
102	0.0056
103	0.0761
104	0.0336
105	0.0034
106	0.0101
107	0.0045
108	0.0022
109	0.2128
110	0.1064
111	0.0325
112	0.0011
113	0.0997
114	0.0011
115	0.0034
116	0.0022
117	0.0011
118	0.0011
119	0.0011
120	0.009
121	0.0101
122	0.2385
123	0.0011
124	0.0034
125	0.0325
126	0.028
127	0.1478
128	0.0896
129	0.0045
130	0.0146
131	0.0
132	0.0325
133	0.0112
134	0.0022
135	0.0078
136	0.1109
137	0.0011
138	0.0806
139	0.0414
140	0.0336
141	0.0011
142	0.028
143	0.1053
144	0.0
145	0.0202
146	0.0011
147	0.0649
148	0.0
149	0.0011
150	0.0314
151	0.0829
152	0.0235
153	0.0011
154	0.0683
155	0.0314
156	0.0045
157	0.0493
158	0.0078
159	0.0011
160	0.0011
161	0.0358
162	0.0045
163	0.0101
164	0.009
165	0.0034
166	0.1041
167	0.0
168	0.0101
169	0.0034
170	0.0
171	0.0784
172	0.1377
173	0.374
174	0.0011
175	0.0011
176	0.0437
177	0.0213
178	0.0705
179	0.019
180	0.0605
181	0.0034
182	0.0885
183	0.0
184	0.0
185	0.0045
186	0.0
187	0.0414
188	0.0034
189	0.0011
190	0.0022
191	0.0146
192	0.0213
193	0.0235
194	0.0056
195	0.0011
196	0.0011
197	0.0123
198	0.0011
199	0.019
200	0.0011
201	0.0235
202	0.0067
203	0.0347
204	0.0134
205	0.0134
206	0.0011
207	0.0011
208	0.0067
209	0.0112
210	0.0011
211	0.0022
212	0.0011
213	0.0011
214	0.0
215	0.112
216	0.009
217	0.0011
218	0.0022
219	0.0
220	0.0
221	0.0112
222	0.0045
223	0.0213
224	0.0146
225	0.0011
226	0.028
227	0.0056
228	0.0067
229	0.0
230	0.0067
231	0.056
232	0.0258
233	0.0011
234	0.0011
235	0.0022
236	0.0437
237	0.0459
238	0.0034
239	0.0011
240	0.0056
241	0.009
242	0.0022
243	0.0022
244	0.0045
245	0.0034
246	0.0011
247	0.0123
248	0.0011
249	0.0168
250	0.0
251	0.009
252	0.0
253	0.0011
254	0.028
255	0.0963
256	0.0112
257	0.009
258	0.0067
259	0.0627
260	0.0067
261	0.009
262	0.0
263	0.0246
264	0.0011
265	0.0347
266	0.0146
267	0.0011
268	0.0034
269	0.0336
270	0.0157
271	0.0
272	0.0
273	0.0078
274	0.0
275	0.0627
276	0.0078
277	0.0022
278	0.0
279	0.0
280	0.0851
281	0.0
282	0.0437
283	0.0022
284	0.0078
285	0.0067
286	0.0
287	0.0011
288	0.0011
289	0.0011
290	0.0795
291	0.0392
292	0.0067
293	0.0034
294	0.0011
295	0.0056
296	0.0112
297	0.0011
298	0.0022
299	0.0
300	0.0
301	0.0011
302	0.0146
303	0.0034
304	0.0885
305	0.0078
306	0.2732
307	0.0056
308	0.159
309	0.0011
310	0.2576
311	0.3595
312	0.2542
313	0.0605
314	0.0011
315	0.0862
316	0.0034
317	0.1568
318	0.0034
319	0.2228
320	0.0078
321	0.0302
322	0.0
323	0.0011
324	0.0157
325	0.028
326	0.0134
327	0.009
328	0.0146
329	0.0067
330	0.0011
331	0.0045
332	0.0
333	0.0022
334	0.0459
335	0.0515
336	0.0347
337	0.0011
338	0.0011
339	0.0896
340	0.0336
341	0.0526
342	0.0022
343	0.0045
344	0.0034
345	0.0101
346	0.0963
347	0.009
348	0.0235
349	0.0011
350	0.0022
351	0.0123
352	0.0101
353	0.0067
354	0.0
355	0.0011
356	0.0202
357	0.0022
358	0.0
359	0.0
360	0.0
361	0.0
362	0.0011
363	0.0034
364	0.0157
365	0.009
366	0.0157
367	0.0056
368	0.0011
369	0.0011
370	0.0
371	0.131
372	0.0045
373	0.0
374	0.0034
375	0.0011
376	0.0414
377	0.0
378	0.0
379	0.0
380	0.0
381	0.0022
382	0.0011
383	0.0504
384	0.0011
385	0.0
386	0.0034
387	0.0123
388	0.0011
389	0.0
390	0.0
391	0.0011
392	0.0
393	0.0011
394	0.0
395	0.047
396	0.0
397	0.0011
398	0.0078
399	0.0067
400	0.0134
401	0.0011
402	0.0
403	0.0224
404	0.0056
405	0.0213
406	0.0381
407	0.1624
408	0.0011
409	0.0022
410	0.0067
411	0.0011
412	0.0235
413	0.0011
414	0.0034
415	0.0045
416	0.0022
417	0.0101
418	0.0011
419	0.0
420	0.0
421	0.0
422	0.0
423	0.0078
424	0.0067
425	0.0885
426	0.0459
427	0.0067
428	0.0
429	0.0056
430	0.0056
431	0.0
432	0.1758
433	0.0
434	0.0067
435	0.0
436	0.0011
437	0.0011
438	0.0011
439	0.009
440	0.009
441	0.0011
442	0.0
443	0.0011
444	0.0022
445	0.0045
446	0.0011
447	0.0168
448	0.0011
449	0.0101
450	0.0011
451	0.0011
452	0.0
453	0.0011
454	0.0101
455	0.0045
456	0.0056
457	0.8197
458	0.0045
459	0.0
460	0.0034
461	0.0045
462	0.0045
463	0.0067
464	0.0
465	0.019
466	0.0
467	0.0134
468	0.0011
469	0.0112
470	0.0
471	0.0
472	0.0011
473	0.0011
474	0.0
475	0.0
476	0.0011
477	0.0
478	0.0
479	0.009
480	0.0011
481	0.0011
482	0.0
483	0.0
484	0.0
485	0.0
486	0.0011
487	0.0
488	0.0045
489	0.0056
490	0.0011
491	0.0
492	0.0011
493	0.0034
494	0.0034
495	0.0067
496	0.0
497	0.0022
498	0.0022
499	0.0157
500	0.0
501	0.0112
502	0.0045
503	0.0
504	0.0011
505	0.0
506	0.0
507	0.0011
508	0.0
509	0.0011
510	0.0
511	0.0034
512	0.0
513	0.0045
514	0.0
515	0.0
516	0.0011
517	0.0
518	0.0
519	0.0011
520	0.0011
521	0.0056
522	0.0011
523	0.0011
524	0.0
525	0.0011
526	0.0
527	0.0011
528	0.0011
529	0.0011
530	0.0078
531	0.0011
532	0.0011
533	0.0
534	0.0045
535	0.0
536	0.0056
537	0.0
538	0.0
539	0.0022
540	0.0011
541	0.0034
542	0.0078
543	0.0011
544	0.0022
545	0.0269
546	0.159
547	0.0011
548	0.0011
549	0.0045
550	0.0011
551	0.0011
552	0.0022
553	0.0246
554	0.0067
555	0.0034
556	0.1355
557	0.0011
558	0.0011
559	0.0045
560	0.009
561	0.0045
562	0.0011
563	0.0011
564	0.0168
565	0.0011
566	0.0
567	0.0022
568	0.0011
569	0.0011
570	0.0045
571	0.0011
572	0.0056
573	0.0011
574	0.0056
575	0.0034
576	0.0011
577	0.0011
578	0.0011
579	0.0045
580	0.0336
581	0.0
582	0.0381
583	0.0291
584	0.0056
585	0.0034
586	0.0146
587	0.0202
588	0.0246
589	0.0
590	0.009
591	0.0022
592	0.0134
593	0.0011
594	0.0011
595	0.0022
596	0.0011
597	0.0022
598	0.0011
599	0.0011
600	0.2396
601	0.0101
602	0.0011
603	0.0
604	0.009
605	0.0011
606	0.0034
607	0.0
608	0.0034
609	0.0
610	0.0011
611	0.0
612	0.0011
613	0.0022
614	0.0112
615	0.0392
616	0.0011
617	0.0
618	0.0123
619	0.0
620	0.0157
621	0.0011
622	0.0
623	0.0
624	0.0022
625	0.0034
626	0.0347
627	0.0
628	0.0011
629	0.0
630	0.0
631	0.0
632	0.0011
633	0.0616
634	0.168
635	0.0739
636	0.0123
637	0.028
638	0.0011
639	0.0347
640	0.0045
641	0.0022
642	0.0034
643	0.0515
644	0.0302
645	0.0179
646	0.019
647	0.0358
648	0.0022
649	0.0448
650	0.1097
651	0.0022
652	0.0022
653	0.0022
654	0.0011
655	0.0011
656	0.0
657	0.0011
658	0.0067
659	0.0157
660	0.0
661	0.0022
662	0.0022
663	0.1769
664	0.0146
665	0.0078
666	0.0022
667	0.0213
668	0.0022
669	0.0011
670	0.0
671	0.0
672	0.0011
673	0.0056
674	0.0179
675	0.0011
676	0.0011
677	0.0022
678	0.0011
679	0.0034
680	0.0
681	0.0
682	0.0034
683	0.0011
684	0.0022
685	0.0
686	0.0929
687	0.0
688	0.0056
689	0.0526
690	0.0034
691	0.0269
692	0.0034
693	0.0011
694	0.0
695	0.1321
696	0.0067
697	0.112
698	0.0123
699	0.009
700	0.0
701	0.0045
702	0.0
703	0.0011
704	0.0907
705	0.0314
706	0.1064
707	0.1377
708	0.0571
709	0.0011
710	0.1176
711	0.0011
712	0.0213
713	0.0045
714	0.0
715	0.0258
716	0.0011
717	0.0011
718	0.0011
719	0.0045
720	0.0011
721	0.0011
722	0.2956
723	0.0011
724	0.0045
725	0.0067
726	0.0022
727	0.0358
728	0.0056
729	0.0011
730	0.0381
731	0.0011
732	0.0045
733	0.009
734	0.0011
735	0.0011
736	0.0045
737	0.2598
738	0.009
739	0.0
740	0.0
741	0.0
742	0.1041
743	0.0
744	0.0011
745	0.0022
746	0.0
747	0.0
748	0.0011
749	0.0739
750	0.0
751	0.0011
752	0.0011
753	0.0011
754	0.0022
755	0.0011
756	0.0
757	0.0
758	0.0022
759	0.0862
760	0.0011
761	0.009
762	0.056
763	0.0761
764	0.0381
765	0.0
766	0.8656
767	0.0011
768	0.0022
769	0.1635
770	0.0034
771	0.0078
772	0.0034
773	0.0011
774	0.0011
775	0.0022
776	0.0011
777	0.0
778	0.0
779	0.0
780	0.0022
781	0.009
782	0.0101
783	0.0011
784	0.2508
785	0.0011
786	0.0022
787	0.0134
788	0.1265
789	0.355
790	0.0
791	0.0459
792	0.0022
793	0.0
794	0.0202
795	0.0672
796	0.0067
797	0.0056
798	0.0179
799	0.0011
800	0.0022
801	0.0067
802	0.0045
803	0.0067
804	0.0067
805	0.1008
806	0.0
807	0.0011
808	0.0045
809	0.0
810	0.0381
811	0.0034
812	0.0034
813	0.3046
814	0.0034
815	0.0022
816	0.0325
817	0.0
818	0.0022
819	0.0011
820	0.0179
821	0.0011
822	0.0123
823	0.0168
824	0.0022
825	0.1848
826	0.2788
827	0.0034
828	0.0
829	0.0
830	0.0034
831	0.0134
832	0.0034
833	0.0
834	0.0
835	0.0011
836	0.0291
837	0.0045
838	0.0403
839	0.0
840	0.0078
841	0.0683
842	0.0336
843	0.0011
844	0.0504
845	0.0011
846	0.0
847	0.0011
848	0.009
849	0.0
850	0.0045
851	0.0022
852	0.0437
853	0.0179
854	0.1109
855	0.0022
856	0.1019
857	0.0
858	0.0
859	0.0146
860	0.009
861	0.0179
862	0.0034
863	0.0056
864	0.0
865	0.1086
866	0.0
867	0.0011
868	0.0
869	0.0123
870	0.0426
871	0.0661
872	0.0325
873	0.0056
874	0.0011
875	0.0
876	0.0011
877	0.0022
878	0.0
879	0.1366
880	0.0011
881	0.0
882	0.0078
883	0.0034
884	0.0
885	0.0078
886	0.0034
887	0.0011
888	0.0011
889	0.0011
890	0.0011
891	0.0011
892	0.0011
893	0.0
894	0.0
895	0.0067
896	0.0291
897	0.0011
898	0.0112
899	0.0269
900	0.0056
901	0.0
902	0.0022
903	0.0011
904	0.1333
905	0.0022
906	0.0
907	0.0101
908	0.0101
909	0.0134
910	0.0022
911	0.0302
912	0.0101
913	0.0034
914	0.0078
915	0.0078
916	0.0045
917	0.0011
918	0.019
919	0.0011
920	0.0112
921	0.0067
922	0.1669
923	0.0011
924	0.0011
925	0.0
926	0.0067
927	0.0011
928	0.0235
929	0.0
930	0.0
931	0.0022
932	0.0011
933	0.0202
934	0.0
935	0.0246
936	0.0
937	0.0515
938	0.0022
939	0.0
940	0.0011
941	0.0896
942	0.0
943	0.0336
944	0.0056
945	0.0
946	0.1232
947	0.0302
948	0.0325
949	0.009
950	0.0101
951	0.0011
952	0.0
953	0.0
954	0.0381
955	0.0
956	0.047
957	0.0034
958	0.0
959	0.0134
960	0.0246
961	0.0179
962	0.0034
963	0.0034
964	0.0045
965	0.0011
966	0.0
967	0.0179
968	0.0056
969	0.0022
970	0.0123
971	0.0806
972	0.0
973	0.0022
974	0.0403
975	0.0123
976	0.0011
977	0.0
978	0.0728
979	0.0
980	0.0011
981	0.0179
982	0.0526
983	0.0011
984	0.0078
985	0.0067
986	0.0862
987	0.0022
988	0.327
989	0.0
990	0.0011
991	0.0
992	0.0011
993	0.2665
994	0.0504
995	0.0
996	0.3326
997	0.0
998	0.0336
999	0.0045
1000	0.0672
1001	0.0011
1002	0.0011
1003	0.0202
1004	0.0134
1005	0.0056
1006	0.1545
1007	0.0
1008	0.009
1009	0.0493
1010	0.0067
1011	0.0067
1012	0.0078
1013	0.0258
1014	0.0
1015	0.0
1016	0.0011
1017	0.0011
1018	0.0056
1019	0.0011
1020	0.0
1021	0.0011
1022	0.0157
1023	0.0101
1024	0.0459
1025	0.0011
1026	0.0
1027	0.0067
1028	0.0078
1029	0.1512
1030	0.0
1031	0.0213
1032	0.0437
1033	0.0067
1034	0.037
1035	0.0134
1036	0.0
1037	0.0963
1038	0.0067
1039	0.0067
1040	0.0011
1041	0.0549
1042	0.0459
1043	0.0235
1044	0.0101
1045	0.0011
1046	0.0269
1047	0.0011
1048	0.0022
1049	0.0034
1050	0.0493
1051	0.0515
1052	0.0045
1053	0.0
1054	0.0
1055	0.2195
1056	0.0
1057	0.0
1058	0.0011
1059	0.0022
1060	0.0011
1061	0.0022
1062	0.1747
1063	0.0325
1064	0.0179
1065	0.0078
1066	0.0056
1067	0.0022
1068	0.0034
1069	0.0
1070	0.0011
1071	0.0011
1072	0.0011
1073	0.0
1074	0.1064
1075	0.0829
1076	0.0
1077	0.0
1078	0.0056
1079	0.0022
1080	0.0056
1081	0.0011
1082	0.0045
1083	0.0022
1084	0.0056
1085	0.0045
1086	0.009
1087	0.0022
1088	0.0011
1089	0.009
1090	0.0022
1091	0.0
1092	0.0
1093	0.0022
1094	0.0022
1095	0.0112
1096	0.0011
1097	0.0985
1098	0.3415
1099	0.009
1100	0.0022
1101	0.0011
1102	0.0168
1103	0.0101
1104	0.0011
1105	0.0034
1106	0.0022
1107	0.0011
1108	0.0011
1109	0.0011
1110	0.0011
1111	0.0672
1112	0.0011
1113	0.0067
1114	0.0437
1115	0.0011
1116	0.0
1117	0.0
1118	0.0
1119	0.0
1120	0.0011
1121	0.0
1122	0.0
1123	0.0
1124	0.0224
1125	0.0414
1126	0.0022
1127	0.0694
1128	0.0146
1129	0.0694
1130	0.0011
1131	0.0
1132	0.0638
1133	0.4468
1134	0.0034
1135	0.1288
1136	0.0
1137	0.1512
1138	0.0034
1139	0.0022
1140	0.0
1141	0.0022
1142	0.0538
1143	0.0157
1144	0.0078
1145	0.0022
1146	0.0011
1147	0.0034
1148	0.0011
1149	0.0
1150	0.009
1151	0.5286
1152	0.0
1153	0.0
1154	0.0022
1155	0.0011
1156	0.0045
1157	0.0022
1158	0.0011
1159	0.0022
1160	0.0269
1161	0.0011
1162	0.0
1163	0.0
1164	0.0437
1165	0.0146
1166	0.6708
1167	0.1769
1168	0.0056
1169	0.0325
1170	0.0022
1171	0.0011
1172	0.0011
1173	0.0011
1174	0.0011
1175	0.0011
1176	0.0011
1177	0.0011
1178	0.0011
1179	0.0112
1180	0.0011
1181	0.0011
1182	0.0078
1183	0.0101
1184	0.0885
1185	0.0482
1186	0.0
1187	0.0034
1188	0.0022
1189	0.0011
1190	0.0045
1191	0.0
1192	0.0
1193	0.0347
1194	0.0011
1195	0.0056
1196	0.0101
1197	0.0034
1198	0.0045
1199	0.0022
1200	0.1198
1201	0.0392
1202	0.0739
1203	0.0246
1204	0.0683
1205	0.0011
1206	0.0011
1207	0.0291
1208	0.0011
1209	0.0011
1210	0.2441
1211	0.0885
1212	0.0045
1213	0.0011
1214	0.0022
1215	0.0728
1216	0.0011
1217	0.0
1218	0.0
1219	0.0011
1220	0.0
1221	0.0862
1222	0.0
1223	0.0011
1224	0.0011
1225	0.0011
1226	0.0011
1227	0.0011
1228	0.0123
1229	0.0011
1230	0.037
1231	0.0011
1232	0.0011
1233	0.0157
1234	0.0179
1235	0.0224
1236	0.1153
1237	0.0067
1238	0.0011
1239	0.0011
1240	0.0
1241	0.0392
1242	0.0123
1243	0.0056
1244	0.0022
1245	0.0112
1246	0.009
1247	0.0862
1248	0.0235
1249	0.0
1250	0.0
1251	0.0
1252	0.0022
1253	0.0571
1254	0.0011
1255	0.0011
1256	0.0011
1257	0.0011
1258	0.0011
1259	0.0504
1260	0.0022
1261	0.009
1262	0.0022
1263	0.0
1264	0.0011
1265	0.0
1266	0.0
1267	0.0683
1268	0.0011
1269	0.0011
1270	0.0
1271	0.0022
1272	0.0011
1273	0.0011
1274	0.0011
1275	0.0011
1276	0.0011
1277	0.0
1278	0.0773
1279	0.1389
1280	0.0045
1281	0.0112
1282	0.009
1283	0.0
1284	0.0224
1285	0.0347
1286	0.0728
1287	0.0
1288	0.0
1289	0.0
1290	0.0179
1291	0.0381
1292	0.0078
1293	0.037
1294	0.0011
1295	0.0011
1296	0.0101
1297	0.0851
1298	0.0011
1299	0.0056
1300	0.0
1301	0.0034
1302	0.0011
1303	0.0011
1304	0.0011
1305	0.3247
1306	0.0224
1307	0.0
1308	0.0045
1309	0.0011
1310	0.0022
1311	0.0022
1312	0.0011
1313	0.0011
1314	0.0011
1315	0.0067
1316	0.0078
1317	0.0011
1318	0.0022
1319	0.2027
1320	0.0067
1321	0.0
1322	0.0134
1323	0.0
1324	0.0011
1325	0.0011
1326	0.0067
1327	0.0011
1328	0.0022
1329	0.0034
1330	0.0
1331	0.0067
1332	0.0011
1333	0.0022
1334	0.0011
1335	0.0694
1336	0.009
1337	0.0011
1338	0.0034
1339	0.0056
1340	0.0034
1341	0.0022
1342	0.0045
1343	0.0022
1344	0.0022
1345	0.0011
1346	0.0034
1347	0.0
1348	0.0
1349	0.0022
1350	0.131
1351	0.0011
1352	0.1355
1353	0.0336
1354	0.009
1355	0.0034
1356	0.0224
1357	0.1019
1358	0.0202
1359	0.0034
1360	0.0246
1361	0.0011
1362	0.0045
1363	0.0
1364	0.0
1365	0.0078
1366	0.0011
1367	0.0448
1368	0.037
1369	0.0011
1370	0.0011
1371	0.0
1372	0.0
1373	0.0045
1374	0.5174
1375	0.0045
1376	0.0011
1377	0.037
1378	0.0157
1379	0.0011
1380	0.0705
1381	0.0582
1382	0.019
1383	0.0045
1384	0.0414
1385	0.0392
1386	0.0683
1387	0.0011
1388	0.0022
1389	0.0
1390	0.0358
1391	0.0011
1392	0.0022
1393	0.0045
1394	0.0101
1395	0.2228
1396	0.0
1397	0.0011
1398	0.0011
1399	0.0011
1400	0.0034
1401	0.0034
1402	0.0
1403	0.0034
1404	0.0011
1405	0.0011
1406	0.0022
1407	0.0034
1408	0.0011
1409	0.0011
1410	0.0011
1411	0.0011
1412	0.0
1413	0.0
1414	0.0
1415	0.0
1416	0.0146
1417	0.0
1418	0.0
1419	0.0459
1420	0.0134
1421	0.0022
1422	0.0011
1423	0.009
1424	0.0582
1425	0.0
1426	0.0011
1427	0.0022
1428	0.2049
1429	0.0034
1430	0.0022
1431	0.0011
1432	0.0011
1433	0.0011
1434	0.0022
1435	0.0
1436	0.0011
1437	0.0
1438	0.0011
1439	0.0101
1440	0.0011
1441	0.0459
1442	0.0224
1443	0.0034
1444	0.0022
1445	0.0011
1446	0.0034
1447	0.0078
1448	0.0011
1449	0.0011
1450	0.0011
1451	0.0034
1452	0.0011
1453	0.0
1454	0.0011
1455	0.0011
1456	0.0011
1457	0.0056
1458	0.0011
1459	0.0011
1460	0.0011
1461	0.0011
1462	0.0538
1463	0.0291
1464	0.0
1465	0.009
1466	0.0269
1467	0.0123
1468	0.0224
1469	0.0078
1470	0.1747
1471	0.0806
1472	0.0011
1473	0.1019
1474	0.0022
1475	0.0
1476	0.0
1477	0.0
1478	0.0
1479	0.0
1480	0.0493
1481	0.0011
1482	0.0291
1483	0.0582
1484	0.0
1485	0.0
1486	0.0
1487	0.131
1488	0.0011
1489	0.0717
1490	0.0
1491	0.0
1492	0.1758
1493	0.0011
1494	0.0011
1495	0.0112
1496	0.2352
1497	0.0314
1498	0.0067
1499	0.0134
1500	0.0538
1501	0.0426
1502	0.0022
1503	0.0034
1504	0.0067
1505	0.0045
1506	0.0459
1507	0.0022
1508	0.0
1509	0.0011
1510	0.0179
1511	0.0011
1512	0.0011
1513	0.0
1514	0.0
1515	0.0011
1516	0.0011
1517	0.0011
1518	0.0
1519	0.0011
1520	0.0034
1521	0.1109
1522	0.1557
1523	0.0011
1524	0.0045
1525	0.0392
1526	0.0045
1527	0.0011
1528	0.0011
1529	0.0022
1530	0.0123
1531	0.0
1532	0.0
1533	0.0
1534	0.0022
1535	0.0022
1536	0.0011
1537	0.0761
1538	0.0907
1539	0.0056
1540	0.0011
1541	0.0011
1542	0.2732
1543	0.0011
1544	0.0
1545	0.0011
1546	0.0011
1547	0.0314
1548	0.0045
1549	0.6573
1550	0.047
1551	0.0011
1552	0.0907
1553	0.0224
1554	0.0067
1555	0.0885
1556	0.0
1557	0.0
1558	0.0011
1559	0.0011
1560	0.0034
1561	0.0011
1562	0.0
1563	0.0
1564	0.0302
1565	0.009
1566	0.0515
1567	0.0
1568	0.0011
1569	0.0034
1570	0.0045
1571	0.0269
1572	0.0022
1573	0.0
1574	0.0011
1575	0.0011
1576	0.0011
1577	0.0
1578	0.0011
1579	0.0011
1580	0.0
1581	0.0011
1582	0.0146
1583	0.0974
1584	0.0011
1585	0.1142
1586	0.0
1587	0.0056
1588	0.0011
1589	0.0146
1590	0.0011
1591	0.0011
1592	0.0336
1593	0.0
1594	0.1277
1595	0.0
1596	0.0325
1597	0.0
1598	0.0
1599	0.0034
1600	0.0
1601	0.0045
1602	0.0011
1603	0.0179
1604	0.0045
1605	0.0112
1606	0.0034
1607	0.0022
1608	0.3975
1609	0.0011
1610	0.0134
1611	0.0011
1612	0.0761
1613	0.0168
1614	0.0817
1615	0.1814
1616	0.0011
1617	0.0011
1618	0.0
1619	0.0045
1620	0.0011
1621	0.0896
1622	0.056
1623	0.0437
1624	0.0
1625	0.0022
1626	0.0022
1627	0.0011
1628	0.0134
1629	0.0
1630	0.0022
1631	0.0067
1632	0.0034
1633	0.0
1634	0.0011
1635	0.0011
1636	0.0011
1637	0.0011
1638	0.0034
1639	0.0403
1640	0.0
1641	0.0022
1642	0.0011
1643	0.0011
1644	0.0538
1645	0.0022
1646	0.0056
1647	0.0213
1648	0.0
1649	0.0
1650	0.0011
1651	0.0011
1652	0.0
1653	0.0022
1654	0.0
1655	0.0011
1656	0.0011
1657	0.0
1658	0.0101
1659	0.0011
1660	0.0011
1661	0.0739
1662	0.0067
1663	0.0011
1664	0.0034
1665	0.0011
1666	0.0011
1667	0.0616
1668	0.0056
1669	0.0
1670	0.0202
1671	0.0011
1672	0.0
1673	0.0
1674	0.009
1675	0.0022
1676	0.0011
1677	0.0022
1678	0.0034
1679	0.0
1680	0.0045
1681	0.0022
1682	0.0011
1683	0.0022
1684	0.0101
1685	0.0011
1686	0.0011
1687	0.0067
1688	0.028
1689	0.0022
1690	0.0022
1691	0.056
1692	0.0034
1693	0.0067
1694	0.0011
1695	0.0011
1696	0.0045
1697	0.0784
1698	0.0011
1699	0.0011
1700	0.1041
1701	0.1254
1702	0.0
1703	0.0011
1704	0.0011
1705	0.0526
1706	0.0045
1707	0.0381
1708	0.0011
1709	0.0067
1710	0.0011
1711	0.0101
1712	0.0011
1713	0.0011
1714	0.0056
1715	0.0011
1716	0.0067
1717	0.1075
1718	0.0
1719	0.0112
1720	0.0157
1721	0.0011
1722	0.0157
1723	0.0011
1724	0.0011
1725	0.0011
1726	0.0
1727	0.0
1728	0.0011
1729	0.0213
1730	0.0504
1731	0.0011
1732	0.0202
1733	0.047
1734	0.0616
1735	0.0011
1736	0.0011
1737	0.0101
1738	0.0034
1739	0.0011
1740	0.0011
1741	0.0101
1742	0.0067
1743	0.0011
1744	0.009
1745	0.0011
1746	0.0078
1747	0.0034
1748	0.0851
1749	0.0761
1750	0.0
1751	0.0392
1752	0.0
1753	0.0011
1754	0.0258
1755	0.0011
1756	0.0997
1757	0.0179
1758	0.0022
1759	0.0056
1760	0.0011
1761	0.0022
1762	0.0526
1763	0.0011
1764	0.0022
1765	0.0045
1766	0.0302
1767	0.1086
1768	0.0
1769	0.075
1770	0.0011
1771	0.0
1772	0.1579
1773	0.0011
1774	0.0
1775	0.0011
1776	0.0
1777	0.0011
1778	0.009
1779	0.0
1780	0.0
1781	0.0067
1782	0.0022
1783	0.0638
1784	0.0011
1785	0.0011
1786	0.0
1787	0.0
1788	0.0
1789	0.0123
1790	0.0022
1791	0.0
1792	0.0347
1793	0.0
1794	0.0291
1795	0.0493
1796	0.0426
1797	0.0011
1798	0.0
1799	0.0538
1800	0.0224
1801	0.0
1802	0.0
1803	0.0213
1804	0.0011
1805	0.0022
1806	0.0011
1807	0.009
1808	0.1445
1809	0.0022
1810	0.0011
1811	0.0482
1812	0.0045
1813	0.0459
1814	0.1176
1815	0.0
1816	0.0112
1817	0.0
1818	0.0
1819	0.0
1820	0.1008
1821	0.0078
1822	0.0123
1823	0.0549
1824	0.0
1825	0.0011
1826	0.0011
1827	0.0022
1828	0.0022
1829	0.0022
1830	0.0034
1831	0.0034
1832	0.0067
1833	0.0067
1834	0.0011
1835	0.0817
1836	0.0179
1837	0.0314
1838	0.0638
1839	0.0011
1840	0.0022
1841	0.0011
1842	0.0
1843	0.0
1844	0.0011
1845	0.0011
1846	0.0011
1847	0.0526
1848	0.0179
1849	0.0011
1850	0.0
1851	0.0
1852	0.0011
1853	0.0011
1854	0.0
1855	0.0134
1856	0.0011
1857	0.009
1858	0.0011
1859	0.0034
1860	0.0011
1861	0.0
1862	0.0022
1863	0.0011
1864	0.0
1865	0.0067
1866	0.0011
1867	0.0022
1868	0.0246
1869	0.0034
1870	0.0011
1871	0.0011
1872	0.0056
1873	0.0011
1874	0.0101
1875	0.037
1876	0.0034
1877	0.0
1878	0.0
1879	0.0146
1880	0.0
1881	0.0011
1882	0.0011
1883	0.0011
1884	0.0
1885	0.0493
1886	0.0045
1887	0.0022
1888	0.0403
1889	0.0011
1890	0.0011
1891	0.0403
1892	0.0056
1893	0.0
1894	0.0011
1895	0.0011
1896	0.0571
1897	0.0011
1898	0.0
1899	0.0067
1900	0.0011
1901	0.0011
1902	0.0011
1903	0.0
1904	0.0
1905	0.0011
1906	0.0011
1907	0.0011
1908	0.0101
1909	0.0011
1910	0.0
1911	0.0011
1912	0.0034
1913	0.0011
1914	0.0022
1915	0.037
1916	0.0011
1917	0.0011
1918	0.0224
1919	0.1254
1920	0.0
1921	0.0011
1922	0.2284
1923	0.0022
1924	0.0056
1925	0.0246
1926	0.0011
1927	0.0022
1928	0.0078
1929	0.0011
1930	0.0011
1931	0.0168
1932	0.0011
1933	0.0011
1934	0.0011
1935	0.0078
1936	0.0
1937	0.0146
1938	0.0011
1939	0.0011
1940	0.0056
1941	0.0011
1942	0.0
1943	0.0034
1944	0.0022
1945	0.0022
1946	0.0045
1947	0.0168
1948	0.0157
1949	0.0
1950	0.0
1951	0.0325
1952	0.0034
1953	0.0
1954	0.0
1955	0.0011
1956	0.0
1957	0.0
1958	0.0011
1959	0.0011
1960	0.0011
1961	0.0056
1962	0.0347
1963	0.0
1964	0.0146
1965	0.0101
1966	0.0202
1967	0.0347
1968	0.0022
1969	0.0
1970	0.0
1971	0.0
1972	0.2027
1973	0.0
1974	0.0
1975	0.0011
1976	0.0067
1977	0.0381
1978	0.0011
1979	0.0022
1980	0.0526
1981	0.0022
1982	0.0325
1983	0.0
1984	0.0078
1985	0.0627
1986	0.019
1987	0.0
1988	0.0011
1989	0.0011
1990	0.0403
1991	0.0739
1992	0.0179
1993	0.0034
1994	0.0011
1995	0.0034
1996	0.0011
1997	0.0985
1998	0.0
1999	0.0
2000	0.0011
2001	0.0437
2002	0.0011
2003	0.0705
2004	0.0
2005	0.0011
2006	0.0
2007	0.0
2008	0.0011
2009	0.0705
2010	0.0302
2011	0.0034
2012	0.0034
2013	0.0011
2014	0.0112
2015	0.0011
2016	0.0146
2017	0.0011
2018	0.0022
2019	0.0011
2020	0.0011
2021	0.0011
2022	0.0
2023	0.0011
2024	0.0011
2025	0.0011
2026	0.0011
2027	0.0011
2028	0.0011
2029	0.0022
2030	0.0011
2031	0.0011
2032	0.0011
2033	0.0246
2034	0.0011
2035	0.0011
2036	0.0022
2037	0.009
2038	0.0056
2039	0.0
2040	0.0011
2041	0.0067
2042	0.0022
2043	0.0
2044	0.0022
2045	0.0011
2046	0.0
2047	0.0011
2048	0.0
2049	0.0034
2050	0.0045
2051	0.0011
2052	0.0157
2053	0.0011
2054	0.0034
2055	0.0
2056	0.0011
2057	0.0011
2058	0.0011
2059	0.0045
2060	0.0
2061	0.0045
2062	0.1355
2063	0.0235
2064	0.0022
2065	0.056
2066	0.0
2067	0.0034
2068	0.0045
2069	0.019
2070	0.0011
2071	0.0078
2072	0.1355
2073	0.0
2074	0.0
2075	0.0
2076	0.0
2077	0.0011
2078	0.0
2079	0.0
2080	0.0
2081	0.0011
2082	0.0011
2083	0.0022
2084	0.0112
2085	0.0314
2086	0.0011
2087	0.0011
2088	0.0067
2089	0.0011
2090	0.0011
2091	0.009
2092	0.0078
2093	0.0616
2094	0.0011
2095	0.0067
2096	0.0022
2097	0.0078
2098	0.0
2099	0.0246
2100	0.0011
2101	0.0
2102	0.0504
2103	0.0022
2104	0.0022
2105	0.0123
2106	0.0
2107	0.0
2108	0.0045
2109	0.0526
2110	0.0034
2111	0.0045
2112	0.0011
2113	0.0078
2114	0.0437
2115	0.0179
2116	0.0224
2117	0.0258
2118	0.1265
2119	0.0056
2120	0.1366
2121	0.0011
2122	0.0
2123	0.0
2124	0.0
2125	0.0034
2126	0.0011
2127	0.0034
2128	0.0034
2129	0.0493
2130	0.009
2131	0.0011
2132	0.0011
2133	0.1445
2134	0.0157
2135	0.1635
2136	0.0011
2137	0.0
2138	0.0011
2139	0.0034
2140	0.0
2141	0.0022
2142	0.0022
2143	0.0011
2144	0.0258
2145	0.1624
2146	0.0011
2147	0.0011
2148	0.0011
2149	0.0022
2150	0.0011
2151	0.0
2152	0.0045
2153	0.0045
2154	0.0
2155	0.0011
2156	0.0459
2157	0.0
2158	0.0
2159	0.0202
2160	0.0291
2161	0.0034
2162	0.0
2163	0.0022
2164	0.0011
2165	0.0
2166	0.0
2167	0.0011
2168	0.0034
2169	0.0358
2170	0.0022
2171	0.0179
2172	0.0325
2173	0.0011
2174	0.0728
2175	0.0011
2176	0.019
2177	0.0034
2178	0.0034
2179	0.0011
2180	0.0011
2181	0.0022
2182	0.0011
2183	0.0011
2184	0.0034
2185	0.0
2186	0.0683
2187	0.0011
2188	0.0034
2189	0.0011
2190	0.0011
2191	0.0011
2192	0.0056
2193	0.0134
2194	0.0034
2195	0.0
2196	0.0034
2197	0.0045
2198	0.0034
2199	0.0011
2200	0.0022
2201	0.0011
2202	0.0
2203	0.0011
2204	0.0011
2205	0.0
2206	0.0157
2207	0.0
2208	0.0
2209	0.0347
2210	0.019
2211	0.0
2212	0.0011
2213	0.0011
2214	0.0034
2215	0.0168
2216	0.0011
2217	0.0123
2218	0.0011
2219	0.0011
2220	0.0
2221	0.0011
2222	0.0011
2223	0.0168
2224	0.0034
2225	0.0381
2226	0.0314
2227	0.0045
2228	0.0011
2229	0.1601
2230	0.0549
2231	0.0739
2232	0.0134
2233	0.0403
2234	0.0157
2235	0.0011
2236	0.084
2237	0.2699
2238	0.0011
2239	0.0011
2240	0.1209
2241	0.0157
2242	0.0034
2243	0.0011
2244	0.0
2245	0.0
2246	0.009
2247	0.0
2248	0.0
2249	0.0426
2250	0.0034
2251	0.028
2252	0.0246
2253	0.0
2254	0.0067
2255	0.0347
2256	0.2766
2257	0.0549
2258	0.1064
2259	0.0011
2260	0.0011
2261	0.0011
2262	0.0011
2263	0.0
2264	0.0649
2265	0.0011
2266	0.0011
2267	0.0011
2268	0.0011
2269	0.0022
2270	0.0011
2271	0.0
2272	0.0347
2273	0.0
2274	0.0538
2275	0.0
2276	0.0358
2277	0.009
2278	0.0045
2279	0.0
2280	0.0011
2281	0.0022
2282	0.0056
2283	0.0011
2284	0.0
2285	0.019
2286	0.0067
2287	0.0045
2288	0.0011
2289	0.0157
2290	0.1344
2291	0.0011
2292	0.0011
2293	0.0022
2294	0.0101
2295	0.0022
2296	0.0022
2297	0.1837
2298	0.0538
2299	0.075
2300	0.0011
2301	0.0011
2302	0.0011
2303	0.0
2304	0.0011
2305	0.0
2306	0.0045
2307	0.0078
2308	0.0011
2309	0.0034
2310	0.0011
2311	0.0011
2312	0.0011
2313	0.0011
2314	0.0034
2315	0.0011
2316	0.0034
2317	0.0022
2318	0.0022
2319	0.0034
2320	0.0022
2321	0.0034
2322	0.0213
2323	0.1243
2324	0.0034
2325	0.0022
2326	0.2822
2327	0.0
2328	0.2408
2329	0.0
2330	0.0022
2331	0.0022
2332	0.0403
2333	0.0
2334	0.0011
2335	0.0011
2336	0.0011
2337	0.0011
2338	0.0067
2339	0.0
2340	0.0045
2341	0.0
2342	0.0056
2343	0.0078
2344	0.0011
2345	0.0
2346	0.0045
2347	0.0
2348	0.0
2349	0.0022
2350	0.0
2351	0.0011
2352	0.0022
2353	0.0011
2354	0.0011
2355	0.0011
2356	0.0638
2357	0.0134
2358	0.0
2359	0.0022
2360	0.0034
2361	0.0011
2362	0.0
2363	0.0045
2364	0.0157
2365	0.0862
2366	0.0078
2367	0.009
2368	0.019
2369	0.2116
2370	0.0022
2371	0.1389
2372	0.0078
2373	0.0022
2374	0.0011
2375	0.0549
2376	0.0291
2377	0.0
2378	0.0045
2379	0.0504
2380	0.0011
2381	0.0795
2382	0.0011
2383	0.0
2384	0.0806
2385	0.0
2386	0.0
2387	0.0739
2388	0.0011
2389	0.0011
2390	0.0022
2391	0.0011
2392	0.0011
2393	0.0045
2394	0.0011
2395	0.0011
2396	0.0011
2397	0.0
2398	0.0694
2399	0.0022
2400	0.0
2401	0.0011
2402	0.0022
2403	0.0022
2404	0.0011
2405	0.0011
2406	0.0022
2407	0.0045
2408	0.0
2409	0.0
2410	0.0381
2411	0.1579
2412	0.0034
2413	0.0022
2414	0.0067
2415	0.0045
2416	0.0414
2417	0.0078
2418	0.0011
2419	0.0011
2420	0.0
2421	0.0
2422	0.0
2423	0.0
2424	0.0011
2425	0.0
2426	0.0
2427	0.0123
2428	0.0011
2429	0.0022
2430	0.0
2431	0.0
2432	0.0
2433	0.0022
2434	0.0022
2435	0.0392
2436	0.0
2437	0.0022
2438	0.0011
2439	0.0011
2440	0.056
2441	0.0011
2442	0.0011
2443	0.0011
2444	0.0067
2445	0.0011
2446	0.0011
2447	0.0011
2448	0.0011
2449	0.0011
2450	0.0011
2451	0.0022
2452	0.047
2453	0.0011
2454	0.0011
2455	0.0011
2456	0.0347
2457	0.0011
2458	0.0067
2459	0.0011
2460	0.0011
2461	0.0011
2462	0.0045
2463	0.0011
2464	0.0011
2465	0.0011
2466	0.0011
2467	0.0045
2468	0.0
2469	0.0034
2470	0.0
2471	0.0011
2472	0.084
2473	0.1153
2474	0.159
2475	0.0022
2476	0.0392
2477	0.0011
2478	0.0067
2479	0.0
2480	0.0078
2481	0.009
2482	0.0034
2483	0.0
2484	0.0
2485	0.3628
2486	0.0
2487	0.0011
2488	0.0235
2489	0.0011
2490	0.0
2491	0.0011
2492	0.0011
2493	0.0067
2494	0.0011
2495	0.0011
2496	0.0022
2497	0.0426
2498	0.0011
2499	0.0
2500	0.0034
2501	0.0
2502	0.0336
2503	0.0022
2504	0.112
2505	0.0011
2506	0.0515
2507	0.0773
2508	0.0146
2509	0.0123
2510	0.0761
2511	0.009
2512	0.0011
2513	0.0011
2514	0.0011
2515	0.0011
2516	0.0493
2517	0.0056
2518	0.0045
2519	0.0011
2520	0.0011
2521	0.0011
2522	0.0011
2523	0.0056
2524	0.0078
2525	0.0
2526	0.0011
2527	0.0022
2528	0.0011
2529	0.0011
2530	0.0011
2531	0.0022
2532	0.0
2533	0.0
2534	0.0011
2535	0.0526
2536	0.0011
2537	0.0011
2538	0.0011
2539	0.0
2540	0.0011
2541	0.0414
2542	0.1041
2543	0.0011
2544	0.0123
2545	0.0078
2546	0.0381
2547	0.1176
2548	0.0134
2549	0.0784
2550	0.0291
2551	0.0022
2552	0.0056
2553	0.0
2554	0.0
2555	0.0134
2556	0.0011
2557	0.0862
2558	0.0022
2559	0.0918
2560	0.2016
2561	0.0022
2562	0.0022
2563	0.0022
2564	0.056
2565	1.0
2566	0.0358
2567	0.0056
2568	0.0045
2569	0.0056
2570	0.0011
2571	0.0
2572	0.0078
2573	0.0011
2574	0.0022
2575	0.0
2576	0.1635
2577	0.0022
2578	0.0134
2579	0.0
2580	0.0
2581	0.0011
2582	0.0011
2583	0.0022
2584	0.0011
2585	0.0672
2586	0.0022
2587	0.0134
2588	0.0
2589	0.0
2590	0.0
2591	0.0
2592	0.0146
2593	0.0358
2594	0.0504
2595	0.0549
2596	0.0146
2597	0.0022
2598	0.0078
2599	0.0101
2600	0.0
2601	0.0
2602	0.0
2603	0.0011
2604	0.0
2605	0.0717
2606	0.0011
2607	0.0011
2608	0.0157
2609	0.0078
2610	0.0011
2611	0.0078
2612	0.0325
2613	0.028
2614	0.0056
2615	0.0022
2616	0.0011
2617	0.0246
2618	0.0594
2619	0.0515
2620	0.0269
2621	0.009
2622	0.0
2623	0.1209
2624	0.0011
2625	0.0
2626	0.0034
2627	0.0011
2628	0.0011
2629	0.0
2630	0.0022
2631	0.0011
2632	0.0011
2633	0.0011
2634	0.0011
2635	0.0011
2636	0.0011
2637	0.0011
2638	0.0011
2639	0.0011
2640	0.0011
2641	0.0011
2642	0.0011
2643	0.0
2644	0.0011
2645	0.0078
2646	0.0437
2647	0.0202
2648	0.0011
2649	0.0011
2650	0.0
2651	0.3012
2652	0.0
2653	0.1265
2654	0.1165
2655	0.0549
2656	0.0011
2657	0.0493
2658	0.3438
2659	0.0134
2660	0.1837
2661	0.0011
2662	0.0022
2663	0.0022
2664	0.0011
2665	0.0067
2666	0.0
2667	0.1411
2668	0.0011
2669	0.0
2670	0.0
2671	0.0011
2672	0.0146
2673	0.0011
2674	0.1153
2675	0.0011
2676	0.0078
2677	0.0448
2678	0.0
2679	0.0
2680	0.0067
2681	0.0
2682	0.0011
2683	0.0146
2684	0.0011
2685	0.0
2686	0.1747
2687	0.0146
2688	0.692
2689	0.0426
2690	0.0291
2691	0.0493
2692	0.0213
2693	0.1669
2694	0.0202
2695	0.0078
2696	0.0717
2697	0.0504
2698	0.0168
2699	0.0829
2700	0.1881
2701	0.0213
2702	0.0896
2703	0.0683
2704	0.084
2705	0.0011
2706	0.0202
2707	0.1153
2708	0.0101
2709	0.0011
2710	0.0
2711	0.0146
2712	0.0
2713	0.224
2714	0.0
2715	0.0022
2716	0.0011
2717	0.0011
2718	0.0011
2719	0.0235
2720	0.0
2721	0.0022
2722	0.0011
2723	0.0011
2724	0.0112
2725	0.0011
2726	0.0
2727	0.037
2728	0.0034
2729	0.0011
2730	0.0022
2731	0.0011
2732	0.0
2733	0.0034
2734	0.0011
2735	0.0
2736	0.0011
2737	0.0179
2738	0.0034
2739	0.0011
2740	0.0314
2741	0.0011
2742	0.0
2743	0.0
2744	0.0437
2745	0.0
2746	0.028
2747	0.0885
2748	0.0011
2749	0.0011
2750	0.0
2751	0.0
2752	0.0078
2753	0.0011
2754	0.0
2755	0.0011
2756	0.0
2757	0.0056
2758	0.0022
2759	0.0011
2760	0.0258
2761	0.0011
2762	0.0034
2763	0.0
2764	0.0011
2765	0.0325
2766	0.0011
2767	0.0011
2768	0.0448
2769	0.0011
2770	0.0011
2771	0.0011
2772	0.0011
2773	0.0011
2774	0.0515
2775	0.0392
2776	0.0011
2777	0.0
2778	0.0246
2779	0.0011
2780	0.0034
2781	0.0
2782	0.0011
2783	0.0011
2784	0.0011
2785	0.0011
2786	0.0011
2787	0.0045
2788	0.0045
2789	0.0034
2790	0.1937
2791	0.0168
2792	0.0202
2793	0.0067
2794	0.0
2795	0.0
2796	0.009
2797	0.0
2798	0.0
2799	0.009
2800	0.0
2801	0.0
2802	0.0101
2803	0.0011
2804	0.0179
2805	0.0
2806	0.0
2807	0.0056
2808	0.0022
2809	0.0
2810	0.0
2811	0.0213
2812	0.0
2813	0.0011
2814	0.0
2815	0.0123
2816	0.0
2817	0.0022
2818	0.0011
2819	0.0202
2820	0.0
2821	0.0
2822	0.0482
2823	0.0011
2824	0.0011
2825	0.0
2826	0.0011
2827	0.0011
2828	0.0
2829	0.0
2830	0.0067
2831	0.0437
2832	0.056
2833	0.0078
2834	0.0056
2835	0.0011
2836	0.0
2837	0.0
2838	0.0235
2839	0.0056
2840	0.0157
2841	0.0011
2842	0.1389
2843	0.0
2844	0.0022
2845	0.0034
2846	0.0011
2847	0.0011
2848	0.0011
2849	0.0011
2850	0.0011
2851	0.0493
2852	0.0022
2853	0.0011
2854	0.0
2855	0.0179
2856	0.0056
2857	0.0011
2858	0.0034
2859	0.1557
2860	0.0056
2861	0.0011
2862	0.0045
2863	0.0056
2864	0.0011
2865	0.0022
2866	0.0067
2867	0.0034
2868	0.0011
2869	0.0011
2870	0.0011
2871	0.3158
2872	0.0974
2873	0.0
2874	0.0
2875	0.0067
2876	0.0011
2877	0.0
2878	0.0
2879	0.0011
2880	0.0022
2881	0.0011
2882	0.0011
2883	0.0314
2884	0.0011
2885	0.0056
2886	0.0034
2887	0.0011
2888	0.0011
2889	0.0157
2890	0.0011
2891	0.0011
2892	0.0011
2893	0.0011
2894	0.0011
2895	0.0011
2896	0.0011
2897	0.0
2898	0.0022
2899	0.0011
2900	0.0325
2901	0.0045
2902	0.0
2903	0.009
2904	0.0202
2905	0.0045
2906	0.0067
2907	0.0067
2908	0.0134
2909	0.0638
2910	0.0
2911	0.0
2912	0.037
2913	0.0123
2914	0.0045
2915	0.0
2916	0.0011
2917	0.0022
2918	0.0034
2919	0.0022
2920	0.0
2921	0.0011
2922	0.0
2923	0.0392
2924	0.0022
2925	0.0213
2926	0.0
2927	0.0
2928	0.0011
2929	0.0011
2930	0.0011
2931	0.0022
2932	0.0694
2933	0.0067
2934	0.0
2935	0.0403
2936	0.009
2937	0.0
2938	0.0011
2939	0.0078
2940	0.1377
2941	0.0123
2942	0.0
2943	0.0
2944	0.0011
2945	0.0011
2946	0.0
2947	0.0112
2948	0.0291
2949	0.0011
2950	0.0146
2951	0.0213
2952	0.0011
2953	0.0112
2954	0.0011
2955	0.0
2956	0.0
2957	0.0011
2958	0.0526
2959	0.0
2960	0.0011
2961	0.0011
2962	0.0011
2963	0.0
2964	0.0784
2965	0.0022
2966	0.0
2967	0.2665
2968	0.0616
2969	0.0034
2970	0.0011
2971	0.0011
2972	0.3998
2973	0.0
2974	0.0168
2975	0.0022
2976	0.0078
2977	0.0
2978	0.0067
2979	0.0
2980	0.0011
2981	0.0493
2982	0.0011
2983	0.0314
2984	0.0
2985	0.0045
2986	0.0034
2987	0.0101
2988	0.0616
2989	0.0112
2990	0.0
2991	0.0078
2992	0.0011
2993	0.0011
2994	0.0034
2995	0.0112
2996	0.0
2997	0.0
2998	0.0034
2999	0.0078
3000	0.0482
3001	0.0078
3002	0.0056
3003	0.0011
3004	0.0034
3005	0.0314
3006	0.0347
3007	0.0168
3008	0.0011
3009	0.0571
3010	0.1377
3011	0.0011
3012	0.0011
3013	0.0011
3014	0.0
3015	0.0493
3016	0.0022
3017	0.0034
3018	0.0213
3019	0.0011
3020	0.0582
3021	0.0078
3022	0.0011
3023	0.0
3024	0.0582
3025	0.0045
3026	0.196
3027	0.0437
3028	0.2116
3029	0.0022
3030	0.0
3031	0.056
3032	0.2419
3033	0.0504
3034	0.0426
3035	0.0146
3036	0.0078
3037	0.0078
3038	0.0011
3039	0.0157
3040	0.0078
3041	0.0157
3042	0.0011
3043	0.0011
3044	0.0067
3045	0.0
3046	0.0112
3047	0.0134
3048	0.0011
3049	0.0067
3050	0.0
3051	0.0011
3052	0.0011
3053	0.0101
3054	0.0011
3055	0.0582
3056	0.0493
3057	0.0538
3058	0.0
3059	0.0358
3060	0.0045
3061	0.0022
3062	0.047
3063	0.0034
3064	0.0
3065	0.0
3066	0.0011
3067	0.0
3068	0.0
3069	0.0
3070	0.0022
3071	0.0011
3072	0.028
3073	0.0381
3074	0.0011
3075	0.0022
3076	0.0011
3077	0.0045
3078	0.0011
3079	0.0
3080	0.0
3081	0.0224
3082	0.0
3083	0.0022
3084	0.0694
3085	0.0011
3086	0.009
3087	0.009
3088	0.0414
3089	0.0045
3090	0.0134
3091	0.0011
3092	0.0907
3093	0.0011
3094	0.0056
3095	0.0414
3096	0.0034
3097	0.0011
3098	0.0414
3099	0.0
3100	0.0
3101	0.0022
3102	0.0011
3103	0.0056
3104	0.0
3105	0.0
3106	0.0056
3107	0.0112
3108	0.009
3109	0.0101
3110	0.0235
3111	0.0011
3112	0.0011
3113	0.0011
3114	0.0011
3115	0.0056
3116	0.0
3117	0.0
3118	0.0022
3119	0.0034
3120	0.009
3121	0.0
3122	0.0
3123	0.0034
3124	0.0022
3125	0.0179
3126	0.0011
3127	0.0168
3128	0.0011
3129	0.0022
3130	0.0
3131	0.0011
3132	0.0034
3133	0.0011
3134	0.0011
3135	0.0011
3136	0.0
3137	0.0045
3138	0.0
3139	0.0
3140	0.0022
3141	0.0
3142	0.0549
3143	0.0011
3144	0.0985
3145	0.0202
3146	0.0011
3147	0.0067
3148	0.0291
3149	0.0011
3150	0.0112
3151	0.0011
3152	0.0011
3153	0.0011
3154	0.0011
3155	0.0
3156	0.0011
3157	0.0
3158	0.0011
3159	0.0101
3160	0.0022
3161	0.0
3162	0.0034
3163	0.0011
3164	0.0
3165	0.0011
3166	0.0011
3167	0.0011
3168	0.0885
3169	0.0011
3170	0.0
3171	0.0011
3172	0.0146
3173	0.0078
3174	0.0011
3175	0.0459
3176	0.0067
3177	0.0
3178	0.0
3179	0.0
3180	0.0269
3181	0.0034
3182	0.0011
3183	0.0022
3184	0.0011
3185	0.0022
3186	0.0011
3187	0.0011
3188	0.0224
3189	0.0112
3190	0.0112
3191	0.0761
3192	0.0627
3193	0.0
3194	0.0011
3195	0.0
3196	0.0246
3197	0.0045
3198	0.0011
3199	0.0146
3200	0.009
3201	0.0
3202	0.009
3203	0.0011
3204	0.0011
3205	0.0
3206	0.0011
3207	0.0011
3208	0.0067
3209	0.0459
3210	0.0034
3211	0.0022
3212	0.0011
3213	0.0011
3214	0.0011
3215	0.0011
3216	0.0022
3217	0.0011
3218	0.0011
3219	0.0011
3220	0.0011
3221	0.0011
3222	0.0011
3223	0.0011
3224	0.0011
3225	0.0146
3226	0.0011
3227	0.0213
3228	0.0011
3229	0.0011
3230	0.0011
3231	0.0011
3232	0.0011
3233	0.0034
3234	0.0011
3235	0.0011
3236	0.0
3237	0.0
3238	0.0314
3239	0.0034
3240	0.0011
3241	0.0011
3242	0.0067
3243	0.0
3244	0.0011
3245	0.0
3246	0.0022
3247	0.0022
3248	0.0011
3249	0.0034
3250	0.0034
3251	0.0
3252	0.0414
3253	0.0
3254	0.0
3255	0.0034
3256	0.0213
3257	0.0011
3258	0.1064
3259	0.0022
3260	0.009
3261	0.0011
3262	0.0101
3263	0.0011
3264	0.0011
3265	0.0
3266	0.0
3267	0.0011
3268	0.0022
3269	0.0034
3270	0.0022
3271	0.0022
3272	0.0022
3273	0.0011
3274	0.0773
3275	0.0157
3276	0.0885
3277	0.0011
3278	0.0022
3279	0.0022
3280	0.0034
3281	0.0011
3282	0.0056
3283	0.0
3284	0.0224
3285	0.0011
3286	0.0
3287	0.0
3288	0.0011
3289	0.0
3290	0.0403
3291	0.0649
3292	0.009
3293	0.0112
3294	0.0011
3295	0.0
3296	0.0022
3297	0.0571
3298	0.0011
3299	0.0011
3300	0.0056
3301	0.0168
3302	0.0011
3303	0.0011
3304	0.0347
3305	0.0056
3306	0.0078
3307	0.0
3308	0.0
3309	0.0045
3310	0.0202
3311	0.0011
3312	0.0011
3313	0.0056
3314	0.0011
3315	0.0146
3316	0.0034
3317	0.0168
3318	0.0011
3319	0.0
3320	0.0056
3321	0.0202
3322	0.0011
3323	0.0022
3324	0.0
3325	0.0067
3326	0.0202
3327	0.0
3328	0.0
3329	0.0
3330	0.0
3331	0.0011
3332	0.0011
3333	0.0168
3334	0.0146
3335	0.0011
3336	0.0
3337	0.0
3338	0.0034
3339	0.0011
3340	0.0045
3341	0.0011
3342	0.0011
3343	0.0146
3344	0.0011
3345	0.0392
3346	0.0056
3347	0.0
3348	0.028
3349	0.0101
3350	0.0616
3351	0.0
3352	0.3057
3353	0.0011
3354	0.0056
3355	0.0034
3356	0.0011
3357	0.0022
3358	0.0011
3359	0.0011
3360	0.0011
3361	0.0022
3362	0.0011
3363	0.0
3364	0.0
3365	0.0
3366	0.0705
3367	0.0034
3368	0.0011
3369	0.0011
3370	0.0011
3371	0.0
3372	0.0
3373	0.0134
3374	0.0045
3375	0.0482
3376	0.0
3377	0.0045
3378	0.0459
3379	0.0213
3380	0.047
3381	0.2016
3382	0.0011
3383	0.0022
3384	0.0034
3385	0.0011
3386	0.0134
3387	0.0
3388	0.0168
3389	0.0022
3390	0.0672
3391	0.0045
3392	0.037
3393	0.0112
3394	0.1747
3395	0.0011
3396	0.0022
3397	0.0034
3398	0.0011
3399	0.0034
3400	0.0011
3401	0.0011
3402	0.1366
3403	0.0034
3404	0.0997
3405	0.0011
3406	0.0045
3407	0.0011
3408	0.0
3409	0.0011
3410	0.0
3411	0.0011
3412	0.0011
3413	0.0
3414	0.0
3415	0.0
3416	0.0011
3417	0.0336
3418	0.0011
3419	0.0
3420	0.0
3421	0.0
3422	0.0034
3423	0.0011
3424	0.0011
3425	0.0022
3426	0.0011
3427	0.0011
3428	0.0
3429	0.0
3430	0.0
3431	0.0
3432	0.0
3433	0.0101
3434	0.0011
3435	0.0045
3436	0.0011
3437	0.0011
3438	0.0011
3439	0.0985
3440	0.0011
3441	0.0022
3442	0.0
3443	0.0224
3444	0.0022
3445	0.0235
3446	0.0
3447	0.3035
3448	0.0034
3449	0.3516
3450	0.0302
3451	0.1097
3452	0.1467
3453	0.3572
3454	0.1657
3455	0.0761
3456	0.2699
3457	0.1859
3458	0.0773
3459	0.103
3460	0.0246
3461	0.1131
3462	0.0605
3463	0.0627
3464	0.0
3465	0.0034
3466	0.019
3467	0.0011
3468	0.0034
3469	0.0258
3470	0.0235
3471	0.0022
3472	0.0168
3473	0.0
3474	0.0
3475	0.0011
3476	0.0
3477	0.0594
3478	0.047
3479	0.1142
3480	0.0202
3481	0.019
3482	0.0269
3483	0.0224
3484	0.0
3485	0.0
3486	0.0
3487	0.0011
3488	0.0179
3489	0.0
3490	0.0022
3491	0.0022
3492	0.0034
3493	0.0011
3494	0.0011
3495	0.0034
3496	0.0112
3497	0.0011
3498	0.1277
3499	0.0034
3500	0.0011
3501	0.0
3502	0.0
3503	0.0
3504	0.0011
3505	0.0
3506	0.0
3507	0.0
3508	0.0123
3509	0.0011
3510	0.0011
3511	0.0011
3512	0.0101
3513	0.0045
3514	0.0011
3515	0.0034
3516	0.0
3517	0.0
3518	0.0067
3519	0.0538
3520	0.0011
3521	0.0325
3522	0.0795
3523	0.0314
3524	0.0011
3525	0.0179
3526	0.0067
3527	0.0717
3528	0.0146
3529	0.0
3530	0.0034
3531	0.0011
3532	0.0056
3533	0.0
3534	0.0
3535	0.0056
3536	0.0067
3537	0.0
3538	0.0022
3539	0.0022
3540	0.0045
3541	0.0907
3542	0.0056
3543	0.0034
3544	0.0078
3545	0.0022
3546	0.0
3547	0.0
3548	0.0
3549	0.0
3550	0.0011
3551	0.0011
3552	0.0011
3553	0.009
3554	0.0067
3555	0.0157
3556	0.0157
3557	0.0112
3558	0.0011
3559	0.0
3560	0.0179
3561	0.0045
3562	0.0448
3563	0.0034
3564	0.0022
3565	0.0011
3566	0.0011
3567	0.0202
3568	0.1646
3569	0.047
3570	0.0
3571	0.0504
3572	0.0
3573	0.0
3574	0.0
3575	0.0
3576	0.0045
3577	0.0011
3578	0.0022
3579	0.0022
3580	0.0
3581	0.0011
3582	0.0011
3583	0.0045
3584	0.0011
3585	0.0022
3586	0.1747
3587	0.0168
3588	0.0
3589	0.0056
3590	0.0011
3591	0.0146
3592	0.0
3593	0.0291
3594	0.0022
3595	0.0022
3596	0.0011
3597	0.0146
3598	0.0045
3599	0.0011
3600	0.0134
3601	0.0582
3602	0.0011
3603	0.0134
3604	0.0022
3605	0.0011
3606	0.0011
3607	0.0269
3608	0.0
3609	0.0
3610	0.0045
3611	0.0246
3612	0.0
3613	0.0011
3614	0.2296
3615	0.1613
3616	0.0
3617	0.0
3618	0.0011
3619	0.0011
3620	0.0011
3621	0.0011
3622	0.0246
3623	0.0
3624	0.0717
3625	0.0045
3626	0.0
3627	0.0
3628	0.0011
3629	0.0045
3630	0.0358
3631	0.1019
3632	0.0011
3633	0.0538
3634	0.0918
3635	0.0705
3636	0.0123
3637	0.0045
3638	0.0011
3639	0.0134
3640	0.0011
3641	0.2374
3642	0.4054
3643	0.0493
3644	0.0
3645	0.0448
3646	0.0101
3647	0.0146
3648	0.0101
3649	0.0011
3650	0.0
3651	0.0011
3652	0.0011
3653	0.0022
3654	0.0011
3655	0.0101
3656	0.0034
3657	0.0011
3658	0.0437
3659	0.0426
3660	0.0974
3661	0.0403
3662	0.0112
3663	0.0011
3664	0.0011
3665	0.0224
3666	0.1613
3667	0.0067
3668	0.0011
3669	0.0
3670	0.0
3671	0.0
3672	0.0
3673	0.0056
3674	0.0022
3675	0.0011
3676	0.0011
3677	0.0022
3678	0.019
3679	0.0022
3680	0.0
3681	0.0011
3682	0.084
3683	0.0067
3684	0.0011
3685	0.0022
3686	0.0034
3687	0.0011
3688	0.0045
3689	0.0022
3690	0.0011
3691	0.1064
3692	0.009
3693	0.0011
3694	0.0011
3695	0.0011
3696	0.0011
3697	0.0011
3698	0.0011
3699	0.0
3700	0.0022
3701	0.0
3702	0.0011
3703	0.0011
3704	0.0011
3705	0.0034
3706	0.0011
3707	0.0011
3708	0.0
3709	0.0078
3710	0.0
3711	0.0011
3712	0.0011
3713	0.0
3714	0.0168
3715	0.0011
3716	0.0
3717	0.0011
3718	0.0011
3719	0.0157
3720	0.0123
3721	0.0
3722	0.0022
3723	0.0078
3724	0.1041
3725	0.0045
3726	0.0034
3727	0.0011
3728	0.0952
3729	0.0123
3730	0.0011
3731	0.0168
3732	0.0
3733	0.0011
3734	0.0
3735	0.0034
3736	0.0
3737	0.0
3738	0.0
3739	0.0
3740	0.0
3741	0.0
3742	0.0034
3743	0.0112
3744	0.0022
3745	0.0
3746	0.0011
3747	0.0045
3748	0.0336
3749	0.0045
3750	0.0022
3751	0.0123
3752	0.0168
3753	0.0011
3754	0.0067
3755	0.0
3756	0.0
3757	0.0011
3758	0.0011
3759	0.0011
3760	0.0011
3761	0.0022
3762	0.009
3763	0.0034
3764	0.0112
3765	0.0011
3766	0.0101
3767	0.0179
3768	0.0
3769	0.0
3770	0.0246
3771	0.0034
3772	0.0011
3773	0.0
3774	0.0011
3775	0.0134
3776	0.0
3777	0.0123
3778	0.0
3779	0.0022
3780	0.0034
3781	0.0011
3782	0.0034
3783	0.0011
3784	0.0011
3785	0.0202
3786	0.1109
3787	0.2598
3788	0.0022
3789	0.0
3790	0.0
3791	0.0011
3792	0.0302
3793	0.0
3794	0.0515
3795	0.0011
3796	0.1265
3797	0.0
3798	0.0258
3799	0.0067
3800	0.0034
3801	0.0011
3802	0.009
3803	0.0112
3804	0.0056
3805	0.0011
3806	0.0504
3807	0.0
3808	0.0
3809	0.0022
3810	0.0011
3811	0.0
3812	0.0594
3813	0.1053
3814	0.0526
3815	0.0224
3816	0.0
3817	0.0011
3818	0.0
3819	0.0112
3820	0.0
3821	0.0022
3822	0.0
3823	0.0022
3824	0.0011
3825	0.0
3826	0.0
3827	0.0022
3828	0.0
3829	0.0011
3830	0.0224
3831	0.0
3832	0.0011
3833	0.0034
3834	0.0011
3835	0.0392
3836	0.0011
3837	0.0011
3838	0.0
3839	0.0056
3840	0.0011
3841	0.0011
3842	0.0168
3843	0.0202
3844	0.0011
3845	0.009
3846	0.0
3847	0.0
3848	0.0011
3849	0.0
3850	0.0022
3851	0.0022
3852	0.0
3853	0.0
3854	0.0918
3855	0.0067
3856	0.0
3857	0.0
3858	0.0011
3859	0.0
3860	0.0
3861	0.0
3862	0.0022
3863	0.0056
3864	0.0011
3865	0.0022
3866	0.0
3867	0.0
3868	0.0
3869	0.0056
3870	0.0022
3871	0.0056
3872	0.0168
3873	0.0045
3874	0.0
3875	0.0
3876	0.0034
3877	0.0146
3878	0.0011
3879	0.0
3880	0.0
3881	0.0022
3882	0.0011
3883	0.0011
3884	0.0
3885	0.0022
3886	0.0011
3887	0.0
3888	0.0011
3889	0.0022
3890	0.0034
3891	0.0011
3892	0.0
3893	0.0
3894	0.0011
3895	0.0011
3896	0.0011
3897	0.0101
3898	0.0022
3899	0.0
3900	0.0034
3901	0.0011
3902	0.0482
3903	0.0
3904	0.0011
3905	0.0022
3906	0.0011
3907	0.0011
3908	0.0
3909	0.0011
3910	0.037
3911	0.0022
3912	0.019
3913	0.0
3914	0.0
3915	0.0
3916	0.047
3917	0.0325
3918	0.0045
3919	0.0168
3920	0.0067
3921	0.0
3922	0.0078
3923	0.0011
3924	0.0056
3925	0.0078
3926	0.0
3927	0.0011
3928	0.0022
3929	0.0022
3930	0.0056
3931	0.0011
3932	0.0045
3933	0.0
3934	0.0
3935	0.0011
3936	0.0011
3937	0.0
3938	0.0
3939	0.0
3940	0.0
3941	0.0011
3942	0.0
3943	0.0011
3944	0.0011
3945	0.0022
3946	0.0
3947	0.0034
3948	0.0291
3949	0.0336
3950	0.0
3951	0.0
3952	0.0011
3953	0.0011
3954	0.0022
3955	0.0034
3956	0.0952
3957	0.0011
3958	0.0168
3959	0.0022
3960	0.0258
3961	0.0179
3962	0.0045
3963	0.0011
3964	0.0011
3965	0.0997
3966	0.0011
3967	0.0
3968	0.0011
3969	0.1008
3970	0.0
3971	0.0078
3972	0.0
3973	0.037
3974	0.0
3975	0.0
3976	0.1624
3977	0.0157
3978	0.0022
3979	0.0034
3980	0.0022
3981	0.0011
3982	0.0224
3983	0.0045
3984	0.0022
3985	0.0358
3986	0.0011
3987	0.0011
3988	0.0
3989	0.0022
3990	0.0011
3991	0.0078
3992	0.0022
3993	0.0
3994	0.0
3995	0.0638
3996	0.0
3997	0.0011
3998	0.0022
3999	0.0022
4000	0.0045
4001	0.0314
4002	0.0
4003	0.0
4004	0.0
4005	0.0011
4006	0.0022
4007	0.0168
4008	0.0078
4009	0.0022
4010	0.0011
4011	0.0
4012	0.0
4013	0.0235
4014	0.0
4015	0.0022
4016	0.0022
4017	0.0
4018	0.0
4019	0.0022
4020	0.0067
4021	0.0
4022	0.0
4023	0.0034
4024	0.0022
4025	0.0011
4026	0.0022
4027	0.0067
4028	0.0011
4029	0.0
4030	0.0
4031	0.0
4032	0.0
4033	0.0
4034	0.0045
4035	0.0011
4036	0.1646
4037	0.0168
4038	0.0011
4039	0.0101
4040	0.1165
4041	0.0761
4042	0.0235
4043	0.0
4044	0.0997
4045	0.2878
4046	0.0997
4047	0.0
4048	0.0011
4049	0.0
4050	0.0011
4051	0.0011
4052	0.0
4053	0.0022
4054	0.0
4055	0.0034
4056	0.0258
4057	0.0011
4058	0.0
4059	0.0045
4060	0.0
4061	0.0011
4062	0.0045
4063	0.0302
4064	0.0011
4065	0.1467
4066	0.0056
4067	0.0011
4068	0.0067
4069	0.0011
4070	0.1243
4071	0.019
4072	0.0325
4073	0.1288
4074	0.037
4075	0.0011
4076	0.0963
4077	0.0862
4078	0.0022
4079	0.0045
4080	0.0011
4081	0.0
4082	0.0168
4083	0.0011
4084	0.0
4085	0.0011
4086	0.0
4087	0.0
4088	0.0
4089	0.0034
4090	0.0011
4091	0.0011
4092	0.0011
4093	0.0011
4094	0.0
4095	0.0022
4096	0.0011
4097	0.0011
4098	0.009
4099	0.1736
4100	0.0011
4101	0.0
4102	0.0
4103	0.0011
4104	0.0034
4105	0.0011
4106	0.0011
4107	0.0011
4108	0.0011
4109	0.0011
4110	0.0045
4111	0.0179
4112	0.0
4113	0.0
4114	0.0
4115	0.0
4116	0.0134
4117	0.0
4118	0.0
4119	0.0067
4120	0.0034
4121	0.0022
4122	0.0011
4123	0.028
4124	0.056
4125	0.0022
4126	0.0022
4127	0.0459
4128	0.0101
4129	0.0022
4130	0.0022
4131	0.0011
4132	0.0011
4133	0.0022
4134	0.0022
4135	0.0022
4136	0.0291
4137	0.0078
4138	0.0717
4139	0.0011
4140	0.0134
4141	0.0056
4142	0.0414
4143	0.0011
4144	0.0851
4145	0.0022
4146	0.0011
4147	0.0022
4148	0.0067
4149	0.0022
4150	0.0179
4151	0.0941
4152	0.0482
4153	0.0011
4154	0.0011
4155	0.0056
4156	0.0
4157	0.0
4158	0.0
4159	0.0022
4160	0.0
4161	0.0
4162	0.0179
4163	0.0022
4164	0.0034
4165	0.0011
4166	0.0011
4167	0.0011
4168	0.0
4169	0.0101
4170	0.0011
4171	0.0
4172	0.0
4173	0.0
4174	0.0011
4175	0.009
4176	0.0011
4177	0.0011
4178	0.0034
4179	0.0
4180	0.0011
4181	0.0
4182	0.0
4183	0.0
4184	0.0011
4185	0.0011
4186	0.0067
4187	0.0101
4188	0.0
4189	0.0123
4190	0.0022
4191	0.0224
4192	0.0078
4193	0.0
4194	0.0022
4195	0.0011
4196	0.0
4197	0.0078
4198	0.0011
4199	0.009
4200	0.0056
4201	0.0022
4202	0.0011
4203	0.0011
4204	0.0022
4205	0.0056
4206	0.0011
4207	0.0011
4208	0.0022
4209	0.0011
4210	0.0011
4211	0.0728
4212	0.0594
4213	0.0034
4214	0.0101
4215	0.0022
4216	0.0011
4217	0.0011
4218	0.0
4219	0.1254
4220	0.0034
4221	0.047
4222	0.0459
4223	0.0078
4224	0.019
4225	0.0011
4226	0.0
4227	0.0
4228	0.0034
4229	0.0045
4230	0.0
4231	0.0011
4232	0.0034
4233	0.0022
4234	0.0034
4235	0.0
4236	0.0011
4237	0.0
4238	0.0011
4239	0.0
4240	0.0011
4241	0.0011
4242	0.0011
4243	0.0011
4244	0.0011
4245	0.0022
4246	0.0011
4247	0.0
4248	0.0011
4249	0.0011
4250	0.0022
4251	0.0011
4252	0.0056
4253	0.0
4254	0.0
4255	0.0101
4256	0.0
4257	0.0022
4258	0.0
4259	0.0011
4260	0.0011
4261	0.0269
4262	0.0
4263	0.0011
4264	0.0
4265	0.0
4266	0.0123
4267	0.0011
4268	0.0
4269	0.0034
4270	0.0
4271	0.0
4272	0.0
4273	0.0258
4274	0.0011
4275	0.0056
4276	0.0582
4277	0.0011
4278	0.0011
4279	0.0011
4280	0.0011
4281	0.0
4282	0.0067
4283	0.0011
4284	0.0011
4285	0.0022
4286	0.0
4287	0.0
4288	0.0
4289	0.0
4290	0.0022
4291	0.0045
4292	0.0045
4293	0.0
4294	0.0
4295	0.019
4296	0.0011
4297	0.0426
4298	0.0101
4299	0.0
4300	0.0
4301	0.0
4302	0.0
4303	0.0
4304	0.0011
4305	0.0011
4306	0.0011
4307	0.0034
4308	0.0078
4309	0.0
4310	0.3113
4311	0.0
4312	0.0056
4313	0.0056
4314	0.0045
4315	0.0325
4316	0.009
4317	0.0034
4318	0.0034
4319	0.0045
4320	0.0022
4321	0.0011
4322	0.0011
4323	0.0
4324	0.009
4325	0.0034
4326	0.0078
4327	0.0022
4328	0.0011
4329	0.0134
4330	0.0
4331	0.0022
4332	0.0
4333	0.0022
4334	0.0011
4335	0.0358
4336	0.0011
4337	0.0011
4338	0.0448
4339	0.0
4340	0.0011
4341	0.0011
4342	0.0112
4343	0.0078
4344	0.0034
4345	0.0022
4346	0.0011
4347	0.0616
4348	0.0011
4349	0.0
4350	0.0
4351	0.0045
4352	0.0011
4353	0.0896
4354	0.0067
4355	0.056
4356	0.0
4357	0.0011
4358	0.0011
4359	0.0
4360	0.0011
4361	0.0067
4362	0.0011
4363	0.0246
4364	0.0437
4365	0.0
4366	0.0022
4367	0.0
4368	0.0011
4369	0.0022
4370	0.0011
4371	0.0067
4372	0.0011
4373	0.0
4374	0.0
4375	0.0034
4376	0.0
4377	0.0123
4378	0.0011
4379	0.0056
4380	0.0011
4381	0.0011
4382	0.0011
4383	0.0045
4384	0.0
4385	0.0
4386	0.0
4387	0.0
4388	0.0
4389	0.0
4390	0.0
4391	0.0
4392	0.0
4393	0.0011
4394	0.0011
4395	0.0034
4396	0.0011
4397	0.0011
4398	0.0101
4399	0.0011
4400	0.0056
4401	0.0101
4402	0.0
4403	0.0
4404	0.0011
4405	0.0011
4406	0.0011
4407	0.0011
4408	0.0011
4409	0.0078
4410	0.0
4411	0.0
4412	0.0022
4413	0.0
4414	0.0011
4415	0.019
4416	0.0123
4417	0.0
4418	0.0011
4419	0.0
4420	0.0
4421	0.0
4422	0.0168
4423	0.0011
4424	0.0
4425	0.0022
4426	0.0056
4427	0.0011
4428	0.0134
4429	0.0134
4430	0.0067
4431	0.0045
4432	0.009
4433	0.0269
4434	0.0022
4435	0.0034
4436	0.0022
4437	0.0784
4438	0.0067
4439	0.0011
4440	0.0067
4441	0.2262
4442	0.0202
4443	0.0078
4444	0.0011
4445	0.0011
4446	0.0022
4447	0.0157
4448	0.0403
4449	0.0011
4450	0.0011
4451	0.0101
4452	0.0011
4453	0.0
4454	0.0011
4455	0.0246
4456	0.0045
4457	0.0011
4458	0.0022
4459	0.0045
4460	0.0022
4461	0.0022
4462	0.0011
4463	0.0
4464	0.0011
4465	0.0045
4466	0.0
4467	0.0011
4468	0.0202
4469	0.0011
4470	0.0011
4471	0.0022
4472	0.0
4473	0.0011
4474	0.0022
4475	0.0011
4476	0.0179
4477	0.0022
4478	0.0011
4479	0.0011
4480	0.0
4481	0.0
4482	0.0078
4483	0.1713
4484	0.0
4485	0.0134
4486	0.0224
4487	0.0347
4488	0.056
4489	0.0168
4490	0.0011
4491	0.0011
4492	0.0022
4493	0.0011
4494	0.0011
4495	0.0011
4496	0.0034
4497	0.0011
4498	0.0011
4499	0.0
4500	0.0022
4501	0.0
4502	0.0022
4503	0.0011
4504	0.0022
4505	0.0
4506	0.0
4507	0.0022
4508	0.0011
4509	0.0123
4510	0.0
4511	0.0168
4512	0.0
4513	0.0
4514	0.0
4515	0.0
4516	0.0011
4517	0.0
4518	0.0
4519	0.0
4520	0.0
4521	0.0
4522	0.0
4523	0.0011
4524	0.0101
4525	0.0
4526	0.0056
4527	0.0157
4528	0.0
4529	0.0
4530	0.0101
4531	0.0157
4532	0.009
4533	0.0034
4534	0.0213
4535	0.0056
4536	0.0907
4537	0.0
4538	0.0011
4539	0.0
4540	0.0011
4541	0.0
4542	0.0101
4543	0.0022
4544	0.0
4545	0.0011
4546	0.0
4547	0.0504
4548	0.0
4549	0.0
4550	0.112
4551	0.0
4552	0.0
4553	0.0034
4554	0.0011
4555	0.0011
4556	0.0011
4557	0.0179
4558	0.0011
4559	0.0
4560	0.0034
4561	0.0
4562	0.0
4563	0.0123
4564	0.037
4565	0.0022
4566	0.0034
4567	0.0022
4568	0.0011
4569	0.0011
4570	0.0
4571	0.0
4572	0.0
4573	0.0
4574	0.0448
4575	0.0022
4576	0.0112
4577	0.0022
4578	0.0
4579	0.0
4580	0.0
4581	0.0034
4582	0.0056
4583	0.0
4584	0.0
4585	0.0
4586	0.0101
4587	0.0302
4588	0.0123
4589	0.0
4590	0.0
4591	0.0022
4592	0.0067
4593	0.0011
4594	0.0011
4595	0.0034
4596	0.0011
4597	0.0011
4598	0.0795
4599	0.0011
4600	0.0168
4601	0.0011
4602	0.0022
4603	0.0011
4604	0.0078
4605	0.0
4606	0.0
4607	0.0011
4608	0.0011
4609	0.0022
4610	0.0
4611	0.0011
4612	0.0011
4613	0.0
4614	0.0
4615	0.0011
4616	0.0078
4617	0.0011
4618	0.0045
4619	0.0011
4620	0.0
4621	0.0
4622	0.0011
4623	0.0022
4624	0.0022
4625	0.0045
4626	0.0056
4627	0.0011
4628	0.0
4629	0.0011
4630	0.0045
4631	0.0011
4632	0.2553
4633	0.0134
4634	0.0
4635	0.0011
4636	0.0011
4637	0.0
4638	0.0011
4639	0.0
4640	0.0022
4641	0.0011
4642	0.0
4643	0.0
4644	0.0011
4645	0.0011
4646	0.0
4647	0.0123
4648	0.0
4649	0.0011
4650	0.0
4651	0.0022
4652	0.009
4653	0.1277
4654	0.0022
4655	0.0022
4656	0.0
4657	0.0
4658	0.0
4659	0.0034
4660	0.0011
4661	0.0213
4662	0.0515
4663	0.0112
4664	0.0067
4665	0.0101
4666	0.0269
4667	0.0011
4668	0.0011
4669	0.0146
4670	0.0011
4671	0.0078
4672	0.0022
4673	0.1075
4674	0.0034
4675	0.0011
4676	0.0
4677	0.0
4678	0.0
4679	0.0
4680	0.0
4681	0.0224
4682	0.0157
4683	0.0011
4684	0.0
4685	0.0
4686	0.0638
4687	0.0258
4688	0.0661
4689	0.0011
4690	0.0
4691	0.0
4692	0.0011
4693	0.0022
4694	0.0011
4695	0.0011
4696	0.0011
4697	0.0011
4698	0.0011
4699	0.0011
4700	0.0011
4701	0.0011
4702	0.0011
4703	0.0011
4704	0.0011
4705	0.0034
4706	0.0034
4707	0.0011
4708	0.0011
4709	0.028
4710	0.009
4711	0.0011
4712	0.1355
4713	0.0
4714	0.0034
4715	0.0123
4716	0.0011
4717	0.0694
4718	0.0515
4719	0.0
4720	0.0011
4721	0.0022
4722	0.0
4723	0.0011
4724	0.0
4725	0.0403
4726	0.0168
4727	0.0011
4728	0.0
4729	0.0
4730	0.0
4731	0.0
4732	0.0
4733	0.0045
4734	0.0
4735	0.0
4736	0.0011
4737	0.0034
4738	0.0011
4739	0.0123
4740	0.0011
4741	0.0034
4742	0.0022
4743	0.0022
4744	0.0022
4745	0.0022
4746	0.0202
4747	0.0
4748	0.0426
4749	0.0034
4750	0.0034
4751	0.0045
4752	0.0011
4753	0.0011
4754	0.0011
4755	0.0011
4756	0.0381
4757	0.0067
4758	0.0
4759	0.0011
4760	0.0078
4761	0.0011
4762	0.0011
4763	0.0011
4764	0.0594
4765	0.0045
4766	0.0011
4767	0.0157
4768	0.0
4769	0.0
4770	0.0
4771	0.0034
4772	0.0
4773	0.0011
4774	0.0146
4775	0.0
4776	0.0
4777	0.0022
4778	0.0011
4779	0.0
4780	0.0
4781	0.0302
4782	0.0022
4783	0.0
4784	0.0
4785	0.0011
4786	0.0034
4787	0.0011
4788	0.0224
4789	0.0022
4790	0.0011
4791	0.0011
4792	0.0694
4793	0.0022
4794	0.0011
4795	0.0817
4796	0.0045
4797	0.0
4798	0.0045
4799	0.0022
4800	0.0011
4801	0.0011
4802	0.0
4803	0.0011
4804	0.0011
4805	0.0022
4806	0.0011
4807	0.0011
4808	0.0
4809	0.0
4810	0.0011
4811	0.0
4812	0.0
4813	0.0515
4814	0.0224
4815	0.0
4816	0.0011
4817	0.0011
4818	0.0314
4819	0.0011
4820	0.0
4821	0.0022
4822	0.0
4823	0.0011
4824	0.1131
4825	0.0022
4826	0.0011
4827	0.0011
4828	0.1881
4829	0.0873
4830	0.0011
4831	0.0
4832	0.0078
4833	0.0067
4834	0.0011
4835	0.0011
4836	0.0011
4837	0.0022
4838	0.0022
4839	0.0011
4840	0.0045
4841	0.0011
4842	0.0022
4843	0.0269
4844	0.0022
4845	0.0011
4846	0.0381
4847	0.0011
4848	0.0011
4849	0.0022
4850	0.0034
4851	0.0034
4852	0.0034
4853	0.0056
4854	0.0022
4855	0.0022
4856	0.0034
4857	0.0011
4858	0.0011
4859	0.0336
4860	0.0022
4861	0.0011
4862	0.0045
4863	0.0011
4864	0.0045
4865	0.0
4866	0.0022
4867	0.0011
4868	0.0011
4869	0.0011
4870	0.0022
4871	0.0011
4872	0.0011
4873	0.0011
4874	0.0034
4875	0.0
4876	0.0
4877	0.0
4878	0.0
4879	0.0314
4880	0.0
4881	0.0045
4882	0.0034
4883	0.0056
4884	0.0045
4885	0.0045
4886	0.0
4887	0.0
4888	0.0
4889	0.0022
4890	0.0011
4891	0.0078
4892	0.0
4893	0.0056
4894	0.0885
4895	0.0
4896	0.0
4897	0.0011
4898	0.0123
4899	0.1892
4900	0.0011
4901	0.0022
4902	0.0
4903	0.0022
4904	0.0022
4905	0.0011
4906	0.0022
4907	0.0
4908	0.0011
4909	0.0022
4910	0.0022
4911	0.0011
4912	0.0022
4913	0.0011
4914	0.0022
4915	0.0067
4916	0.0011
4917	0.0011
4918	0.0011
4919	0.0011
4920	0.0022
4921	0.0011
4922	0.0022
4923	0.0034
4924	0.0112
4925	0.0022
4926	0.0078
4927	0.0011
4928	0.0
4929	0.0101
4930	0.0
4931	0.0011
4932	0.0022
4933	0.0034
4934	0.0067
4935	0.0011
4936	0.0022
4937	0.019
4938	0.0134
4939	0.0
4940	0.0
4941	0.0
4942	0.0
4943	0.0347
4944	0.0045
4945	0.0011
4946	0.0
4947	0.0112
4948	0.2396
4949	0.0
4950	0.0011
4951	0.0011
4952	0.0034
4953	0.0
4954	0.0
4955	0.0
4956	0.0
4957	0.0011
4958	0.0
4959	0.0
4960	0.009
4961	0.0
4962	0.0
4963	0.0146
4964	0.0672
4965	0.0011
4966	0.028
4967	0.4043
4968	0.0
4969	0.0011
4970	0.009
4971	0.0011
4972	0.0022
4973	0.009
4974	0.0493
4975	0.0022
4976	0.0258
4977	0.0034
4978	0.0011
4979	0.0011
4980	0.0179
4981	0.0594
4982	0.0482
4983	0.0045
4984	0.0
4985	0.0011
4986	0.0011
4987	0.0
4988	0.0258
4989	0.0078
4990	0.0
4991	0.0
4992	0.0045
4993	0.0045
4994	0.0213
4995	0.0011
4996	0.0011
4997	0.0
4998	0.0
4999	0.0
5000	0.0011
5001	0.0011
5002	0.1288
5003	0.0022
5004	0.0
5005	0.0011
5006	0.0314
5007	0.0
5008	0.0302
5009	0.0157
5010	0.0045
5011	0.0112
5012	0.0157
5013	0.0078
5014	0.0
5015	0.0157
5016	0.0112
5017	0.0101
5018	0.0011
5019	0.0011
5020	0.1557
5021	0.0
5022	0.1926
5023	0.0
5024	0.0045
5025	0.0
5026	0.0
5027	0.0
5028	0.0482
5029	0.0291
5030	0.0
5031	0.0011
5032	0.0022
5033	0.0
5034	0.0
5035	0.0011
5036	0.0045
5037	0.0202
5038	0.0056
5039	0.0078
5040	0.0034
5041	0.0
5042	0.0
5043	0.0022
5044	0.0
5045	0.0
5046	0.0022
5047	0.0011
5048	0.0067
5049	0.0
5050	0.0123
5051	0.009
5052	0.0011
5053	0.0582
5054	0.0022
5055	0.0
5056	0.0
5057	0.0011
5058	0.0
5059	0.0291
5060	0.0034
5061	0.0146
5062	0.0011
5063	0.0011
5064	0.0011
5065	0.0011
5066	0.0
5067	0.0022
5068	0.0112
5069	0.0056
5070	0.0045
5071	0.0011
5072	0.0034
5073	0.0
5074	0.0
5075	0.0
5076	0.0
5077	0.0011
5078	0.0034
5079	0.3035
5080	0.0034
5081	0.0056
5082	0.0
5083	0.0
5084	0.0011
5085	0.0045
5086	0.0011
5087	0.0011
5088	0.0011
5089	0.009
5090	0.0034
5091	0.0011
5092	0.0
5093	0.0011
5094	0.0
5095	0.0034
5096	0.0157
5097	0.0011
5098	0.0022
5099	0.0157
5100	0.0
5101	0.0
5102	0.0605
5103	0.1422
5104	0.0034
5105	0.0011
5106	0.037
5107	0.0
5108	0.0
5109	0.0011
5110	0.0941
5111	0.0078
5112	0.0011
5113	0.0
5114	0.0045
5115	0.0
5116	0.0011
5117	0.0022
5118	0.0146
5119	0.0202
5120	0.0
5121	0.0101
5122	0.0011
5123	0.0773
5124	0.0011
5125	0.0605
5126	0.0034
5127	0.0011
5128	0.0011
5129	0.0011
5130	0.0
5131	0.0
5132	0.0
5133	0.0
5134	0.0
5135	0.0011
5136	0.0011
5137	0.0
5138	0.0011
5139	0.0123
5140	0.0571
5141	0.0011
5142	0.0045
5143	0.0179
5144	0.0
5145	0.0
5146	0.0
5147	0.0
5148	0.0
5149	0.0
5150	0.0146
5151	0.0034
5152	0.0045
5153	0.0056
5154	0.0034
5155	0.0269
5156	0.0
5157	0.0
5158	0.0011
5159	0.0011
5160	0.0134
5161	0.0011
5162	0.0056
5163	0.0011
5164	0.0022
5165	0.0
5166	0.0538
5167	0.0011
5168	0.0
5169	0.0
5170	0.0
5171	0.0459
5172	0.0325
5173	0.1366
5174	0.0067
5175	0.0392
5176	0.1557
5177	0.1131
5178	0.0213
5179	0.243
5180	0.0549
5181	0.0459
5182	0.0157
5183	0.0011
5184	0.0761
5185	0.1702
5186	0.0022
5187	0.0347
5188	0.2363
5189	0.3494
5190	0.0896
5191	0.0112
5192	0.0011
5193	0.0202
5194	0.0112
5195	0.0045
5196	0.0358
5197	0.0034
5198	0.0067
5199	0.0246
5200	0.0168
5201	0.0168
5202	0.0022
5203	0.0168
5204	0.0
5205	0.0
5206	0.0
5207	0.0146
5208	0.0
5209	0.0011
5210	0.0
5211	0.0
5212	0.0
5213	0.0011
5214	0.0011
5215	0.009
5216	0.0011
5217	0.0235
5218	0.0011
5219	0.0011
5220	0.0011
5221	0.0011
5222	0.0011
5223	0.0
5224	0.0011
5225	0.0011
5226	0.019
5227	0.0011
5228	0.0011
5229	0.0011
5230	0.0011
5231	0.0
5232	0.0022
5233	0.0269
5234	0.0
5235	0.0
5236	0.0
5237	0.0
5238	0.0034
5239	0.0011
5240	0.0
5241	0.0022
5242	0.0011
5243	0.0213
5244	0.0011
5245	0.0
5246	0.0493
5247	0.0022
5248	0.0022
5249	0.0011
5250	0.0157
5251	0.0011
5252	0.0011
5253	0.0
5254	0.037
5255	0.009
5256	0.0
5257	0.0
5258	0.0
5259	0.0
5260	0.0
5261	0.0022
5262	0.0661
5263	0.084
5264	0.0078
5265	0.0011
5266	0.0
5267	0.0022
5268	0.0
5269	0.0011
5270	0.0
5271	0.0
5272	0.0
5273	0.0134
5274	0.0
5275	0.0022
5276	0.0101
5277	0.0011
5278	0.0011
5279	0.0
5280	0.0011
5281	0.0011
5282	0.0045
5283	0.0022
5284	0.0022
5285	0.0235
5286	0.0112
5287	0.0011
5288	0.0
5289	0.0067
5290	0.0011
5291	0.0011
5292	0.0
5293	0.0
5294	0.0011
5295	0.0246
5296	0.0179
5297	0.0
5298	0.0
5299	0.0011
5300	0.0011
5301	0.0683
5302	0.0
5303	0.0
5304	0.0
5305	0.0
5306	0.0011
5307	0.0
5308	0.0
5309	0.0
5310	0.0
5311	0.0
5312	0.0101
5313	0.0134
5314	0.0011
5315	0.0011
5316	0.0269
5317	0.0202
5318	0.0
5319	0.0
5320	0.0123
5321	0.0358
5322	0.0011
5323	0.0034
5324	0.0179
5325	0.0
5326	0.0
5327	0.0
5328	0.0011
5329	0.0022
5330	0.0011
5331	0.0
5332	0.0067
5333	0.0034
5334	0.0078
5335	0.0
5336	0.0034
5337	0.0011
5338	0.0
5339	0.0112
5340	0.0
5341	0.0022
5342	0.0336
5343	0.0022
5344	0.0034
5345	0.0011
5346	0.0011
5347	0.0022
5348	0.0011
5349	0.0
5350	0.0
5351	0.0
5352	0.0034
5353	0.0011
5354	0.0
5355	0.0011
5356	0.0011
5357	0.0011
5358	0.0011
5359	0.0
5360	0.0168
5361	0.0067
5362	0.0
5363	0.0
5364	0.0
5365	0.0011
5366	0.0022
5367	0.0011
5368	0.0
5369	0.0
5370	0.0011
5371	0.0011
5372	0.0011
5373	0.0011
5374	0.0011
5375	0.0
5376	0.0011
5377	0.0011
5378	0.019
5379	0.0
5380	0.0022
5381	0.0045
5382	0.0213
5383	0.0
5384	0.0022
5385	0.0011
5386	0.0034
5387	0.0011
5388	0.0
5389	0.0
5390	0.0022
5391	0.0414
5392	0.0
5393	0.0
5394	0.0
5395	0.0011
5396	0.0134
5397	0.0011
5398	0.0022
5399	0.009
5400	0.0045
5401	0.0034
5402	0.0
5403	0.0
5404	0.0448
5405	0.0045
5406	0.0011
5407	0.0
5408	0.0
5409	0.0
5410	0.0011
5411	0.0
5412	0.0
5413	0.0011
5414	0.0
5415	0.0011
5416	0.0011
5417	0.0
5418	0.0011
5419	0.0101
5420	0.0
5421	0.0045
5422	0.0011
5423	0.0538
5424	0.0022
5425	0.0
5426	0.0
5427	0.0414
5428	0.0034
5429	0.0011
5430	0.0067
5431	0.0011
5432	0.0045
5433	0.0
5434	0.0
5435	0.0011
5436	0.0011
5437	0.0291
5438	0.0011
5439	0.0739
5440	0.0022
5441	0.0
5442	0.0
5443	0.0
5444	0.0
5445	0.0705
5446	0.0291
5447	0.0022
5448	0.0034
5449	0.0
5450	0.0
5451	0.0
5452	0.019
5453	0.0
5454	0.0213
5455	0.009
5456	0.0022
5457	0.0493
5458	0.0
5459	0.0
5460	0.0011
5461	0.0011
5462	0.0213
5463	0.0
5464	0.0
5465	0.0
5466	0.0022
5467	0.0
5468	0.0112
5469	0.0
5470	0.0
5471	0.0
5472	0.0179
5473	0.0011
5474	0.009
5475	0.0022
5476	0.0011
5477	0.0011
5478	0.0101
5479	0.0314
5480	0.0034
5481	0.0
5482	0.0134
5483	0.0011
5484	0.0246
5485	0.0235
5486	0.0011
5487	0.0336
5488	0.0011
5489	0.0134
5490	0.0011
5491	0.0011
5492	0.0
5493	0.0
5494	0.0011
5495	0.0045
5496	0.0011
5497	0.0011
5498	0.0
5499	0.0034
5500	0.0011
5501	0.0034
5502	0.0
5503	0.0
5504	0.0022
5505	0.0011
5506	0.0
5507	0.0011
5508	0.0011
5509	0.0
5510	0.0011
5511	0.0034
5512	0.0022
5513	0.0
5514	0.0
5515	0.0078
5516	0.0022
5517	0.0011
5518	0.0011
5519	0.0011
5520	0.0022
5521	0.0034
5522	0.0011
5523	0.0011
5524	0.4356
5525	0.0011
5526	0.0067
5527	0.0022
5528	0.0067
5529	0.0437
5530	0.0011
5531	0.2721
5532	0.0291
5533	0.0
5534	0.0157
5535	0.0011
5536	0.0034
5537	0.0011
5538	0.0
5539	0.0
5540	0.0034
5541	0.0011
5542	0.0011
5543	0.1534
5544	0.0045
5545	0.0
5546	0.0
5547	0.0
5548	0.0011
5549	0.0112
5550	0.0123
5551	0.009
5552	0.009
5553	0.0515
5554	0.0011
5555	0.0011
5556	0.0
5557	0.0
5558	0.0034
5559	0.0
5560	0.0
5561	0.0011
5562	0.0146
5563	0.0022
5564	0.0
5565	0.0034
5566	0.0011
5567	0.0011
5568	0.0
5569	0.0011
5570	0.0
5571	0.0011
5572	0.0011
5573	0.0011
5574	0.0
5575	0.0
5576	0.0011
5577	0.009
5578	0.0011
5579	0.0022
5580	0.0022
5581	0.0022
5582	0.1176
5583	0.0022
5584	0.0134
5585	0.0
5586	0.0
5587	0.0011
5588	0.0
5589	0.0123
5590	0.0056
5591	0.0302
5592	0.0
5593	0.0
5594	0.0011
5595	0.0011
5596	0.0336
5597	0.0
5598	0.0011
5599	0.0011
5600	0.009
5601	0.0022
5602	0.0011
5603	0.0034
5604	0.0078
5605	0.0123
5606	0.0314
5607	0.0011
5608	0.0179
5609	0.0011
5610	0.0022
5611	0.0011
5612	0.0739
5613	0.0011
5614	0.0078
5615	0.0034
5616	0.0168
5617	0.0246
5618	0.0
5619	0.0
5620	0.0078
5621	0.0
5622	0.0022
5623	0.0022
5624	0.0314
5625	0.0011
5626	0.0045
5627	0.0034
5628	0.0011
5629	0.0011
5630	0.0403
5631	0.0
5632	0.0
5633	0.0011
5634	0.0
5635	0.0
5636	0.0011
5637	0.0
5638	0.0
5639	0.0045
5640	0.0022
5641	0.0
5642	0.0
5643	0.0
5644	0.0235
5645	0.0011
5646	0.0022
5647	0.009
5648	0.0011
5649	0.0022
5650	0.0022
5651	0.0011
5652	0.0011
5653	0.0011
5654	0.0
5655	0.1557
5656	0.0056
5657	0.0022
5658	0.0112
5659	0.0011
5660	0.0022
5661	0.0034
5662	0.0045
5663	0.0
5664	0.0
5665	0.0
5666	0.0056
5667	0.0056
5668	0.0045
5669	0.0011
5670	0.0022
5671	0.0034
5672	0.0
5673	0.0
5674	0.0011
5675	0.009
5676	0.0011
5677	0.0
5678	0.0011
5679	0.0
5680	0.0045
5681	0.0
5682	0.0011
5683	0.0
5684	0.0202
5685	0.0011
5686	0.0034
5687	0.0011
5688	0.0011
5689	0.0011
5690	0.0011
5691	0.0549
5692	0.0235
5693	0.0
5694	0.0
5695	0.0011
5696	0.056
5697	0.2576
5698	0.0011
5699	0.0
5700	0.0
5701	0.0
5702	0.0112
5703	0.0011
5704	0.0045
5705	0.0034
5706	0.0
5707	0.0045
5708	0.0078
5709	0.0123
5710	0.0011
5711	0.0011
5712	0.0011
5713	0.0011
5714	0.0493
5715	0.0
5716	0.0
5717	0.0011
5718	0.0011
5719	0.0
5720	0.0034
5721	0.0112
5722	0.0034
5723	0.0
5724	0.0
5725	0.0
5726	0.0
5727	0.0
5728	0.0
5729	0.0011
5730	0.0011
5731	0.0022
5732	0.0
5733	0.0011
5734	0.0
5735	0.0011
5736	0.0
5737	0.0
5738	0.0157
5739	0.0504
5740	0.0
5741	0.0146
5742	0.0
5743	0.0
5744	0.0011
5745	0.0
5746	0.0011
5747	0.0022
5748	0.0011
5749	0.0022
5750	0.0045
5751	0.0011
5752	0.0011
5753	0.0045
5754	0.0
5755	0.0011
5756	0.0
5757	0.0011
5758	0.0
5759	0.0
5760	0.0034
5761	0.0101
5762	0.0
5763	0.0045
5764	0.0011
5765	0.0011
5766	0.0011
5767	0.0
5768	0.0146
5769	0.0045
5770	0.0067
5771	0.0101
5772	0.0168
5773	0.084
5774	0.0011
5775	0.047
5776	0.0157
5777	0.0
5778	0.0
5779	0.0
5780	0.0
5781	0.0011
5782	0.0
5783	0.0258
5784	0.0011
5785	0.0022
5786	0.0011
5787	0.0358
5788	0.0056
5789	0.0011
5790	0.0011
5791	0.0
5792	0.0
5793	0.0
5794	0.0011
5795	0.0
5796	0.2139
5797	0.0034
5798	0.0134
5799	0.0258
5800	0.2486
5801	0.0022
5802	0.4311
5803	0.0022
5804	0.037
5805	0.0179
5806	0.0929
5807	0.0302
5808	0.0067
5809	0.0235
5810	0.0325
5811	0.0885
5812	0.0459
5813	0.0022
5814	0.1613
5815	0.0056
5816	0.0941
5817	0.084
5818	0.075
5819	0.0683
5820	0.0224
5821	0.0246
5822	0.1097
5823	0.0134
5824	0.0459
5825	0.0
5826	0.0
5827	0.0168
5828	0.0
5829	0.0134
5830	0.0
5831	0.0
5832	0.0
5833	0.0011
5834	0.0067
5835	0.0
5836	0.0123
5837	0.0011
5838	0.0
5839	0.0459
5840	0.0011
5841	0.0011
5842	0.0011
5843	0.0
5844	0.0
5845	0.0
5846	0.0034
5847	0.0
5848	0.0
5849	0.0
5850	0.0
5851	0.0
5852	0.0011
5853	0.0011
5854	0.0011
5855	0.009
5856	0.0011
5857	0.103
5858	0.0
5859	0.0179
5860	0.0
5861	0.0022
5862	0.0269
5863	0.0
5864	0.0011
5865	0.0
5866	0.0011
5867	0.0
5868	0.0034
5869	0.0
5870	0.0
5871	0.056
5872	0.0302
5873	0.0067
5874	0.0011
5875	0.0011
5876	0.0011
5877	0.0078
5878	0.0011
5879	0.0
5880	0.0
5881	0.0
5882	0.0
5883	0.0022
5884	0.0022
5885	0.0034
5886	0.0
5887	0.0011
5888	0.0011
5889	0.0011
5890	0.0056
5891	0.0
5892	0.0022
5893	0.0
5894	0.0
5895	0.0011
5896	0.0112
5897	0.0022
5898	0.0
5899	0.0022
5900	0.0
5901	0.0
5902	0.0011
5903	0.0011
5904	0.0
5905	0.0
5906	0.0
5907	0.0011
5908	0.0213
5909	0.0022
5910	0.0011
5911	0.0022
5912	0.0
5913	0.0056
5914	0.0022
5915	0.0582
5916	0.0101
5917	0.0011
5918	0.0
5919	0.0022
5920	0.0112
5921	0.0045
5922	0.0078
5923	0.0034
5924	0.0011
5925	0.0
5926	0.0
5927	0.0112
5928	0.0045
5929	0.0
5930	0.0034
5931	0.0
5932	0.037
5933	0.0045
5934	0.047
5935	0.0123
5936	0.0022
5937	0.0011
5938	0.0022
5939	0.0034
5940	0.0146
5941	0.0011
5942	0.0045
5943	0.0011
5944	0.0011
5945	0.0101
5946	0.0045
5947	0.0
5948	0.0
5949	0.0034
5950	0.0045
5951	0.0
5952	0.0157
5953	0.0
5954	0.0
5955	0.0
5956	0.0
5957	0.0
5958	0.0034
5959	0.0011
5960	0.0045
5961	0.0123
5962	0.0022
5963	0.0
5964	0.0011
5965	0.0034
5966	0.0078
5967	0.0011
5968	0.0
5969	0.0056
5970	0.0011
5971	0.0
5972	0.0022
5973	0.0
5974	0.0
5975	0.0
5976	0.0
5977	0.0
5978	0.0011
5979	0.0
5980	0.009
5981	0.0067
5982	0.0045
5983	0.0011
5984	0.0112
5985	0.0011
5986	0.0011
5987	0.0011
5988	0.0045
5989	0.0011
5990	0.0011
5991	0.0
5992	0.0011
5993	0.0034
5994	0.0
5995	0.0022
5996	0.0
5997	0.0022
5998	0.0907
5999	0.0224
6000	0.0112
6001	0.0056
6002	0.0011
6003	0.0011
6004	0.0067
6005	0.0011
6006	0.0761
6007	0.0067
6008	0.0
6009	0.0
6010	0.0
6011	0.0
6012	0.0
6013	0.0034
6014	0.0011
6015	0.0034
6016	0.0112
6017	0.0022
6018	0.0011
6019	0.0011
6020	0.028
6021	0.0
6022	0.0011
6023	0.0336
6024	0.019
6025	0.0
6026	0.0034
6027	0.0
6028	0.0011
6029	0.0022
6030	0.0011
6031	0.0022
6032	0.0896
6033	0.0011
6034	0.0011
6035	0.0011
6036	0.0011
6037	0.0011
6038	0.0067
6039	0.0011
6040	0.0
6041	0.0
6042	0.0011
6043	0.0437
6044	0.0022
6045	0.0078
6046	0.0022
6047	0.0045
6048	0.0011
6049	0.0034
6050	0.0011
6051	0.0011
6052	0.0011
6053	0.0011
6054	0.0
6055	0.0
6056	0.0011
6057	0.0011
6058	0.0011
6059	0.0
6060	0.0011
6061	0.0011
6062	0.0022
6063	0.0011
6064	0.0045
6065	0.0
6066	0.0011
6067	0.0011
6068	0.0358
6069	0.0056
6070	0.0034
6071	0.0034
6072	0.0605
6073	0.0011
6074	0.0011
6075	0.0202
6076	0.0
6077	0.0011
6078	0.0
6079	0.0011
6080	0.0
6081	0.0034
6082	0.0202
6083	0.0
6084	0.0
6085	0.0
6086	0.0
6087	0.0
6088	0.0
6089	0.0011
6090	0.0
6091	0.0011
6092	0.0011
6093	0.0056
6094	0.0123
6095	0.0
6096	0.0
6097	0.0291
6098	0.0011
6099	0.0
6100	0.0011
6101	0.0
6102	0.0
6103	0.0
6104	0.0
6105	0.0
6106	0.0
6107	0.0
6108	0.0045
6109	0.0
6110	0.0011
6111	0.0
6112	0.0011
6113	0.0011
6114	0.0022
6115	0.0
6116	0.0022
6117	0.0
6118	0.0022
6119	0.0034
6120	0.0011
6121	0.0022
6122	0.0
6123	0.0269
6124	0.0
6125	0.0
6126	0.0123
6127	0.0034
6128	0.0022
6129	0.0011
6130	0.0011
6131	0.0
6132	0.0022
6133	0.0045
6134	0.0078
6135	0.0022
6136	0.0
6137	0.0
6138	0.0
6139	0.0011
6140	0.0
6141	0.0011
6142	0.0011
6143	0.0011
6144	0.0011
6145	0.0011
6146	0.0101
6147	0.0011
6148	0.0
6149	0.0
6150	0.0011
6151	0.0146
6152	0.0011
6153	0.0011
6154	0.0
6155	0.0011
6156	0.0246
6157	0.0034
6158	0.0011
6159	0.0
6160	0.0034
6161	0.0
6162	0.0
6163	0.0
6164	0.0
6165	0.0045
6166	0.0
6167	0.0
6168	0.0011
6169	0.0034
6170	0.0157
6171	0.0
6172	0.0
6173	0.0
6174	0.0112
6175	0.0011
6176	0.0034
6177	0.0022
6178	0.0011
6179	0.0078
6180	0.0034
6181	0.0011
6182	0.0034
6183	0.0011
6184	0.0022
6185	0.0011
6186	0.0011
6187	0.0011
6188	0.0011
6189	0.0
6190	0.0034
6191	0.0011
6192	0.0022
6193	0.0011
6194	0.0
6195	0.0
6196	0.0022
6197	0.0022
6198	0.0157
6199	0.0011
6200	0.0067
6201	0.0022
6202	0.0034
6203	0.0011
6204	0.0134
6205	0.0011
6206	0.0011
6207	0.0045
6208	0.0034
6209	0.0
6210	0.0
6211	0.0
6212	0.0034
6213	0.0034
6214	0.0011
6215	0.0011
6216	0.0056
6217	0.0347
6218	0.0594
6219	0.0045
6220	0.0202
6221	0.0347
6222	0.0011
6223	0.019
6224	0.0011
6225	0.0
6226	0.0
6227	0.0022
6228	0.0011
6229	0.0213
6230	0.0022
6231	0.0
6232	0.0034
6233	0.0
6234	0.0
6235	0.0
6236	0.0011
6237	0.0
6238	0.0
6239	0.0056
6240	0.0011
6241	0.084
6242	0.0056
6243	0.0392
6244	0.0011
6245	0.009
6246	0.0
6247	0.0011
6248	0.0112
6249	0.0
6250	0.0
6251	0.0
6252	0.0022
6253	0.0011
6254	0.0011
6255	0.0
6256	0.0
6257	0.0
6258	0.0011
6259	0.0
6260	0.0
6261	0.0
6262	0.0011
6263	0.0045
6264	0.0011
6265	0.0011
6266	0.0011
6267	0.0
6268	0.0
6269	0.0
6270	0.0985
6271	0.0123
6272	0.0851
6273	0.0011
6274	0.0101
6275	0.0011
6276	0.0011
6277	0.0
6278	0.0
6279	0.0
6280	0.0582
6281	0.0011
6282	0.0011
6283	0.0
6284	0.0
6285	0.0
6286	0.0034
6287	0.0011
6288	0.0011
6289	0.0
6290	0.0
6291	0.0011
6292	0.0011
6293	0.0011
6294	0.0011
6295	0.0034
6296	0.0
6297	0.0011
6298	0.0078
6299	0.0873
6300	0.0
6301	0.0011
6302	0.0
6303	0.0
6304	0.0011
6305	0.2128
6306	0.0
6307	0.0
6308	0.0
6309	0.0
6310	0.0
6311	0.0011
6312	0.0034
6313	0.0022
6314	0.0112
6315	0.0011
6316	0.0213
6317	0.0056
6318	0.0
6319	0.0022
6320	0.0258
6321	0.0
6322	0.0
6323	0.0493
6324	0.0067
6325	0.0056
6326	0.0022
6327	0.1209
6328	0.0
6329	0.0
6330	0.0011
6331	0.0034
6332	0.0011
6333	0.0022
6334	0.0045
6335	0.0
6336	0.0
6337	0.0
6338	0.0
6339	0.0034
6340	0.0
6341	0.0
6342	0.0
6343	0.0
6344	0.0022
6345	0.0
6346	0.019
6347	0.0123
6348	0.0011
6349	0.0011
6350	0.0011
6351	0.0011
6352	0.0
6353	0.0
6354	0.0
6355	0.0011
6356	0.0022
6357	0.0
6358	0.0
6359	0.0907
6360	0.0392
6361	0.0
6362	0.0
6363	0.0
6364	0.0
6365	0.0
6366	0.0011
6367	0.0022
6368	0.0
6369	0.0
6370	0.0
6371	0.0011
6372	0.0
6373	0.0
6374	0.0011
6375	0.0011
6376	0.0
6377	0.019
6378	0.0022
6379	0.0011
6380	0.0045
6381	0.0034
6382	0.0
6383	0.0034
6384	0.0
6385	0.0
6386	0.0
6387	0.0011
6388	0.0
6389	0.0011
6390	0.0
6391	0.0011
6392	0.0011
6393	0.0011
6394	0.009
6395	0.0011
6396	0.0011
6397	0.0011
6398	0.0325
6399	0.0011
6400	0.0
6401	0.0
6402	0.0
6403	0.0
6404	0.0
6405	0.0
6406	0.0022
6407	0.0
6408	0.0034
6409	0.0
6410	0.0011
6411	0.0011
6412	0.0011
6413	0.0011
6414	0.0235
6415	0.0045
6416	0.0022
6417	0.0
6418	0.0
6419	0.0
6420	0.0
6421	0.0258
6422	0.0123
6423	0.0011
6424	0.0022
6425	0.0
6426	0.0011
6427	0.0
6428	0.0034
6429	0.0011
6430	0.0011
6431	0.0011
6432	0.0
6433	0.0
6434	0.0
6435	0.0
6436	0.0034
6437	0.0
6438	0.0
6439	0.0011
6440	0.0034
6441	0.0
6442	0.0045
6443	0.0784
6444	0.0011
6445	0.0078
6446	0.0011
6447	0.0134
6448	0.0011
6449	0.0
6450	0.0011
6451	0.0011
6452	0.0022
6453	0.0011
6454	0.0011
6455	0.0011
6456	0.0034
6457	0.0022
6458	0.0314
6459	0.0022
6460	0.0649
6461	0.0067
6462	0.0034
6463	0.0
6464	0.0
6465	0.0
6466	0.0011
6467	0.009
6468	0.0011
6469	0.0022
6470	0.0011
6471	0.0056
6472	0.0
6473	0.0
6474	0.0011
6475	0.0
6476	0.0
6477	0.0011
6478	0.0011
6479	0.0146
6480	0.0011
6481	0.0
6482	0.0
6483	0.0314
6484	0.0112
6485	0.0011
6486	0.0952
6487	0.0045
6488	0.0246
6489	0.0022
6490	0.0022
6491	0.0045
6492	0.0022
6493	0.0011
6494	0.1131
6495	0.0022
6496	0.0
6497	0.0011
6498	0.0
6499	0.0
6500	0.009
6501	0.019
6502	0.0134
6503	0.0045
6504	0.0078
6505	0.0
6506	0.0011
6507	0.0011
6508	0.0011
6509	0.0011
6510	0.0605
6511	0.0
6512	0.0
6513	0.0011
6514	0.0011
6515	0.0011
6516	0.0011
6517	0.0022
6518	0.037
6519	0.0011
6520	0.0022
6521	0.0011
6522	0.0325
6523	0.037
6524	0.009
6525	0.019
6526	0.0123
6527	0.0011
6528	0.0
6529	0.0
6530	0.0
6531	0.0
6532	0.0
6533	0.0011
6534	0.0011
6535	0.0011
6536	0.0022
6537	0.0056
6538	0.0235
6539	0.0011
6540	0.0
6541	0.0011
6542	0.0011
6543	0.0
6544	0.0011
6545	0.0056
6546	0.0022
6547	0.0011
6548	0.0112
6549	0.0
6550	0.0101
6551	0.0022
6552	0.0325
6553	0.0
6554	0.0
6555	0.0392
6556	0.0
6557	0.0
6558	0.0
6559	0.0
6560	0.0482
6561	0.0034
6562	0.0
6563	0.0649
6564	0.0
6565	0.0011
6566	0.0
6567	0.0
6568	0.0
6569	0.0
6570	0.0045
6571	0.0
6572	0.0011
6573	0.0011
6574	0.0011
6575	0.0011
6576	0.0
6577	0.0112
6578	0.0011
6579	0.0011
6580	0.0011
6581	0.0011
6582	0.0011
6583	0.0011
6584	0.0011
6585	0.0011
6586	0.0011
6587	0.0011
6588	0.0011
6589	0.0
6590	0.0
6591	0.0
6592	0.0011
6593	0.0
6594	0.0
6595	0.0134
6596	0.1982
6597	0.0
6598	0.0067
6599	0.0
6600	0.0
6601	0.0011
6602	0.0011
6603	0.0011
6604	0.0011
6605	0.0112
6606	0.0
6607	0.0045
6608	0.0202
6609	0.0078
6610	0.0
6611	0.0168
6612	0.0078
6613	0.0101
6614	0.0022
6615	0.1792
6616	0.0202
6617	0.0011
6618	0.1019
6619	0.1165
6620	0.1041
6621	0.0
6622	0.0056
6623	0.0
6624	0.1512
6625	0.0034
6626	0.0101
6627	0.056
6628	0.0
6629	0.0
6630	0.0011
6631	0.0
6632	0.0
6633	0.0011
6634	0.0034
6635	0.0101
6636	0.0022
6637	0.0
6638	0.0011
6639	0.0011
6640	0.0
6641	0.0
6642	0.0
6643	0.0022
6644	0.0011
6645	0.0022
6646	0.0045
6647	0.0011
6648	0.0034
6649	0.0291
6650	0.0011
6651	0.0011
6652	0.0011
6653	0.0011
6654	0.0011
6655	0.0078
6656	0.0011
6657	0.0123
6658	0.0056
6659	0.0
6660	0.0011
6661	0.0
6662	0.0
6663	0.0
6664	0.0
6665	0.0325
6666	0.0067
6667	0.0
6668	0.0
6669	0.0
6670	0.0
6671	0.0045
6672	0.0011
6673	0.0011
6674	0.0011
6675	0.0011
6676	0.0067
6677	0.0011
6678	0.0011
6679	0.0011
6680	0.0
6681	0.0
6682	0.0
6683	0.0034
6684	0.0011
6685	0.0
6686	0.0
6687	0.0011
6688	0.0011
6689	0.0011
6690	0.0011
6691	0.0
6692	0.0067
6693	0.0
6694	0.0
6695	0.0022
6696	0.0022
6697	0.0011
6698	0.0011
6699	0.0
6700	0.0
6701	0.0011
6702	0.0112
6703	0.0011
6704	0.0
6705	0.0011
6706	0.0034
6707	0.0
6708	0.0
6709	0.0022
6710	0.0022
6711	0.0078
6712	0.0123
6713	0.0045
6714	0.112
6715	0.0
6716	0.0
6717	0.0045
6718	0.0011
6719	0.0034
6720	0.0
6721	0.0
6722	0.0
6723	0.0
6724	0.0
6725	0.0
6726	0.0134
6727	0.0011
6728	0.0011
6729	0.0011
6730	0.0011
6731	0.0011
6732	0.0011
6733	0.0
6734	0.0022
6735	0.0011
6736	0.037
6737	0.0011
6738	0.0011
6739	0.0
6740	0.0
6741	0.0
6742	0.0
6743	0.0
6744	0.0022
6745	0.0011
6746	0.0022
6747	0.0045
6748	0.0
6749	0.0011
6750	0.0
6751	0.0022
6752	0.0011
6753	0.0045
6754	0.0
6755	0.0022
6756	0.0
6757	0.0
6758	0.0112
6759	0.0034
6760	0.0022
6761	0.0011
6762	0.0
6763	0.0
6764	0.0011
6765	0.0011
6766	0.0246
6767	0.0022
6768	0.0011
6769	0.0
6770	0.0067
6771	0.0022
6772	0.0862
6773	0.0011
6774	0.0269
6775	0.0034
6776	0.0034
6777	0.0
6778	0.0
6779	0.0034
6780	0.0067
6781	0.009
6782	0.0011
6783	0.0045
6784	0.047
6785	0.0
6786	0.0
6787	0.0011
6788	0.0
6789	0.0123
6790	0.0123
6791	0.0
6792	0.0
6793	0.0011
6794	0.0011
6795	0.0022
6796	0.0
6797	0.0011
6798	0.0011
6799	0.0
6800	0.0011
6801	0.0067
6802	0.0034
6803	0.0
6804	0.0067
6805	0.0
6806	0.0
6807	0.0011
6808	0.0011
6809	0.0022
6810	0.0011
6811	0.0011
6812	0.0022
6813	0.0011
6814	0.0
6815	0.0045
6816	0.0011
6817	0.0
6818	0.0022
6819	0.0011
6820	0.0
6821	0.0011
6822	0.0022
6823	0.0
6824	0.0011
6825	0.0
6826	0.0
6827	0.0
6828	0.0011
6829	0.0045
6830	0.0
6831	0.0
6832	0.0
6833	0.0011
6834	0.0022
6835	0.0011
6836	0.0011
6837	0.0011
6838	0.0
6839	0.0
6840	0.0
6841	0.0022
6842	0.0011
6843	0.0011
6844	0.0011
6845	0.0022
6846	0.0067
6847	0.0011
6848	0.0157
6849	0.0
6850	0.0
6851	0.0
6852	0.0011
6853	0.0
6854	0.0011
6855	0.0157
6856	0.0
6857	0.0
6858	0.0
6859	0.0123
6860	0.0
6861	0.0022
6862	0.0011
6863	0.0022
6864	0.0022
6865	0.0213
6866	0.0045
6867	0.0056
6868	0.0
6869	0.0011
6870	0.0034
6871	0.0
6872	0.0
6873	0.0
6874	0.0
6875	0.0168
6876	0.0011
6877	0.0011
6878	0.0011
6879	0.0
6880	0.0022
6881	0.0011
6882	0.0
6883	0.0045
6884	0.0011
6885	0.0213
6886	0.0078
6887	0.0
6888	0.0
6889	0.0056
6890	0.0
6891	0.0
6892	0.0
6893	0.0
6894	0.0
6895	0.0067
6896	0.0045
6897	0.0
6898	0.0
6899	0.0022
6900	0.0347
6901	0.0
6902	0.0314
6903	0.0011
6904	0.0
6905	0.0011
6906	0.0549
6907	0.2139
6908	0.0011
6909	0.0011
6910	0.0011
6911	0.0056
6912	0.0034
6913	0.0493
6914	0.1064
6915	0.0022
6916	0.0605
6917	0.0034
6918	0.0325
6919	0.0
6920	0.0
6921	0.0011
6922	0.0011
6923	0.0022
6924	0.0179
6925	0.0
6926	0.0011
6927	0.0011
6928	0.0011
6929	0.0011
6930	0.0
6931	0.0
6932	0.0
6933	0.0
6934	0.0728
6935	0.0022
6936	0.0011
6937	0.0
6938	0.0045
6939	0.0
6940	0.0011
6941	0.0638
6942	0.0
6943	0.0011
6944	0.0
6945	0.0202
6946	0.0761
6947	0.0011
6948	0.0
6949	0.0056
6950	0.0
6951	0.0526
6952	0.0
6953	0.0011
6954	0.0034
6955	0.0
6956	0.0
6957	0.0
6958	0.0022
6959	0.0056
6960	0.0011
6961	0.0022
6962	0.0011
6963	0.0011
6964	0.0
6965	0.0
6966	0.0
6967	0.0
6968	0.0011
6969	0.0011
6970	0.0
6971	0.0067
6972	0.0011
6973	0.0
6974	0.0022
6975	0.0112
6976	0.0459
6977	0.0
6978	0.0011
6979	0.0
6980	0.0
6981	0.0011
6982	0.0
6983	0.0
6984	0.0078
6985	0.0011
6986	0.0011
6987	0.0
6988	0.0
6989	0.0
6990	0.0011
6991	0.0202
6992	0.0
6993	0.0907
6994	0.0213
6995	0.0011
6996	0.0011
6997	0.0
6998	0.0011
6999	0.0011
7000	0.0011
7001	0.0011
7002	0.0022
7003	0.0011
7004	0.0011
7005	0.0146
7006	0.0011
7007	0.0011
7008	0.0011
7009	0.0011
7010	0.0011
7011	0.0034
7012	0.0112
7013	0.0011
7014	0.0022
7015	0.0011
7016	0.0011
7017	0.0011
7018	0.0011
7019	0.0045
7020	0.0034
7021	0.0168
7022	0.0011
7023	0.009
7024	0.0034
7025	0.0011
7026	0.0146
7027	0.0011
7028	0.0011
7029	0.0022
7030	0.0022
7031	0.0011
7032	0.0011
7033	0.0
7034	0.0
7035	0.0022
7036	0.0022
7037	0.0011
7038	0.0078
7039	0.0
7040	0.0
7041	0.0011
7042	0.0
7043	0.0157
7044	0.0034
7045	0.0403
7046	0.0235
7047	0.1803
7048	0.0011
7049	0.0302
7050	0.0056
7051	0.0011
7052	0.159
7053	0.0347
7054	0.0448
7055	0.1097
7056	0.0414
7057	0.1321
7058	0.0
7059	0.0
7060	0.0
7061	0.0034
7062	0.0045
7063	0.0179
7064	0.0034
7065	0.0011
7066	0.0
7067	0.0
7068	0.0
7069	0.0
7070	0.0022
7071	0.0045
7072	0.0011
7073	0.0
7074	0.0
7075	0.0
7076	0.0
7077	0.0
7078	0.0
7079	0.0011
7080	0.0784
7081	0.0
7082	0.0011
7083	0.0
7084	0.0011
7085	0.0011
7086	0.1377
7087	0.0022
7088	0.0056
7089	0.0022
7090	0.0123
7091	0.0
7092	0.1041
7093	0.0
7094	0.0
7095	0.0011
7096	0.0056
7097	0.0
7098	0.0011
7099	0.0202
7100	0.0168
7101	0.0
7102	0.0
7103	0.0011
7104	0.0168
7105	0.0
7106	0.0045
7107	0.0022
7108	0.0
7109	0.0022
7110	0.0056
7111	0.0011
7112	0.0011
7113	0.0134
7114	0.0011
7115	0.0
7116	0.0011
7117	0.0078
7118	0.0011
7119	0.0
7120	0.0202
7121	0.0078
7122	0.0011
7123	0.0011
7124	0.0011
7125	0.0011
7126	0.0034
7127	0.0022
7128	0.0022
7129	0.0123
7130	0.0022
7131	0.0269
7132	0.0336
7133	0.0011
7134	0.0034
7135	0.0011
7136	0.0022
7137	0.0011
7138	0.0022
7139	0.0034
7140	0.0011
7141	0.0
7142	0.0045
7143	0.0
7144	0.0
7145	0.0011
7146	0.0011
7147	0.0
7148	0.0
7149	0.0
7150	0.0112
7151	0.0011
7152	0.0
7153	0.0134
7154	0.0011
7155	0.0011
7156	0.0011
7157	0.0011
7158	0.0011
7159	0.0011
7160	0.0011
7161	0.0
7162	0.0
7163	0.0022
7164	0.0045
7165	0.0034
7166	0.0011
7167	0.0011
7168	0.0
7169	0.0
7170	0.0011
7171	0.0101
7172	0.0022
7173	0.0022
7174	0.0011
7175	0.0022
7176	0.0045
7177	0.0011
7178	0.0022
7179	0.0022
7180	0.0045
7181	0.0022
7182	0.0
7183	0.0101
7184	0.0022
7185	0.0
7186	0.0
7187	0.0011
7188	0.0157
7189	0.0034
7190	0.0011
7191	0.0
7192	0.0011
7193	0.0011
7194	0.0011
7195	0.0
7196	0.0
7197	0.0011
7198	0.009
7199	0.0022
7200	0.0
7201	0.0
7202	0.0
7203	0.0011
7204	0.0
7205	0.0011
7206	0.0011
7207	0.0
7208	0.0
7209	0.0
7210	0.0011
7211	0.0011
7212	0.0011
7213	0.0
7214	0.0
7215	0.0
7216	0.0
7217	0.0011
7218	0.0011
7219	0.0011
7220	0.0011
7221	0.0011
7222	0.0011
7223	0.0011
7224	0.0
7225	0.0526
7226	0.0045
7227	0.0134
7228	0.0078
7229	0.0078
7230	0.0045
7231	0.1131
7232	0.0011
7233	0.0246
7234	0.0011
7235	0.0011
7236	0.0258
7237	0.0168
7238	0.0101
7239	0.0235
7240	0.0011
7241	0.0235
7242	0.0
7243	0.0011
7244	0.0
7245	0.0011
7246	0.0
7247	0.0
7248	0.0
7249	0.0
7250	0.0
7251	0.0011
7252	0.0011
7253	0.0045
7254	0.0
7255	0.0011
7256	0.0
7257	0.0
7258	0.0
7259	0.0
7260	0.0034
7261	0.0
7262	0.0123
7263	0.0
7264	0.0
7265	0.0011
7266	0.0067
7267	0.0011
7268	0.0011
7269	0.0011
7270	0.0056
7271	0.0034
7272	0.0
7273	0.0
7274	0.0
7275	0.0
7276	0.0056
7277	0.0045
7278	0.0045
7279	0.0213
7280	0.0997
7281	0.0134
7282	0.0022
7283	0.0011
7284	0.0022
7285	0.0011
7286	0.0011
7287	0.0011
7288	0.0
7289	0.0
7290	0.0
7291	0.0011
7292	0.0
7293	0.0045
7294	0.0437
7295	0.0146
7296	0.0011
7297	0.0
7298	0.0022
7299	0.0011
7300	0.0011
7301	0.0302
7302	0.0022
7303	0.0
7304	0.0
7305	0.0011
7306	0.0
7307	0.0
7308	0.0
7309	0.0011
7310	0.0011
7311	0.0
7312	0.0
7313	0.0
7314	0.0
7315	0.0
7316	0.0
7317	0.0168
7318	0.0
7319	0.0
7320	0.0011
7321	0.0034
7322	0.0
7323	0.0
7324	0.0
7325	0.0
7326	0.0011
7327	0.0067
7328	0.0
7329	0.0022
7330	0.0022
7331	0.0
7332	0.0011
7333	0.0011
7334	0.0
7335	0.0168
7336	0.0011
7337	0.0011
7338	0.0
7339	0.0
7340	0.0
7341	0.0022
7342	0.0011
7343	0.0134
7344	0.0034
7345	0.0011
7346	0.0
7347	0.0011
7348	0.0022
7349	0.0011
7350	0.0235
7351	0.0022
7352	0.0168
7353	0.0011
7354	0.0045
7355	0.0011
7356	0.0
7357	0.0101
7358	0.0
7359	0.0
7360	0.0011
7361	0.0
7362	0.009
7363	0.0011
7364	0.0
7365	0.0011
7366	0.0
7367	0.0
7368	0.0
7369	0.0
7370	0.0
7371	0.0022
7372	0.0011
7373	0.0
7374	0.0011
7375	0.0
7376	0.0045
7377	0.0011
7378	0.0426
7379	0.0078
7380	0.0034
7381	0.0
7382	0.0011
7383	0.0022
7384	0.0
7385	0.0
7386	0.028
7387	0.0045
7388	0.0
7389	0.0022
7390	0.0269
7391	0.0582
7392	0.0011
7393	0.0134
7394	0.0056
7395	0.0
7396	0.0
7397	0.0
7398	0.0
7399	0.0
7400	0.0168
7401	0.0034
7402	0.0056
7403	0.0011
7404	0.0011
7405	0.0202
7406	0.0
7407	0.0011
7408	0.0
7409	0.0112
7410	0.0
7411	0.0
7412	0.0
7413	0.0022
7414	0.0
7415	0.0067
7416	0.0011
7417	0.0022
7418	0.0022
7419	0.0011
7420	0.0011
7421	0.0101
7422	0.0
7423	0.0
7424	0.0045
7425	0.0078
7426	0.0022
7427	0.0011
7428	0.0022
7429	0.0011
7430	0.0011
7431	0.0011
7432	0.0
7433	0.0
7434	0.0
7435	0.0
7436	0.0
7437	0.0
7438	0.0
7439	0.0
7440	0.0
7441	0.0034
7442	0.0
7443	0.0112
7444	0.0034
7445	0.0011
7446	0.0011
7447	0.0011
7448	0.0011
7449	0.0437
7450	0.0
7451	0.0011
7452	0.0034
7453	0.0011
7454	0.0011
7455	0.0045
7456	0.0011
7457	0.0011
7458	0.0011
7459	0.0011
7460	0.0
7461	0.0011
7462	0.0011
7463	0.0
7464	0.0
7465	0.0011
7466	0.0011
7467	0.0
7468	0.0011
7469	0.0011
7470	0.0011
7471	0.0101
7472	0.0011
7473	0.0011
7474	0.0011
7475	0.0
7476	0.0022
7477	0.0011
7478	0.0
7479	0.0
7480	0.0011
7481	0.0011
7482	0.0011
7483	0.0011
7484	0.0034
7485	0.0011
7486	0.0011
7487	0.0011
7488	0.0
7489	0.0
7490	0.0302
7491	0.0
7492	0.0034
7493	0.0045
7494	0.0011
7495	0.0
7496	0.0
7497	0.0
7498	0.0
7499	0.0
7500	0.0
7501	0.0011
7502	0.0034
7503	0.0011
7504	0.0
7505	0.0011
7506	0.0
7507	0.0
7508	0.0
7509	0.0011
7510	0.0
7511	0.0179
7512	0.0
7513	0.0011
7514	0.0034
7515	0.0011
7516	0.0
7517	0.0022
7518	0.0034
7519	0.0
7520	0.0034
7521	0.0
7522	0.0011
7523	0.0011
7524	0.0011
7525	0.0011
7526	0.0
7527	0.0011
7528	0.0011
7529	0.0
7530	0.0
7531	0.0011
7532	0.0
7533	0.0
7534	0.0
7535	0.0011
7536	0.0011
7537	0.0011
7538	0.0011
7539	0.0
7540	0.0011
7541	0.0
7542	0.0
7543	0.0
7544	0.0123
7545	0.0011
7546	0.0034
7547	0.0
7548	0.0
7549	0.0022
7550	0.0011
7551	0.0
7552	0.0
7553	0.0
7554	0.0034
7555	0.0
7556	0.0
7557	0.0
7558	0.0
7559	0.0
7560	0.0
7561	0.0
7562	0.0
7563	0.0011
7564	0.0347
7565	0.0034
7566	0.0
7567	0.0
7568	0.0
7569	0.0045
7570	0.0034
7571	0.0011
7572	0.0011
7573	0.0
7574	0.0
7575	0.0
7576	0.0011
7577	0.0011
7578	0.0314
7579	0.0101
7580	0.0213
7581	0.0011
7582	0.0
7583	0.0
7584	0.0
7585	0.0011
7586	0.0078
7587	0.0
7588	0.009
7589	0.0
7590	0.0
7591	0.0
7592	0.0
7593	0.0034
7594	0.0045
7595	0.0011
7596	0.0
7597	0.0045
7598	0.037
7599	0.0011
7600	0.0011
7601	0.0034
7602	0.0011
7603	0.0
7604	0.0
7605	0.0034
7606	0.0
7607	0.0
7608	0.0022
7609	0.0022
7610	0.0011
7611	0.0011
7612	0.0
7613	0.0011
7614	0.0437
7615	0.0011
7616	0.0011
7617	0.0011
7618	0.0034
7619	0.0011
7620	0.0
7621	0.0
7622	0.0
7623	0.0034
7624	0.0
7625	0.0067
7626	0.0011
7627	0.0
7628	0.0
7629	0.0011
7630	0.0011
7631	0.0
7632	0.0
7633	0.0
7634	0.0011
7635	0.0
7636	0.0
7637	0.0011
7638	0.0011
7639	0.0011
7640	0.0
7641	0.0
7642	0.0011
7643	0.0
7644	0.0011
7645	0.0011
7646	0.0
7647	0.0045
7648	0.0011
7649	0.0112
7650	0.0022
7651	0.0
7652	0.0
7653	0.0011
7654	0.0
7655	0.0
7656	0.0
7657	0.0
7658	0.0
7659	0.0067
7660	0.0011
7661	0.0045
7662	0.0
7663	0.0011
7664	0.0011
7665	0.0067
7666	0.0157
7667	0.0
7668	0.0
7669	0.0
7670	0.0011
7671	0.0
7672	0.0
7673	0.0
7674	0.0
7675	0.028
7676	0.0056
7677	0.0134
7678	0.0022
7679	0.0291
7680	0.0
7681	0.0
7682	0.0403
7683	0.0
7684	0.0022
7685	0.0146
7686	0.0022
7687	0.0034
7688	0.0
7689	0.0
7690	0.0
7691	0.0213
7692	0.0
7693	0.0
7694	0.0
7695	0.0034
7696	0.0045
7697	0.0213
7698	0.0011
7699	0.0
7700	0.0
7701	0.0034
7702	0.0
7703	0.0022
7704	0.0011
7705	0.0011
7706	0.0022
7707	0.0
7708	0.0
7709	0.0
7710	0.0
7711	0.0
7712	0.0
7713	0.0
7714	0.0
7715	0.0011
7716	0.0022
7717	0.0022
7718	0.0
7719	0.0045
7720	0.0011
7721	0.0011
7722	0.0
7723	0.0
7724	0.0022
7725	0.0
7726	0.0034
7727	0.0336
7728	0.0022
7729	0.0011
7730	0.0
7731	0.0
7732	0.0011
7733	0.0504
7734	0.0
7735	0.0
7736	0.0022
7737	0.0011
7738	0.0067
7739	0.0
7740	0.0011
7741	0.0045
7742	0.0011
7743	0.0146
7744	0.056
7745	0.0011
7746	0.0
7747	0.009
7748	0.0
7749	0.0
7750	0.0022
7751	0.0011
7752	0.0022
7753	0.0022
7754	0.0011
7755	0.0146
7756	0.0022
7757	0.0
7758	0.0011
7759	0.0045
7760	0.0011
7761	0.0011
7762	0.0011
7763	0.0
7764	0.0
7765	0.0
7766	0.0146
7767	0.0022
7768	0.0123
7769	0.0213
7770	0.0022
7771	0.0034
7772	0.0224
7773	0.0011
7774	0.0392
7775	0.0123
7776	0.0
7777	0.0011
7778	0.0
7779	0.0022
7780	0.0034
7781	0.0011
7782	0.0011
7783	0.0011
7784	0.0
7785	0.0
7786	0.0
7787	0.0
7788	0.0
7789	0.0011
7790	0.0045
7791	0.0045
7792	0.0078
7793	0.0
7794	0.0
7795	0.0
7796	0.0011
7797	0.0
7798	0.0
7799	0.0
7800	0.0011
7801	0.0011
7802	0.0011
7803	0.0
7804	0.0011
7805	0.0011
7806	0.0022
7807	0.0
7808	0.0134
7809	0.0
7810	0.0101
7811	0.0
7812	0.0067
7813	0.0
7814	0.0011
7815	0.0022
7816	0.0
7817	0.0
7818	0.0258
7819	0.0
7820	0.0
7821	0.0011
7822	0.0011
7823	0.0
7824	0.0
7825	0.0
7826	0.0011
7827	0.0011
7828	0.0011
7829	0.0045
7830	0.0011
7831	0.0022
7832	0.0011
7833	0.0045
7834	0.0011
7835	0.0034
7836	0.0011
7837	0.0022
7838	0.0
7839	0.0
7840	0.0
7841	0.0011
7842	0.0022
7843	0.0022
7844	0.0011
7845	0.0022
7846	0.0
7847	0.0
7848	0.0011
7849	0.0011
7850	0.0011
7851	0.0011
7852	0.0011
7853	0.0022
7854	0.0011
7855	0.0
7856	0.0078
7857	0.0
7858	0.0
7859	0.0
7860	0.0022
7861	0.0022
7862	0.0123
7863	0.0011
7864	0.0022
7865	0.0269
7866	0.0011
7867	0.0011
7868	0.0011
7869	0.0011
7870	0.0011
7871	0.0
7872	0.0
7873	0.0067
7874	0.0045
7875	0.0022
7876	0.0
7877	0.0067
7878	0.0011
7879	0.0
7880	0.0
7881	0.0
7882	0.0123
7883	0.0011
7884	0.0056
7885	0.0067
7886	0.0011
7887	0.0011
7888	0.0011
7889	0.0011
7890	0.0
7891	0.0011
7892	0.0011
7893	0.0022
7894	0.0011
7895	0.0
7896	0.0
7897	0.0
7898	0.0
7899	0.0
7900	0.0302
7901	0.0336
7902	0.0235
7903	0.0045
7904	0.0067
7905	0.0011
7906	0.0112
7907	0.0134
7908	0.0
7909	0.0
7910	0.0045
7911	0.0011
7912	0.0
7913	0.0
7914	0.0011
7915	0.0011
7916	0.0022
7917	0.0
7918	0.0
7919	0.0034
7920	0.0011
7921	0.0
7922	0.0011
7923	0.0011
7924	0.0022
7925	0.0011
7926	0.0
7927	0.0
7928	0.0034
7929	0.0045
7930	0.0011
7931	0.0022
7932	0.0022
7933	0.0045
7934	0.0011
7935	0.0011
7936	0.0
7937	0.0011
7938	0.0022
7939	0.0011
7940	0.0011
7941	0.0011
7942	0.0011
7943	0.0
7944	0.0011
7945	0.0056
7946	0.0
7947	0.0
7948	0.0022
7949	0.0011
7950	0.0011
7951	0.0
7952	0.0
7953	0.0011
7954	0.0011
7955	0.0011
7956	0.0011
7957	0.0
7958	0.0
7959	0.0011
7960	0.0011
7961	0.0
7962	0.0
7963	0.0
7964	0.0123
7965	0.0
7966	0.0011
7967	0.0045
7968	0.0034
7969	0.0022
7970	0.0011
7971	0.0
7972	0.0011
7973	0.0
7974	0.0011
7975	0.0011
7976	0.0011
7977	0.0
7978	0.0011
7979	0.0
7980	0.0168
7981	0.0011
7982	0.0
7983	0.0
7984	0.0
7985	0.0011
7986	0.0
7987	0.0
7988	0.0
7989	0.0
7990	0.0
7991	0.0
7992	0.0
7993	0.0022
7994	0.0
7995	0.0011
7996	0.0
7997	0.0
7998	0.0011
7999	0.0011
8000	0.0011
8001	0.0011
8002	0.0
8003	0.0
8004	0.0
8005	0.0022
8006	0.0011
8007	0.0
8008	0.0
8009	0.0011
8010	0.0022
8011	0.0011
8012	0.0078
8013	0.0011
8014	0.0011
8015	0.0
8016	0.0
8017	0.0
8018	0.0
8019	0.0
8020	0.0011
8021	0.0011
8022	0.0
8023	0.0011
8024	0.0
8025	0.0
8026	0.0
8027	0.0011
8028	0.0
8029	0.0
8030	0.0
8031	0.0
8032	0.0
8033	0.0
8034	0.0
8035	0.0011
8036	0.0213
8037	0.0011
8038	0.0
8039	0.0
8040	0.0011
8041	0.0034
8042	0.0011
8043	0.0
8044	0.0
8045	0.0078
8046	0.0179
8047	0.0224
8048	0.0034
8049	0.0011
8050	0.0101
8051	0.009
8052	0.0011
8053	0.0224
8054	0.0022
8055	0.0011
8056	0.0011
8057	0.0011
8058	0.0
8059	0.0
8060	0.0056
8061	0.0056
8062	0.0011
8063	0.0034
8064	0.0011
8065	0.0011
8066	0.0034
8067	0.0
8068	0.0
8069	0.0045
8070	0.0011
8071	0.0011
8072	0.0011
8073	0.0
8074	0.0011
8075	0.0011
8076	0.0
8077	0.0022
8078	0.0
8079	0.0
8080	0.0011
8081	0.0011
8082	0.0
8083	0.0
8084	0.0011
8085	0.0179
8086	0.0011
8087	0.0011
8088	0.0022
8089	0.0
8090	0.0
8091	0.0011
8092	0.0056
8093	0.0011
8094	0.0045
8095	0.0011
8096	0.0011
8097	0.0022
8098	0.0011
8099	0.0011
8100	0.0011
8101	0.0011
8102	0.0011
8103	0.0011
8104	0.0011
8105	0.0011
8106	0.0011
8107	0.0146
8108	0.0011
8109	0.0011
8110	0.0011
8111	0.0022
8112	0.0022
8113	0.0
8114	0.0011
8115	0.0011
8116	0.0
8117	0.0
8118	0.0011
8119	0.0011
8120	0.0011
8121	0.0
8122	0.0
8123	0.0
8124	0.0
8125	0.0
8126	0.0011
8127	0.0
8128	0.0
8129	0.0
8130	0.0
8131	0.0022
8132	0.0
8133	0.0011
8134	0.0011
8135	0.0011
8136	0.0011
8137	0.0011
8138	0.0011
8139	0.0
8140	0.0011
8141	0.0
8142	0.0011
8143	0.0
8144	0.0011
8145	0.0022
8146	0.0022
8147	0.0011
8148	0.0
8149	0.0
8150	0.0022
8151	0.0
8152	0.0112
8153	0.0011
8154	0.0
8155	0.0011
8156	0.0056
8157	0.0022
8158	0.0011
8159	0.0011
8160	0.0
8161	0.0011
8162	0.0101
8163	0.0
8164	0.0
8165	0.0
8166	0.0011
8167	0.0011
8168	0.0
8169	0.0
8170	0.0011
8171	0.0034
8172	0.0011
8173	0.0078
8174	0.0
8175	0.0
8176	0.0
8177	0.0011
8178	0.0
8179	0.0011
8180	0.0011
8181	0.0011
8182	0.0011
8183	0.0011
8184	0.0011
8185	0.0
8186	0.0
8187	0.0011
8188	0.0
8189	0.0045
8190	0.0045
8191	0.0
8192	0.0
8193	0.0022
8194	0.0011
8195	0.0011
8196	0.0011
8197	0.0011
8198	0.0
8199	0.0011
8200	0.0
8201	0.0
8202	0.0011
8203	0.0011
8204	0.0022
8205	0.0011
8206	0.0011
8207	0.0
8208	0.0
8209	0.0
8210	0.0
8211	0.0123
8212	0.0
8213	0.0011
8214	0.0011
8215	0.0011
8216	0.0011
8217	0.0
8218	0.0
8219	0.0
8220	0.0
8221	0.0011
8222	0.0067
8223	0.0
8224	0.0
8225	0.0
8226	0.0
8227	0.0011
8228	0.0
8229	0.0011
8230	0.0
8231	0.0011
8232	0.0011
8233	0.0011
8234	0.0
8235	0.0
8236	0.0011
8237	0.0
8238	0.0011
8239	0.0
8240	0.0
8241	0.0022
8242	0.0011
8243	0.0067
8244	0.0011
8245	0.0011
8246	0.0
8247	0.0
8248	0.0011
8249	0.0
8250	0.0
8251	0.0011
8252	0.0011
8253	0.0011
8254	0.0011
8255	0.0011
8256	0.0011
8257	0.0
8258	0.0
8259	0.0
8260	0.0011
8261	0.0011
8262	0.0011
8263	0.0022
8264	0.0011
8265	0.0011
8266	0.0011
8267	0.0
8268	0.0
8269	0.0
8270	0.0022
8271	0.0011
8272	0.0011
8273	0.0011
8274	0.0011
8275	0.0
8276	0.0
8277	0.0
8278	0.0
8279	0.0
8280	0.0
8281	0.0
8282	0.0
8283	0.0
8284	0.0
8285	0.0
8286	0.0
8287	0.0
8288	0.0
8289	0.0
8290	0.0
8291	0.0
8292	0.0
8293	0.0
8294	0.0
8295	0.0
8296	0.0
8297	0.0
