0	4.97
1	0.25
2	4.51
3	4.93
4	7.38
5	5.79
6	3.69
7	0.81
8	3.52
9	3.31
10	13.49
11	2.68
12	12.73
13	8.2
14	19.82
15	13.32
16	8.03
17	10.27
18	10.34
19	6.44
20	13.68
21	12.09
22	9.48
23	6.47
24	6.01
25	12.58
26	4.97
27	0.4
28	5.24
29	6.0
30	11.17
31	15.85
32	15.09
33	2.5
34	16.97
35	12.06
36	23.26
37	4.69
38	8.09
39	7.95
40	19.76
41	29.41
42	23.96
43	18.08
44	9.81
45	7.62
46	8.58
47	16.37
48	4.43
49	4.69
50	5.23
51	26.32
52	7.04
53	10.01
54	1.98
55	3.27
56	15.62
57	10.4
58	9.43
59	10.16
60	3.14
61	26.24
62	11.22
63	26.46
64	12.11
65	5.78
66	4.52
67	25.85
68	10.83
69	8.99
70	11.03
71	19.24
72	25.21
73	17.24
74	12.96
75	33.4
76	12.01
77	8.82
78	2.72
79	13.58
80	13.39
81	19.45
82	20.04
83	20.44
84	16.89
85	10.19
86	9.3
87	8.04
88	18.02
89	9.06
90	23.93
91	10.74
92	4.37
93	18.5
94	21.96
95	13.13
96	12.67
97	4.15
98	8.29
99	8.18
100	1.28
101	13.86
102	10.69
103	16.53
104	9.28
105	15.81
106	14.67
107	17.83
108	20.46
109	13.77
110	12.11
111	0.23
112	11.45
113	3.73
114	7.48
115	22.58
116	17.57
117	1.66
118	8.78
119	2.43
120	10.09
121	9.3
122	2.0
123	13.71
124	7.42
125	19.53
126	21.35
127	5.67
128	16.75
129	23.54
130	9.85
131	4.86
132	13.45
133	0.85
134	6.67
135	3.49
136	23.26
137	12.21
138	13.36
139	19.12
140	3.55
141	22.52
142	12.74
143	28.56
144	26.68
145	36.8
146	12.98
147	11.76
148	31.99
149	25.78
150	16.0
151	22.45
152	15.13
153	7.82
154	15.74
155	13.2
156	5.6
157	0.74
158	6.48
159	8.13
160	6.43
161	2.5
162	31.36
163	9.07
164	14.77
165	30.95
166	15.66
167	16.25
168	11.73
169	14.33
170	26.85
171	9.11
172	9.25
173	8.71
174	1.27
175	18.69
176	5.53
177	9.78
178	2.49
179	0.78
180	4.77
181	22.14
182	3.45
183	4.48
184	1.61
185	11.27
186	24.28
187	14.12
188	10.35
189	20.42
190	3.76
191	32.88
192	29.88
193	6.94
194	17.0
195	7.64
196	26.74
197	26.25
198	4.59
199	10.63
200	5.62
201	3.1
202	13.17
203	17.25
204	24.34
205	18.38
206	6.55
207	21.96
208	0.03
209	8.43
210	2.18
211	0.04
212	7.54
213	16.48
214	3.44
215	11.49
216	20.1
217	15.07
218	13.41
219	22.94
220	9.95
221	8.09
222	2.36
223	8.57
224	5.94
225	0.14
226	10.88
227	14.59
228	11.9
229	21.42
230	12.34
231	29.8
232	19.45
233	4.77
234	10.07
235	12.11
236	13.67
237	6.55
238	25.55
239	9.34
240	16.87
241	10.63
242	0.94
243	16.22
244	9.37
245	0.44
246	4.59
247	0.28
248	6.43
249	21.41
250	21.83
251	4.93
252	13.61
253	16.83
254	16.51
255	0.19
256	14.7
257	8.37
258	9.49
259	11.89
260	14.82
261	0.87
262	28.88
263	14.96
264	2.96
265	1.34
266	24.6
267	36.81
268	5.62
269	1.5
270	10.88
271	3.67
272	8.74
273	13.63
274	7.45
275	2.31
276	2.04
277	14.15
278	2.62
279	9.93
280	15.52
281	10.84
282	0.84
283	7.89
284	0.3
285	18.14
286	20.52
287	8.61
288	1.62
289	5.05
290	18.69
291	30.85
292	6.92
293	15.97
294	21.26
295	4.63
296	2.5
297	1.91
298	20.45
299	21.19
300	17.69
301	24.25
302	6.42
303	12.96
304	3.69
305	3.42
306	13.35
307	21.6
308	3.75
309	4.77
310	24.88
311	16.62
312	31.16
313	6.63
314	7.51
315	6.94
316	9.22
317	22.31
318	28.03
319	8.43
320	6.04
321	18.09
322	3.7
323	8.63
324	3.45
325	12.02
326	28.07
327	18.35
328	4.32
329	5.33
330	27.13
331	16.57
332	15.2
333	22.97
334	24.7
335	22.51
336	26.79
337	6.98
338	4.59
339	16.65
340	4.0
341	17.33
342	14.55
343	9.53
344	6.96
345	17.77
346	42.09
347	16.89
348	8.21
349	20.9
350	20.18
351	5.16
352	25.94
353	18.29
354	16.9
355	29.74
356	20.58
357	1.23
358	16.24
359	8.86
360	22.45
361	24.02
362	19.3
363	36.86
364	14.52
365	15.57
366	1.22
367	5.57
368	13.78
369	24.17
370	16.91
371	20.47
372	5.39
373	11.02
374	11.41
375	4.61
376	1.48
377	27.48
378	18.41
379	17.04
380	29.62
381	21.95
382	3.82
383	23.76
384	12.81
385	11.49
386	7.53
387	24.03
388	32.05
389	23.33
390	27.1
391	17.88
392	15.92
393	14.7
394	8.57
395	15.8
396	11.58
397	10.21
398	26.69
399	24.15
400	3.55
401	6.51
402	13.26
403	8.66
404	18.18
405	4.43
406	6.17
407	14.33
408	20.85
409	20.51
410	12.01
411	22.93
412	10.07
413	21.59
414	10.13
415	6.89
416	11.13
417	18.57
418	23.54
419	13.99
420	13.67
421	2.07
422	2.84
423	22.09
424	6.57
425	8.61
426	16.31
427	33.2
428	12.29
429	3.92
430	16.46
431	1.14
432	8.11
433	6.95
434	6.11
435	6.99
436	11.52
437	10.9
438	1.65
439	16.81
440	7.72
441	11.02
442	7.83
443	12.84
444	10.86
445	1.07
446	15.82
447	1.26
448	7.86
449	12.5
450	12.04
451	4.74
452	14.97
453	13.05
454	4.69
455	5.08
456	13.91
457	24.61
458	23.88
459	17.91
460	1.24
461	6.72
462	10.89
463	10.45
464	14.4
465	23.85
466	26.47
467	14.98
468	21.3
469	28.33
470	1.2
471	17.72
472	20.45
473	4.01
474	19.28
475	20.19
476	43.8
477	9.84
478	8.7
479	1.89
480	28.6
481	6.6
482	23.48
483	18.05
484	3.83
485	0.33
486	24.79
487	0.5
488	1.73
489	22.61
490	0.89
491	10.91
492	18.45
493	9.9
494	13.98
495	18.66
496	14.0
497	21.21
498	26.77
499	2.36
500	6.34
501	3.17
502	3.24
503	5.53
504	17.2
505	9.43
506	10.72
507	0.48
508	19.73
509	3.89
510	14.6
511	10.92
512	7.79
513	11.03
514	0.34
515	6.02
516	5.34
517	1.84
518	13.63
519	15.18
520	0.97
521	6.79
522	6.38
523	27.42
524	6.54
525	0.52
526	8.82
527	11.94
528	6.67
529	6.99
530	31.22
531	1.58
532	9.76
533	7.91
534	18.38
535	7.96
536	17.77
537	20.97
538	4.01
539	7.82
540	1.39
541	5.28
542	4.1
543	18.88
544	19.58
545	18.99
546	19.51
547	14.14
548	4.79
549	10.89
550	10.94
551	5.91
552	10.75
553	3.16
554	7.08
555	6.01
556	10.26
557	4.83
558	25.72
559	17.49
560	6.87
561	10.84
562	14.84
563	16.37
564	22.86
565	10.34
566	0.34
567	5.24
568	2.41
569	4.56
570	12.71
571	3.73
572	15.01
573	4.29
574	8.96
575	29.59
576	12.53
577	6.2
578	10.4
579	1.49
580	20.38
581	6.22
582	13.15
583	26.88
584	9.0
585	3.83
586	3.72
587	2.73
588	3.2
589	4.81
590	23.11
591	2.31
592	12.24
593	9.93
594	17.07
595	14.05
596	8.99
597	16.77
598	14.54
599	11.23
600	6.32
601	14.04
602	16.72
603	5.14
604	2.87
605	10.3
606	22.67
607	38.97
608	32.84
609	2.81
610	7.07
611	9.57
612	4.46
613	11.1
614	9.32
615	8.58
616	12.85
617	15.26
618	7.15
619	13.15
620	14.65
621	33.99
622	3.38
623	7.5
624	3.45
625	5.13
626	4.26
627	7.49
628	5.69
629	19.42
630	0.8
631	9.56
632	25.14
633	21.12
634	17.89
635	5.74
636	20.15
637	7.77
638	6.18
639	12.88
640	27.42
641	1.66
642	10.85
643	6.15
644	17.79
645	8.5
646	7.03
647	1.97
648	28.09
649	10.37
650	8.01
651	3.01
652	4.94
653	26.94
654	3.55
655	5.67
656	2.97
657	9.14
658	31.45
659	13.57
660	0.89
661	0.1
662	24.9
663	6.86
664	7.92
665	12.58
666	5.42
667	15.1
668	19.34
669	8.96
670	27.77
671	33.19
672	16.77
673	11.77
674	5.69
675	3.04
676	11.29
677	16.65
678	9.63
679	13.32
680	0.33
681	4.51
682	15.01
683	7.78
684	10.89
685	20.33
686	22.51
687	6.1
688	16.21
689	16.03
690	14.1
691	4.57
692	1.82
693	27.45
694	12.52
695	14.77
696	3.65
697	6.15
698	16.04
699	27.45
700	4.12
701	23.12
702	14.23
703	6.35
704	16.12
705	8.05
706	17.08
707	25.5
708	3.6
709	20.63
710	16.03
711	21.8
712	1.89
713	7.09
714	8.65
715	0.91
716	5.55
717	4.63
718	14.55
719	19.96
720	1.59
721	8.7
722	20.76
723	1.08
724	11.18
725	20.91
726	32.67
727	3.96
728	25.31
729	4.98
730	0.3
731	6.24
732	15.48
733	15.55
734	0.3
735	11.2
736	17.85
737	8.35
738	21.94
739	6.49
740	0.17
741	5.48
742	9.88
743	5.54
744	23.79
745	17.15
746	11.56
747	4.77
748	4.17
749	10.51
750	18.98
751	16.28
752	12.34
753	0.01
754	17.07
755	8.15
756	5.42
757	2.22
758	13.6
759	22.02
760	4.93
761	34.91
762	3.99
763	17.79
764	10.57
765	19.03
766	13.7
767	0.3
768	9.28
769	5.0
770	4.42
771	5.58
772	11.19
773	13.86
774	8.42
775	1.9
776	1.3
777	24.39
778	32.07
779	21.35
780	12.61
781	22.83
782	8.06
783	1.73
784	27.77
785	28.08
786	10.12
787	19.47
788	14.74
789	5.17
790	1.99
791	19.04
792	25.33
793	8.07
794	8.91
795	20.06
796	3.48
797	14.47
798	8.09
799	8.35
800	3.3
801	12.56
802	21.99
803	18.33
804	13.89
805	18.75
806	8.57
807	23.7
808	0.31
809	1.4
810	12.26
811	4.96
812	0.38
813	24.24
814	4.61
815	6.38
816	18.37
817	11.95
818	18.94
819	7.41
820	11.41
821	4.37
822	19.96
823	1.97
824	5.31
825	14.39
826	13.94
827	4.88
828	17.61
829	31.18
830	18.26
831	19.3
832	29.1
833	13.11
834	22.33
835	14.12
836	17.63
837	2.97
838	14.1
839	14.11
840	16.93
841	18.56
842	16.31
843	13.31
844	17.61
845	0.02
846	9.41
847	28.36
848	7.54
849	9.9
850	3.41
851	25.88
852	1.67
853	14.55
854	13.71
855	31.24
856	13.72
857	0.76
858	4.73
859	2.21
860	11.23
861	20.06
862	0.4
863	21.85
864	24.34
865	32.32
866	2.6
867	23.99
868	23.16
869	10.49
870	5.87
871	14.5
872	26.23
873	8.82
874	14.03
875	22.88
876	0.08
877	1.95
878	1.04
879	32.29
880	3.72
881	1.17
882	4.28
883	19.25
884	22.29
885	17.78
886	11.93
887	16.75
888	8.63
889	12.54
890	16.52
891	11.27
892	3.54
893	8.15
894	14.38
895	5.09
896	6.11
897	29.38
898	12.49
899	14.88
900	40.36
901	7.7
902	17.05
903	22.51
904	15.18
905	29.82
906	11.63
907	15.12
908	11.05
909	6.24
910	3.99
911	10.44
912	1.0
913	7.17
914	15.63
915	20.41
916	0.32
917	1.32
918	6.76
919	19.91
920	13.48
921	3.46
922	10.99
923	3.47
924	10.66
925	1.74
926	19.19
927	18.07
928	15.71
929	3.97
930	14.61
931	14.99
932	16.23
933	0.55
934	40.42
935	23.18
936	12.23
937	2.28
938	16.48
939	22.1
940	6.51
941	10.09
942	25.74
943	11.13
944	22.54
945	14.86
946	3.85
947	13.44
948	12.9
949	35.03
950	2.74
951	12.44
952	7.81
953	18.45
954	26.79
955	13.42
956	9.12
957	20.97
958	15.86
959	9.31
960	16.97
961	18.87
962	11.33
963	33.19
964	4.8
965	18.7
966	9.11
967	3.98
968	16.41
969	11.31
970	7.57
971	3.69
972	5.88
973	1.67
974	1.44
975	9.23
976	14.04
977	4.96
978	22.27
979	1.04
980	5.87
981	20.78
982	14.36
983	12.53
984	5.7
985	7.39
986	15.5
987	25.56
988	12.95
989	5.66
990	3.88
991	4.21
992	6.23
993	5.81
994	8.09
995	14.39
996	1.56
997	4.71
998	5.01
999	30.26
1000	10.6
1001	1.99
1002	0.22
1003	13.65
1004	13.16
1005	14.62
1006	3.99
1007	2.34
1008	4.59
1009	10.58
1010	10.67
1011	24.52
1012	19.51
1013	8.81
1014	16.77
1015	9.17
1016	8.77
1017	4.58
1018	3.45
1019	2.37
1020	8.3
1021	1.38
1022	11.09
1023	2.52
1024	6.35
1025	12.9
1026	40.75
1027	16.74
1028	35.16
1029	8.26
1030	24.55
1031	4.16
1032	12.95
1033	10.16
1034	7.64
1035	16.38
1036	1.69
1037	24.0
1038	10.43
1039	18.33
1040	8.56
1041	5.42
1042	2.74
1043	15.55
1044	14.58
1045	3.77
1046	14.73
1047	16.43
1048	28.72
1049	2.47
1050	17.44
1051	0.14
1052	7.61
1053	26.5
1054	32.56
1055	29.85
1056	16.11
1057	8.33
1058	31.96
1059	11.13
1060	8.7
1061	4.05
1062	10.68
1063	20.18
1064	1.65
1065	24.61
1066	5.38
1067	20.19
1068	1.93
1069	3.68
1070	2.87
1071	19.04
1072	17.85
1073	10.07
1074	13.72
1075	10.87
1076	17.49
1077	36.96
1078	11.32
1079	33.46
1080	14.13
1081	38.38
1082	17.9
1083	24.22
1084	13.8
1085	18.15
1086	22.3
1087	0.96
1088	21.87
1089	9.98
1090	9.75
1091	13.6
1092	9.0
1093	7.29
1094	13.48
1095	2.52
1096	21.62
1097	19.57
1098	5.58
1099	17.85
1100	24.88
1101	4.52
1102	7.08
1103	3.32
1104	15.25
1105	12.35
1106	17.78
1107	26.45
1108	21.4
1109	16.25
1110	10.11
1111	27.91
1112	4.35
1113	34.19
1114	6.57
1115	5.83
1116	16.49
1117	4.27
1118	8.35
1119	0.44
1120	14.15
1121	21.28
1122	5.18
1123	1.16
1124	21.24
1125	20.47
1126	13.64
1127	6.59
1128	9.4
1129	8.18
1130	3.81
1131	8.45
1132	23.98
1133	0.77
1134	22.17
1135	9.07
1136	4.71
1137	1.74
1138	27.71
1139	25.72
1140	32.23
1141	4.84
1142	5.86
1143	14.2
1144	25.13
1145	26.76
1146	14.79
1147	34.04
1148	9.82
1149	0.96
1150	29.01
1151	7.58
1152	8.17
1153	9.97
1154	1.39
1155	15.39
1156	10.97
1157	4.21
1158	10.09
1159	0.12
1160	9.15
1161	16.96
1162	32.41
1163	19.38
1164	11.17
1165	13.34
1166	31.34
1167	13.86
1168	6.69
1169	21.64
1170	12.46
1171	8.03
1172	23.38
1173	22.93
1174	21.45
1175	8.21
1176	4.04
1177	10.94
1178	5.25
1179	11.81
1180	15.7
1181	10.33
1182	9.46
1183	19.79
1184	17.25
1185	8.11
1186	8.63
1187	19.5
1188	14.87
1189	17.78
1190	17.12
1191	15.05
1192	18.35
1193	8.18
1194	1.17
1195	27.66
1196	13.76
1197	9.77
1198	10.56
1199	15.97
1200	2.48
1201	24.07
1202	19.35
1203	7.6
1204	20.41
1205	0.67
1206	11.73
1207	5.94
1208	14.39
1209	4.76
1210	14.82
1211	18.38
1212	8.92
1213	9.88
1214	1.1
1215	2.61
1216	6.94
1217	8.27
1218	13.31
1219	3.57
1220	8.74
1221	12.4
1222	1.24
1223	5.75
1224	6.2
1225	3.15
1226	0.39
1227	23.37
1228	11.56
1229	24.57
1230	13.09
1231	28.39
1232	18.63
1233	15.49
1234	18.02
1235	13.96
1236	9.18
1237	26.42
1238	7.66
1239	4.89
1240	9.88
1241	12.5
1242	5.17
1243	25.01
1244	11.49
1245	2.18
1246	15.72
1247	3.85
1248	8.14
1249	26.49
1250	11.75
1251	7.86
1252	2.54
1253	8.36
1254	13.3
1255	8.53
1256	7.7
1257	22.46
1258	5.56
1259	12.39
1260	1.93
1261	0.23
1262	10.96
1263	17.83
1264	13.55
1265	23.45
1266	3.15
1267	19.94
1268	29.73
1269	12.28
1270	11.91
1271	13.18
1272	25.21
1273	22.04
1274	20.76
1275	11.55
1276	6.03
1277	17.07
1278	13.38
1279	9.46
1280	1.21
1281	24.0
1282	5.38
1283	18.4
1284	18.0
1285	13.73
1286	9.2
1287	10.66
1288	5.31
1289	23.43
1290	6.1
1291	14.1
1292	8.91
1293	5.22
1294	16.53
1295	8.36
1296	24.15
1297	17.27
1298	14.23
1299	0.93
1300	3.79
1301	22.84
1302	27.7
1303	34.54
1304	46.98
1305	8.87
1306	4.52
1307	10.94
1308	3.41
1309	3.86
1310	14.66
1311	37.41
1312	21.89
1313	12.43
1314	11.89
1315	12.02
1316	17.61
1317	6.61
1318	11.14
1319	21.03
1320	24.66
1321	5.3
1322	3.26
1323	14.61
1324	27.31
1325	5.51
1326	4.61
1327	9.92
1328	12.04
1329	13.68
1330	9.82
1331	18.86
1332	7.1
1333	18.97
1334	2.56
1335	3.58
1336	22.07
1337	15.98
1338	21.74
1339	18.38
1340	12.18
1341	21.81
1342	22.58
1343	2.09
1344	7.22
1345	5.15
1346	8.46
1347	0.36
1348	6.56
1349	25.44
1350	3.0
1351	2.25
1352	10.03
1353	6.67
1354	10.78
1355	11.12
1356	11.39
1357	12.67
1358	21.88
1359	15.9
1360	13.39
1361	10.61
1362	26.47
1363	4.69
1364	19.92
1365	0.8
1366	8.34
1367	3.27
1368	26.01
1369	12.16
1370	28.77
1371	3.74
1372	15.55
1373	5.68
1374	15.92
1375	10.84
1376	21.58
1377	4.07
1378	1.73
1379	4.7
1380	31.91
1381	31.16
1382	7.09
1383	23.84
1384	15.67
1385	11.32
1386	7.49
1387	33.85
1388	12.56
1389	19.17
1390	13.02
1391	7.09
1392	13.29
1393	4.67
1394	25.29
1395	10.91
1396	22.12
1397	3.64
1398	15.31
1399	15.19
1400	2.69
1401	5.14
1402	4.36
1403	8.99
1404	11.7
1405	5.52
1406	14.16
1407	8.64
1408	8.52
1409	2.27
1410	28.06
1411	6.69
1412	4.59
1413	14.2
1414	23.11
1415	9.69
1416	17.98
1417	22.55
1418	26.66
1419	6.61
1420	18.89
1421	8.68
1422	21.46
1423	3.49
1424	8.38
1425	25.57
1426	13.34
1427	20.59
1428	10.21
1429	10.86
1430	13.72
1431	25.87
1432	20.87
1433	19.26
1434	18.95
1435	12.72
1436	12.81
1437	26.87
1438	12.18
1439	9.04
1440	1.96
1441	6.21
1442	19.22
1443	23.22
1444	7.12
1445	3.51
1446	9.36
1447	1.79
1448	12.66
1449	15.2
1450	7.33
1451	30.84
1452	4.51
1453	10.71
1454	7.93
1455	6.01
1456	13.88
1457	5.83
1458	23.26
1459	33.95
1460	23.29
1461	27.72
1462	19.58
1463	7.45
1464	8.13
1465	41.91
1466	6.28
1467	22.45
1468	25.63
1469	17.73
1470	6.63
1471	20.57
1472	10.39
1473	7.03
1474	15.15
1475	36.01
1476	21.97
1477	16.44
1478	10.46
1479	13.93
1480	5.73
1481	11.6
1482	4.21
1483	13.83
1484	18.13
1485	9.8
1486	19.48
1487	5.55
1488	16.2
1489	15.46
1490	15.4
1491	7.84
1492	2.61
1493	20.09
1494	4.08
1495	14.37
1496	10.94
1497	11.31
1498	13.5
1499	12.73
1500	2.64
1501	8.2
1502	4.89
1503	15.71
1504	26.88
1505	16.81
1506	7.66
1507	10.13
1508	9.51
1509	22.23
1510	0.79
1511	12.52
1512	15.76
1513	2.13
1514	4.87
1515	21.01
1516	4.65
1517	3.68
1518	14.16
1519	29.4
1520	38.24
1521	22.81
1522	29.35
1523	3.81
1524	2.63
1525	10.95
1526	17.05
1527	10.42
1528	9.87
1529	11.41
1530	0.6
1531	9.69
1532	9.2
1533	9.85
1534	2.09
1535	23.1
1536	11.5
1537	7.48
1538	6.34
1539	8.8
1540	25.25
1541	8.01
1542	24.97
1543	10.63
1544	4.21
1545	23.81
1546	11.77
1547	6.39
1548	1.56
1549	13.06
1550	15.73
1551	12.02
1552	2.99
1553	19.46
1554	8.14
1555	24.37
1556	5.67
1557	29.46
1558	17.2
1559	19.44
1560	10.08
1561	7.56
1562	18.13
1563	4.41
1564	14.45
1565	15.49
1566	8.92
1567	34.63
1568	0.41
1569	21.96
1570	15.89
1571	10.04
1572	14.05
1573	5.43
1574	5.46
1575	28.15
1576	8.05
1577	15.36
1578	3.84
1579	3.16
1580	5.14
1581	31.93
1582	18.97
1583	4.89
1584	7.22
1585	14.86
1586	2.14
1587	10.78
1588	15.42
1589	0.28
1590	12.11
1591	14.57
1592	16.86
1593	7.2
1594	0.31
1595	27.95
1596	2.26
1597	12.99
1598	8.69
1599	22.26
1600	3.1
1601	1.46
1602	11.83
1603	24.66
1604	6.44
1605	15.19
1606	2.65
1607	34.95
1608	11.82
1609	11.02
1610	1.59
1611	7.47
1612	5.02
1613	4.87
1614	6.13
1615	2.68
1616	10.47
1617	26.95
1618	27.74
1619	6.0
1620	11.44
1621	11.98
1622	19.04
1623	24.02
1624	16.06
1625	7.7
1626	10.78
1627	7.33
1628	13.06
1629	5.12
1630	16.65
1631	12.73
1632	6.7
1633	11.22
1634	3.78
1635	28.74
1636	9.59
1637	22.17
1638	13.84
1639	26.2
1640	14.06
1641	3.31
1642	29.36
1643	13.56
1644	11.71
1645	10.66
1646	30.16
1647	11.92
1648	9.38
1649	19.89
1650	9.86
1651	23.87
1652	12.37
1653	19.89
1654	8.66
1655	23.74
1656	7.57
1657	20.83
1658	2.2
1659	8.94
1660	22.56
1661	10.23
1662	15.61
1663	14.72
1664	19.1
1665	4.42
1666	1.24
1667	27.76
1668	10.05
1669	9.73
1670	3.43
1671	11.61
1672	10.65
1673	28.63
1674	15.2
1675	17.11
1676	7.33
1677	1.46
1678	3.78
1679	9.69
1680	1.6
1681	16.13
1682	8.15
1683	14.83
1684	7.16
1685	5.89
1686	18.44
1687	1.45
1688	8.8
1689	0.86
1690	7.52
1691	10.94
1692	6.75
1693	31.0
1694	19.01
1695	3.42
1696	7.86
1697	14.1
1698	2.68
1699	17.11
1700	8.32
1701	0.56
1702	16.54
1703	5.66
1704	1.74
1705	0.21
1706	18.11
1707	21.91
1708	1.7
1709	6.04
1710	11.77
1711	13.17
1712	6.39
1713	8.66
1714	1.85
1715	22.42
1716	4.48
1717	13.2
1718	10.28
1719	16.57
1720	0.62
1721	18.44
1722	12.08
1723	23.33
1724	2.29
1725	23.26
1726	10.66
1727	15.09
1728	18.97
1729	2.77
1730	16.93
1731	17.15
1732	5.7
1733	23.62
1734	7.51
1735	6.13
1736	12.36
1737	7.48
1738	15.08
1739	20.28
1740	3.24
1741	13.91
1742	8.82
1743	19.89
1744	18.17
1745	2.37
1746	19.12
1747	1.75
1748	23.85
1749	8.85
1750	22.28
1751	27.64
1752	9.45
1753	12.55
1754	1.8
1755	7.99
1756	3.25
1757	19.13
1758	9.27
1759	7.44
1760	21.23
1761	17.82
1762	5.34
1763	23.67
1764	10.56
1765	17.75
1766	10.22
1767	28.77
1768	15.45
1769	0.64
1770	0.34
1771	10.51
1772	1.47
1773	38.84
1774	6.67
1775	4.76
1776	12.81
1777	5.16
1778	32.72
1779	22.57
1780	7.15
1781	2.71
1782	10.73
1783	3.78
1784	28.38
1785	0.09
1786	15.02
1787	7.51
1788	14.52
1789	13.89
1790	4.36
1791	0.67
1792	7.04
1793	32.86
1794	5.16
1795	17.83
1796	17.17
1797	5.44
1798	16.57
1799	6.46
1800	3.86
1801	18.02
1802	28.37
1803	0.1
1804	17.48
1805	15.09
1806	5.24
1807	6.89
1808	26.09
1809	22.97
1810	13.35
1811	6.43
1812	15.44
1813	5.74
1814	7.03
1815	9.4
1816	19.09
1817	10.46
1818	13.27
1819	13.41
1820	0.53
1821	5.34
1822	10.16
1823	10.54
1824	10.73
1825	21.43
1826	9.01
1827	4.96
1828	11.24
1829	4.06
1830	1.8
1831	5.0
1832	7.98
1833	3.96
1834	9.23
1835	21.86
1836	21.58
1837	28.37
1838	7.77
1839	15.33
1840	12.91
1841	15.72
1842	9.42
1843	1.55
1844	4.44
1845	16.37
1846	21.89
1847	5.84
1848	3.13
1849	24.67
1850	4.9
1851	4.43
1852	29.87
1853	10.53
1854	3.91
1855	13.54
1856	4.29
1857	25.14
1858	13.13
1859	14.34
1860	30.41
1861	4.94
1862	4.48
1863	6.61
1864	13.07
1865	11.49
1866	8.62
1867	6.62
1868	12.18
1869	31.25
1870	9.56
1871	10.23
1872	9.35
1873	0.19
1874	22.07
1875	17.96
1876	5.7
1877	27.9
1878	0.71
1879	7.2
1880	21.05
1881	21.63
1882	14.06
1883	3.27
1884	27.93
1885	8.37
1886	15.53
1887	4.93
1888	7.84
1889	16.85
1890	6.02
1891	9.76
1892	17.29
1893	20.07
1894	16.97
1895	5.99
1896	21.85
1897	26.45
1898	5.21
1899	5.34
1900	17.99
1901	9.69
1902	11.06
1903	10.7
1904	3.03
1905	2.51
1906	22.26
1907	11.13
1908	8.16
1909	4.23
1910	1.23
1911	2.5
1912	17.73
1913	0.17
1914	14.09
1915	12.29
1916	2.83
1917	6.2
1918	5.3
1919	6.07
1920	12.39
1921	17.83
1922	21.11
1923	8.13
1924	6.5
1925	25.21
1926	10.9
1927	13.38
1928	4.53
1929	3.29
1930	16.42
1931	2.03
1932	17.06
1933	6.82
1934	16.48
1935	17.16
1936	5.03
1937	10.49
1938	32.46
1939	0.27
1940	6.65
1941	9.27
1942	7.62
1943	6.55
1944	9.17
1945	2.26
1946	15.47
1947	18.9
1948	10.87
1949	11.16
1950	0.11
1951	33.35
1952	15.38
1953	9.97
1954	30.24
1955	21.62
1956	7.77
1957	10.27
1958	1.69
1959	9.5
1960	12.31
1961	14.65
1962	16.44
1963	11.34
1964	5.38
1965	12.29
1966	17.57
1967	14.78
1968	2.34
1969	53.79
1970	16.4
1971	23.26
1972	23.15
1973	9.11
1974	14.73
1975	6.93
1976	4.02
1977	18.85
1978	9.98
1979	17.7
1980	6.45
1981	21.79
1982	3.86
1983	18.43
1984	12.51
1985	12.89
1986	2.66
1987	0.75
1988	36.15
1989	12.32
1990	9.06
1991	1.34
1992	6.03
1993	2.18
1994	9.84
1995	14.02
1996	7.45
1997	22.82
1998	5.92
1999	3.28
2000	20.11
2001	0.63
2002	2.47
2003	14.17
2004	7.21
2005	14.7
2006	17.4
2007	7.74
2008	11.92
2009	7.83
2010	2.32
2011	17.86
2012	6.62
2013	27.44
2014	15.47
2015	11.94
2016	0.37
2017	20.65
2018	13.01
2019	35.7
2020	6.62
2021	0.0
2022	31.08
2023	3.67
2024	16.89
2025	13.59
2026	27.34
2027	11.59
2028	5.87
2029	4.47
2030	4.15
2031	4.49
2032	16.38
2033	11.96
2034	7.89
2035	11.71
2036	4.33
2037	2.79
2038	1.32
2039	19.33
2040	7.51
2041	14.66
2042	22.23
2043	25.67
2044	16.41
2045	0.74
2046	13.25
2047	17.7
2048	15.59
2049	3.41
2050	8.18
2051	18.05
2052	0.77
2053	0.31
2054	6.96
2055	20.29
2056	24.2
2057	2.48
2058	21.3
2059	24.82
2060	2.18
2061	20.16
2062	8.39
2063	15.58
2064	19.87
2065	25.85
2066	0.8
2067	19.35
2068	4.85
2069	8.58
2070	17.58
2071	11.4
2072	5.08
2073	11.46
2074	14.9
2075	29.37
2076	5.22
2077	3.13
2078	20.05
2079	4.77
2080	35.16
2081	7.29
2082	20.74
2083	16.28
2084	27.81
2085	17.55
2086	0.66
2087	14.45
2088	10.95
2089	13.02
2090	9.5
2091	8.15
2092	19.23
2093	7.51
2094	9.23
2095	18.95
2096	34.02
2097	9.96
2098	33.7
2099	22.82
2100	20.0
2101	11.4
2102	10.39
2103	19.53
2104	4.1
2105	1.56
2106	7.2
2107	9.16
2108	12.58
2109	7.09
2110	2.96
2111	25.96
2112	9.57
2113	5.42
2114	38.99
2115	9.42
2116	19.64
2117	18.99
2118	33.4
2119	21.66
2120	13.26
2121	17.27
2122	2.26
2123	12.53
2124	3.53
2125	16.41
2126	33.5
2127	8.08
2128	14.38
2129	6.63
2130	9.31
2131	17.45
2132	21.18
2133	27.57
2134	19.8
2135	27.74
2136	26.42
2137	8.35
2138	9.47
2139	11.05
2140	11.11
2141	23.14
2142	17.32
2143	0.94
2144	12.33
2145	30.32
2146	0.78
2147	4.83
2148	28.12
2149	13.4
2150	27.58
2151	11.32
2152	18.89
2153	1.73
2154	1.67
2155	26.28
2156	12.52
2157	9.45
2158	10.19
2159	8.17
2160	6.01
2161	17.1
2162	25.49
2163	7.93
2164	2.87
2165	18.29
2166	1.16
2167	19.97
2168	4.18
2169	2.97
2170	10.29
2171	29.31
2172	20.02
2173	20.14
2174	8.32
2175	2.25
2176	13.43
2177	20.28
2178	19.64
2179	2.44
2180	15.03
2181	12.48
2182	14.61
2183	10.1
2184	15.71
2185	10.52
2186	9.4
2187	16.48
2188	12.28
2189	21.97
2190	2.42
2191	7.94
2192	6.13
2193	29.22
2194	2.48
2195	14.64
2196	5.17
2197	3.86
2198	0.42
2199	2.52
2200	17.64
2201	14.93
2202	17.02
2203	8.48
2204	12.79
2205	34.79
2206	4.24
2207	23.7
2208	1.16
2209	1.37
2210	1.55
2211	23.31
2212	18.59
2213	13.82
2214	9.7
2215	11.01
2216	19.52
2217	24.42
2218	25.49
2219	20.68
2220	4.15
2221	15.34
2222	7.05
2223	9.96
2224	13.49
2225	17.71
2226	32.69
2227	7.3
2228	15.28
2229	29.0
2230	23.25
2231	14.96
2232	17.36
2233	22.14
2234	14.06
2235	5.77
2236	16.96
2237	15.65
2238	19.42
2239	7.4
2240	26.73
2241	19.78
2242	6.89
2243	7.56
2244	13.11
2245	2.96
2246	0.03
2247	4.23
2248	5.63
2249	15.11
2250	33.55
2251	1.6
2252	5.13
2253	27.02
2254	0.19
2255	23.2
2256	15.77
2257	11.76
2258	3.0
2259	8.02
2260	31.18
2261	29.73
2262	8.78
2263	3.4
2264	13.97
2265	18.46
2266	28.1
2267	1.75
2268	8.57
2269	2.31
2270	30.56
2271	24.19
2272	1.85
2273	20.87
2274	18.29
2275	4.62
2276	6.23
2277	10.16
2278	14.65
2279	0.59
2280	12.51
2281	11.31
2282	16.34
2283	17.14
2284	1.73
2285	16.22
2286	10.42
2287	12.0
2288	23.07
2289	5.78
2290	6.78
2291	6.37
2292	9.27
2293	38.09
2294	28.01
2295	22.91
2296	16.79
2297	4.82
2298	6.26
2299	27.18
2300	4.76
2301	1.63
2302	2.8
2303	29.85
2304	17.96
2305	2.31
2306	7.71
2307	1.08
2308	33.48
2309	15.12
2310	0.19
2311	10.88
2312	19.16
2313	28.92
2314	2.24
2315	8.04
2316	14.02
2317	18.52
2318	13.87
2319	4.68
2320	24.3
2321	5.19
2322	17.58
2323	24.85
2324	7.67
2325	1.47
2326	8.24
2327	1.5
2328	23.6
2329	0.67
2330	15.91
2331	8.2
2332	0.19
2333	9.66
2334	13.83
2335	14.76
2336	18.38
2337	10.37
2338	5.47
2339	9.55
2340	13.92
2341	24.98
2342	5.32
2343	10.29
2344	1.38
2345	12.51
2346	37.27
2347	10.49
2348	8.84
2349	4.39
2350	14.04
2351	13.23
2352	10.36
2353	7.24
2354	16.9
2355	26.1
2356	10.91
2357	2.48
2358	11.66
2359	33.47
2360	7.4
2361	8.63
2362	19.95
2363	23.91
2364	10.16
2365	4.82
2366	3.59
2367	13.37
2368	14.61
2369	7.04
2370	10.43
2371	26.86
2372	8.81
2373	4.66
2374	29.98
2375	11.54
2376	23.65
2377	17.22
2378	5.17
2379	0.23
2380	13.03
2381	15.97
2382	16.98
2383	11.18
2384	9.64
2385	4.63
2386	7.65
2387	5.75
2388	0.06
2389	19.57
2390	0.77
2391	32.16
2392	9.17
2393	14.73
2394	1.15
2395	4.3
2396	20.3
2397	7.21
2398	2.51
2399	8.96
2400	4.02
2401	5.62
2402	11.27
2403	25.95
2404	28.81
2405	3.01
2406	22.96
2407	10.67
2408	20.42
2409	16.76
2410	15.25
2411	8.86
2412	12.82
2413	5.3
2414	2.43
2415	9.11
2416	8.66
2417	9.6
2418	16.4
2419	14.19
2420	8.86
2421	17.6
2422	9.6
2423	11.5
2424	15.75
2425	10.88
2426	5.18
2427	7.84
2428	17.31
2429	20.23
2430	2.34
2431	11.35
2432	5.22
2433	16.83
2434	9.88
2435	3.16
2436	3.66
2437	10.0
2438	5.53
2439	2.74
2440	8.93
2441	12.84
2442	19.83
2443	9.0
2444	1.65
2445	7.11
2446	11.88
2447	12.78
2448	3.55
2449	12.01
2450	14.06
2451	16.68
2452	20.75
2453	15.46
2454	17.17
2455	6.47
2456	3.21
2457	17.51
2458	26.25
2459	7.37
2460	2.69
2461	23.1
2462	7.54
2463	14.13
2464	17.15
2465	20.09
2466	16.53
2467	4.5
2468	17.77
2469	2.96
2470	13.2
2471	4.99
2472	1.9
2473	5.91
2474	13.37
2475	8.95
2476	4.3
2477	5.7
2478	8.57
2479	17.6
2480	9.69
2481	17.57
2482	16.19
2483	15.19
2484	11.11
2485	8.7
2486	27.92
2487	5.76
2488	2.81
2489	15.19
2490	7.84
2491	21.41
2492	0.39
2493	18.73
2494	1.02
2495	27.69
2496	5.93
2497	12.51
2498	0.47
2499	2.37
2500	13.76
2501	6.23
2502	1.09
2503	6.65
2504	15.16
2505	30.2
2506	19.35
2507	2.71
2508	17.89
2509	6.94
2510	21.97
2511	9.29
2512	33.12
2513	2.56
2514	6.77
2515	8.59
2516	25.1
2517	2.29
2518	4.22
2519	17.75
2520	10.25
2521	9.56
2522	29.26
2523	8.28
2524	14.89
2525	3.24
2526	14.89
2527	10.81
2528	3.77
2529	14.41
2530	11.11
2531	9.88
2532	15.6
2533	18.06
2534	1.43
2535	15.22
2536	7.36
2537	11.3
2538	3.44
2539	18.49
2540	14.12
2541	21.28
2542	18.37
2543	2.23
2544	3.68
2545	10.35
2546	20.57
2547	6.57
2548	2.43
2549	13.37
2550	0.97
2551	7.15
2552	5.83
2553	8.64
2554	24.68
2555	2.79
2556	16.41
2557	7.59
2558	6.37
2559	12.91
2560	6.14
2561	2.77
2562	3.08
2563	14.91
2564	10.56
2565	12.24
2566	7.33
2567	20.95
2568	21.66
2569	8.9
2570	32.17
2571	8.04
2572	7.45
2573	35.52
2574	12.26
2575	5.03
2576	11.97
2577	14.78
2578	14.08
2579	2.64
2580	1.22
2581	8.61
2582	11.73
2583	18.98
2584	28.63
2585	6.46
2586	17.3
2587	29.01
2588	23.86
2589	11.91
2590	0.88
2591	22.45
2592	4.3
2593	14.72
2594	1.25
2595	7.33
2596	0.54
2597	19.2
2598	22.21
2599	19.94
2600	10.04
2601	5.92
2602	41.52
2603	1.98
2604	16.86
2605	21.17
2606	25.2
2607	8.35
2608	12.03
2609	19.36
2610	6.82
2611	17.78
2612	8.83
2613	28.39
2614	0.7
2615	8.37
2616	12.9
2617	1.94
2618	5.56
2619	21.23
2620	15.96
2621	23.53
2622	22.89
2623	2.54
2624	14.22
2625	11.52
2626	19.53
2627	3.26
2628	0.45
2629	15.43
2630	17.01
2631	7.65
2632	24.19
2633	31.5
2634	25.39
2635	12.53
2636	9.0
2637	19.51
2638	21.66
2639	7.81
2640	2.11
2641	23.87
2642	20.64
2643	20.17
2644	11.72
2645	0.63
2646	26.29
2647	26.34
2648	12.41
2649	13.18
2650	18.04
2651	22.11
2652	22.52
2653	0.18
2654	7.85
2655	28.3
2656	19.11
2657	28.89
2658	25.24
2659	0.16
2660	5.78
2661	3.54
2662	8.7
2663	11.21
2664	0.93
2665	1.23
2666	10.85
2667	5.05
2668	17.02
2669	4.16
2670	0.88
2671	0.73
2672	19.79
2673	7.67
2674	19.49
2675	1.88
2676	0.47
2677	10.17
2678	24.88
2679	2.38
2680	0.21
2681	14.77
2682	32.76
2683	3.04
2684	22.9
2685	18.83
2686	19.34
2687	15.97
2688	9.43
2689	1.86
2690	31.62
2691	5.62
2692	11.07
2693	4.74
2694	12.23
2695	13.25
2696	0.89
2697	33.1
2698	7.65
2699	2.49
2700	1.37
2701	22.41
2702	18.55
2703	10.04
2704	5.7
2705	3.55
2706	20.49
2707	2.44
2708	24.22
2709	15.75
2710	4.1
2711	9.11
2712	11.5
2713	1.43
2714	11.82
2715	1.05
2716	6.44
2717	7.92
2718	0.59
2719	11.77
2720	12.49
2721	7.71
2722	1.62
2723	26.14
2724	10.64
2725	12.53
2726	16.68
2727	11.32
2728	10.2
2729	10.49
2730	9.21
2731	14.35
2732	15.21
2733	12.08
2734	17.31
2735	1.98
2736	6.76
2737	4.47
2738	14.09
2739	17.6
2740	19.78
2741	27.7
2742	11.31
2743	17.47
2744	11.56
2745	32.34
2746	35.73
2747	11.98
2748	14.94
2749	5.35
2750	4.55
2751	6.81
2752	5.94
2753	13.31
2754	26.42
2755	5.32
2756	22.67
2757	8.62
2758	0.74
2759	4.5
2760	13.52
2761	6.49
2762	1.84
2763	11.86
2764	2.58
2765	11.83
2766	19.02
2767	8.93
2768	11.37
2769	26.87
2770	10.54
2771	25.4
2772	19.41
2773	6.64
2774	10.66
2775	26.66
2776	9.28
2777	28.64
2778	3.71
2779	4.85
2780	6.57
2781	6.89
2782	21.72
2783	3.53
2784	15.5
2785	19.6
2786	5.01
2787	22.67
2788	2.06
2789	12.93
2790	9.61
2791	7.08
2792	18.79
2793	0.29
2794	13.68
2795	21.91
2796	11.02
2797	4.23
2798	10.49
2799	23.4
2800	12.3
2801	8.74
2802	3.51
2803	17.3
2804	25.97
2805	17.45
2806	0.18
2807	4.23
2808	27.16
2809	24.12
2810	10.74
2811	7.7
2812	11.74
2813	32.05
2814	9.71
2815	7.2
2816	34.36
2817	7.59
2818	0.67
2819	7.27
2820	6.91
2821	13.16
2822	25.18
2823	4.56
2824	21.94
2825	13.71
2826	5.67
2827	13.97
2828	35.57
2829	0.35
2830	11.79
2831	34.88
2832	12.61
2833	2.81
2834	4.07
2835	26.49
2836	1.41
2837	28.12
2838	6.61
2839	10.01
2840	8.13
2841	17.34
2842	15.23
2843	2.94
2844	4.57
2845	14.38
2846	21.32
2847	6.52
2848	36.9
2849	12.22
2850	21.06
2851	1.2
2852	10.14
2853	11.17
2854	2.48
2855	3.96
2856	11.82
2857	5.6
2858	3.69
2859	11.46
2860	20.36
2861	14.2
2862	3.23
2863	3.88
2864	15.41
2865	6.03
2866	22.05
2867	0.07
2868	15.66
2869	10.5
2870	3.77
2871	12.26
2872	6.14
2873	19.56
2874	18.8
2875	25.82
2876	12.3
2877	8.89
2878	24.47
2879	24.75
2880	1.81
2881	13.32
2882	5.7
2883	2.32
2884	4.89
2885	0.13
2886	8.23
2887	4.5
2888	28.45
2889	0.4
2890	9.63
2891	10.57
2892	18.4
2893	3.06
2894	7.98
2895	19.81
2896	4.8
2897	19.39
2898	22.5
2899	9.19
2900	10.52
2901	18.58
2902	3.34
2903	4.68
2904	6.31
2905	15.01
2906	19.82
2907	5.79
2908	6.73
2909	9.79
2910	7.47
2911	12.28
2912	12.82
2913	0.59
2914	37.35
2915	10.03
2916	17.18
2917	27.53
2918	3.34
2919	2.05
2920	12.44
2921	0.95
2922	4.61
2923	28.25
2924	16.81
2925	17.02
2926	12.13
2927	6.33
2928	7.54
2929	1.61
2930	6.76
2931	16.37
2932	13.21
2933	22.44
2934	19.34
2935	15.22
2936	6.13
2937	20.73
2938	18.7
2939	8.06
2940	6.5
2941	3.74
2942	4.01
2943	6.84
2944	6.61
2945	4.78
2946	26.44
2947	12.05
2948	13.86
2949	0.18
2950	17.9
2951	8.18
2952	11.49
2953	0.53
2954	1.01
2955	1.18
2956	9.38
2957	26.54
2958	21.96
2959	7.66
2960	9.46
2961	16.6
2962	3.45
2963	3.56
2964	24.86
2965	2.7
2966	2.13
2967	0.76
2968	11.15
2969	9.61
2970	11.68
2971	15.16
2972	5.92
2973	6.24
2974	12.2
2975	1.58
2976	10.69
2977	8.0
2978	3.2
2979	13.27
2980	9.59
2981	23.88
2982	4.31
2983	3.41
2984	7.49
2985	13.04
2986	18.99
2987	20.53
2988	0.27
2989	3.91
2990	1.73
2991	7.16
2992	13.53
2993	21.6
2994	14.46
2995	12.87
2996	13.34
2997	6.57
2998	3.92
2999	3.62
3000	19.95
3001	25.28
3002	6.82
3003	11.52
3004	4.07
3005	28.25
3006	3.03
3007	28.44
3008	17.6
3009	0.58
3010	15.47
3011	15.62
3012	3.66
3013	16.02
3014	4.81
3015	8.41
3016	4.89
3017	21.94
3018	13.65
3019	2.09
3020	18.39
3021	20.42
3022	11.94
3023	15.35
3024	6.03
3025	14.07
3026	15.65
3027	9.94
3028	18.32
3029	7.47
3030	8.66
3031	21.42
3032	6.31
3033	4.61
3034	28.36
3035	12.75
3036	15.84
3037	5.46
3038	23.14
3039	8.69
3040	6.14
3041	9.38
3042	9.43
3043	2.59
3044	13.38
3045	9.52
3046	22.51
3047	3.3
3048	2.31
3049	1.53
3050	2.42
3051	2.77
3052	11.8
3053	21.2
3054	19.69
3055	32.78
3056	16.54
3057	5.92
3058	16.0
3059	0.65
3060	18.4
3061	10.18
3062	9.67
3063	6.41
3064	2.93
3065	32.69
3066	19.37
3067	11.27
3068	4.72
3069	4.68
3070	12.29
3071	37.96
3072	20.43
3073	11.88
3074	9.88
3075	40.99
3076	26.02
3077	4.01
3078	6.73
3079	0.95
3080	11.35
3081	13.08
3082	4.61
3083	29.67
3084	16.72
3085	12.66
3086	17.3
3087	4.58
3088	6.78
3089	2.81
3090	4.31
3091	5.93
3092	23.38
3093	40.52
3094	18.94
3095	1.72
3096	1.13
3097	9.42
3098	12.51
3099	6.3
3100	13.71
3101	6.82
3102	4.86
3103	4.46
3104	7.05
3105	4.1
3106	21.74
3107	20.31
3108	11.81
3109	9.45
3110	18.84
3111	12.52
3112	12.27
3113	21.29
3114	9.11
3115	11.97
3116	9.31
3117	13.32
3118	21.26
3119	22.63
3120	10.37
3121	26.91
3122	15.13
3123	6.47
3124	17.48
3125	9.06
3126	15.16
3127	14.32
3128	12.81
3129	21.14
3130	14.24
3131	9.9
3132	12.37
3133	3.37
3134	21.92
3135	14.08
3136	7.72
3137	19.24
3138	10.85
3139	22.65
3140	2.51
3141	17.0
3142	17.21
3143	23.63
3144	33.81
3145	3.78
3146	29.6
3147	10.44
3148	14.04
3149	18.91
3150	7.41
3151	10.34
3152	10.41
3153	27.77
3154	22.63
3155	7.08
3156	13.52
3157	8.01
3158	37.18
3159	24.1
3160	9.95
3161	20.18
3162	1.47
3163	8.47
3164	2.81
3165	9.27
3166	7.17
3167	1.51
3168	2.86
3169	24.15
3170	2.0
3171	2.41
3172	30.32
3173	28.21
3174	8.33
3175	12.32
3176	1.41
3177	15.27
3178	36.12
3179	12.46
3180	16.04
3181	0.58
3182	9.02
3183	29.63
3184	10.56
3185	12.37
3186	14.05
3187	7.17
3188	13.09
3189	7.93
3190	27.4
3191	2.84
3192	0.56
3193	17.78
3194	17.43
3195	8.68
3196	0.68
3197	3.8
3198	1.68
3199	6.95
3200	6.73
3201	0.05
3202	14.01
3203	3.48
3204	2.94
3205	21.37
3206	22.91
3207	3.1
3208	9.22
3209	9.43
3210	6.03
3211	1.5
3212	5.13
3213	5.17
3214	5.88
3215	11.37
3216	1.05
3217	9.49
3218	17.04
3219	8.43
3220	28.4
3221	3.81
3222	27.42
3223	15.28
3224	2.1
3225	26.36
3226	20.83
3227	13.08
3228	12.97
3229	18.51
3230	11.08
3231	4.27
3232	8.46
3233	5.52
3234	2.09
3235	8.4
3236	2.54
3237	10.79
3238	15.08
3239	23.6
3240	18.18
3241	2.84
3242	9.56
3243	8.63
3244	4.8
3245	7.01
3246	3.68
3247	3.07
3248	4.47
3249	4.37
3250	11.87
3251	21.03
3252	4.33
3253	10.61
3254	17.63
3255	9.22
3256	2.82
3257	4.47
3258	14.0
3259	24.88
3260	1.56
3261	6.68
3262	27.95
3263	6.3
3264	34.48
3265	14.39
3266	12.34
3267	18.78
3268	21.11
3269	15.0
3270	19.1
3271	10.58
3272	17.51
3273	13.38
3274	20.75
3275	26.24
3276	16.54
3277	20.56
3278	1.72
3279	10.99
3280	4.08
3281	0.23
3282	6.09
3283	4.14
3284	21.16
3285	20.1
3286	5.15
3287	9.41
3288	7.32
3289	15.34
3290	12.63
3291	28.24
3292	8.65
3293	7.39
3294	2.83
3295	5.92
3296	1.56
3297	16.8
3298	6.91
3299	19.77
3300	10.75
3301	32.66
3302	0.31
3303	28.89
3304	2.38
3305	10.63
3306	0.17
3307	14.81
3308	0.67
3309	37.42
3310	2.95
3311	17.06
3312	26.78
3313	7.61
3314	9.89
3315	9.24
3316	2.77
3317	10.0
3318	0.96
3319	12.94
3320	0.29
3321	20.91
3322	21.18
3323	16.76
3324	14.05
3325	1.84
3326	0.35
3327	21.96
3328	23.22
3329	11.64
3330	15.53
3331	11.18
3332	20.65
3333	14.26
3334	7.53
3335	11.72
3336	14.12
3337	3.91
3338	8.12
3339	3.7
3340	19.99
3341	19.24
3342	8.08
3343	8.65
3344	5.97
3345	0.39
3346	26.99
3347	15.94
3348	26.28
3349	10.21
3350	21.84
3351	4.31
3352	0.0
3353	16.08
3354	4.26
3355	0.21
3356	28.54
3357	18.16
3358	1.75
3359	13.91
3360	4.89
3361	11.78
3362	1.66
3363	1.77
3364	18.56
3365	20.71
3366	18.06
3367	11.37
3368	19.91
3369	0.02
3370	8.98
3371	17.39
3372	2.13
3373	17.95
3374	20.29
3375	16.83
3376	41.15
3377	16.21
3378	6.55
3379	4.01
3380	23.83
3381	7.55
3382	25.59
3383	21.62
3384	14.78
3385	11.89
3386	11.14
3387	9.88
3388	35.59
3389	16.01
3390	25.88
3391	13.58
3392	7.86
3393	20.11
3394	6.2
3395	27.0
3396	14.62
3397	1.67
3398	2.23
3399	1.26
3400	20.01
3401	12.33
3402	2.25
3403	26.53
3404	7.65
3405	2.7
3406	4.92
3407	8.24
3408	21.78
3409	4.49
3410	11.11
3411	10.74
3412	8.2
3413	13.06
3414	8.53
3415	18.38
3416	16.51
3417	16.97
3418	4.36
3419	17.95
3420	2.72
3421	8.69
3422	14.62
3423	5.94
3424	11.82
3425	15.74
3426	21.38
3427	13.95
3428	6.61
3429	20.89
3430	9.5
3431	4.54
3432	2.8
3433	2.61
3434	11.62
3435	13.84
3436	13.06
3437	22.82
3438	11.7
3439	8.81
3440	22.54
3441	20.68
3442	20.96
3443	12.51
3444	1.37
3445	13.92
3446	21.7
3447	23.84
3448	5.21
3449	21.91
3450	7.29
3451	18.25
3452	32.04
3453	6.76
3454	1.39
3455	15.28
3456	12.61
3457	0.74
3458	11.87
3459	33.79
3460	7.92
3461	5.07
3462	20.64
3463	6.45
3464	14.4
3465	13.2
3466	31.02
3467	25.33
3468	4.61
3469	15.21
3470	13.27
3471	3.09
3472	0.7
3473	13.02
3474	7.61
3475	14.85
3476	2.86
3477	19.78
3478	19.03
3479	8.41
3480	11.82
3481	13.51
3482	11.87
3483	32.51
3484	5.83
3485	17.7
3486	23.55
3487	16.44
3488	4.47
3489	5.05
3490	28.23
3491	12.63
3492	0.42
3493	23.98
3494	0.28
3495	2.46
3496	13.25
3497	14.39
3498	5.82
3499	14.05
3500	16.98
3501	10.28
3502	8.97
3503	0.41
3504	3.57
3505	26.08
3506	23.84
3507	24.23
3508	3.59
3509	24.04
3510	22.98
3511	8.72
3512	4.64
3513	9.96
3514	7.15
3515	9.91
3516	3.65
3517	4.03
3518	19.43
3519	8.31
3520	15.71
3521	14.11
3522	5.61
3523	6.97
3524	0.77
3525	9.9
3526	10.15
3527	14.8
3528	10.92
3529	8.2
3530	7.81
3531	7.57
3532	7.17
3533	13.65
3534	12.44
3535	4.23
3536	7.63
3537	2.25
3538	22.11
3539	6.22
3540	19.76
3541	9.27
3542	5.5
3543	12.61
3544	21.47
3545	16.33
3546	17.28
3547	8.48
3548	11.97
3549	2.54
3550	5.07
3551	1.0
3552	12.9
3553	17.76
3554	19.83
3555	18.39
3556	29.61
3557	5.01
3558	12.17
3559	9.23
3560	8.65
3561	13.17
3562	12.12
3563	17.31
3564	10.8
3565	18.41
3566	7.92
3567	12.6
3568	13.28
3569	4.3
3570	28.63
3571	16.36
3572	14.68
3573	8.95
3574	13.74
3575	9.04
3576	6.04
3577	6.91
3578	8.5
3579	27.42
3580	28.31
3581	1.7
3582	25.36
3583	2.81
3584	4.31
3585	19.98
3586	4.75
3587	6.46
3588	5.45
3589	3.27
3590	14.24
3591	10.56
3592	21.33
3593	3.77
3594	9.99
3595	3.31
3596	20.98
3597	6.37
3598	11.67
3599	14.4
3600	2.17
3601	23.76
3602	1.72
3603	19.38
3604	17.52
3605	0.73
3606	3.25
3607	8.27
3608	33.06
3609	2.82
3610	30.55
3611	12.64
3612	17.32
3613	11.22
3614	2.19
3615	11.27
3616	8.38
3617	9.96
3618	11.33
3619	10.74
3620	16.84
3621	14.53
3622	8.19
3623	23.92
3624	6.96
3625	6.69
3626	14.42
3627	21.77
3628	18.01
3629	21.13
3630	5.05
3631	17.32
3632	2.83
3633	5.07
3634	10.67
3635	17.33
3636	3.41
3637	9.04
3638	10.76
3639	17.28
3640	3.96
3641	16.93
3642	11.74
3643	5.86
3644	5.03
3645	14.17
3646	11.88
3647	16.19
3648	17.29
3649	11.26
3650	17.8
3651	7.44
3652	8.14
3653	35.74
3654	22.56
3655	18.36
3656	14.01
3657	13.74
3658	0.1
3659	12.75
3660	10.35
3661	11.14
3662	12.03
3663	9.93
3664	33.69
3665	31.88
3666	15.03
3667	16.85
3668	7.39
3669	2.87
3670	12.73
3671	1.6
3672	26.15
3673	7.04
3674	10.58
3675	19.64
3676	17.83
3677	9.99
3678	9.35
3679	13.21
3680	11.81
3681	26.62
3682	8.88
3683	12.86
3684	21.46
3685	4.17
3686	5.6
3687	12.41
3688	22.41
3689	15.64
3690	11.39
3691	22.05
3692	7.22
3693	9.52
3694	22.59
3695	22.45
3696	6.78
3697	18.12
3698	6.64
3699	11.95
3700	0.4
3701	19.29
3702	12.0
3703	26.53
3704	6.44
3705	19.26
3706	10.72
3707	19.73
3708	15.45
3709	23.81
3710	17.23
3711	19.05
3712	9.41
3713	2.72
3714	5.48
3715	8.9
3716	18.81
3717	13.45
3718	16.02
3719	16.91
3720	2.82
3721	1.02
3722	20.17
3723	5.74
3724	23.3
3725	11.99
3726	5.31
3727	1.24
3728	9.01
3729	24.83
3730	18.72
3731	2.01
3732	21.46
3733	1.51
3734	8.41
3735	9.32
3736	7.25
3737	16.1
3738	4.39
3739	17.08
3740	25.56
3741	35.84
3742	5.53
3743	15.31
3744	22.57
3745	25.08
3746	21.84
3747	6.44
3748	14.1
3749	6.15
3750	1.8
3751	4.95
3752	13.6
3753	8.06
3754	4.56
3755	14.18
3756	23.6
3757	15.84
3758	24.37
3759	14.31
3760	21.75
3761	8.05
3762	7.18
3763	3.75
3764	6.48
3765	36.76
3766	27.61
3767	15.54
3768	14.78
3769	10.86
3770	18.21
3771	3.45
3772	14.34
3773	19.95
3774	16.24
3775	8.71
3776	12.65
3777	2.22
3778	32.66
3779	7.38
3780	15.47
3781	13.17
3782	15.61
3783	8.31
3784	17.99
3785	3.43
3786	7.09
3787	5.08
3788	12.01
3789	17.99
3790	12.3
3791	17.46
3792	8.76
3793	16.51
3794	4.02
3795	0.21
3796	13.06
3797	2.1
3798	4.89
3799	8.98
3800	11.87
3801	19.76
3802	33.0
3803	7.07
3804	14.24
3805	11.08
3806	13.38
3807	9.85
3808	3.61
3809	20.84
3810	6.33
3811	17.53
3812	21.35
3813	20.63
3814	6.16
3815	12.17
3816	6.07
3817	12.37
3818	21.12
3819	20.09
3820	3.84
3821	18.98
3822	0.4
3823	28.83
3824	8.5
3825	15.25
3826	0.27
3827	8.5
3828	7.77
3829	0.84
3830	9.66
3831	13.13
3832	15.74
3833	19.36
3834	16.18
3835	2.49
3836	33.28
3837	20.08
3838	4.53
3839	20.77
3840	30.0
3841	9.06
3842	12.3
3843	12.63
3844	11.82
3845	2.69
3846	14.91
3847	5.77
3848	9.79
3849	18.8
3850	14.78
3851	9.61
3852	11.19
3853	9.92
3854	33.86
3855	0.3
3856	22.13
3857	16.82
3858	13.21
3859	2.09
3860	1.03
3861	44.28
3862	9.39
3863	17.81
3864	20.79
3865	10.02
3866	12.65
3867	5.48
3868	11.19
3869	21.83
3870	14.29
3871	7.2
3872	10.64
3873	11.89
3874	18.05
3875	9.51
3876	21.39
3877	13.3
3878	24.37
3879	9.03
3880	3.69
3881	20.97
3882	4.64
3883	31.05
3884	3.89
3885	9.81
3886	17.89
3887	12.89
3888	23.17
3889	13.88
3890	13.97
3891	15.9
3892	15.43
3893	0.88
3894	0.27
3895	0.79
3896	10.97
3897	19.88
3898	21.46
3899	27.93
3900	4.26
3901	9.96
3902	8.02
3903	11.03
3904	19.63
3905	19.9
3906	15.03
3907	7.06
3908	11.82
3909	24.59
3910	7.94
3911	11.78
3912	9.83
3913	24.98
3914	5.34
3915	14.03
3916	14.92
3917	34.91
3918	6.46
3919	8.15
3920	7.65
3921	5.69
3922	22.9
3923	12.52
3924	32.83
3925	8.1
3926	0.63
3927	11.86
3928	18.64
3929	1.48
3930	10.76
3931	4.17
3932	15.13
3933	8.3
3934	18.29
3935	2.14
3936	5.7
3937	0.37
3938	24.95
3939	11.29
3940	1.9
3941	2.64
3942	19.24
3943	14.67
3944	13.6
3945	12.79
3946	2.38
3947	8.68
3948	19.64
3949	16.67
3950	9.57
3951	18.18
3952	10.48
3953	28.72
3954	8.36
3955	24.25
3956	1.48
3957	2.31
3958	1.19
3959	18.81
3960	18.62
3961	20.73
3962	29.46
3963	4.96
3964	8.71
3965	29.83
3966	21.66
3967	8.85
3968	23.65
3969	2.2
3970	26.57
3971	14.91
3972	0.91
3973	16.98
3974	6.8
3975	9.95
3976	2.6
3977	23.58
3978	13.34
3979	6.54
3980	24.17
3981	1.43
3982	22.33
3983	15.15
3984	4.7
3985	3.11
3986	2.64
3987	6.94
3988	13.31
3989	12.57
3990	7.88
3991	23.26
3992	4.83
3993	28.77
3994	20.63
3995	12.23
3996	9.75
3997	11.91
3998	5.11
3999	3.02
4000	4.38
4001	22.21
4002	1.98
4003	15.98
4004	15.36
4005	2.53
4006	18.99
4007	28.79
4008	24.33
4009	7.88
4010	11.2
4011	1.84
4012	5.91
4013	3.75
4014	8.71
4015	12.73
4016	3.58
4017	13.34
4018	11.9
4019	11.7
4020	12.94
4021	0.83
4022	18.49
4023	11.56
4024	23.26
4025	10.29
4026	1.53
4027	3.37
4028	20.17
4029	12.28
4030	5.71
4031	24.06
4032	17.83
4033	8.86
4034	4.63
4035	27.18
4036	20.3
4037	3.04
4038	14.47
4039	13.33
4040	5.6
4041	3.82
4042	7.51
4043	0.01
4044	9.71
4045	23.81
4046	11.41
4047	14.55
4048	6.34
4049	22.47
4050	7.96
4051	15.15
4052	16.55
4053	13.86
4054	3.55
4055	11.67
4056	20.1
4057	13.0
4058	25.44
4059	3.38
4060	18.69
4061	5.51
4062	21.84
4063	16.22
4064	18.14
4065	25.05
4066	13.3
4067	10.7
4068	40.57
4069	21.66
4070	11.92
4071	14.33
4072	13.56
4073	8.61
4074	19.46
4075	8.05
4076	15.72
4077	14.4
4078	14.8
4079	23.07
4080	8.43
4081	13.33
4082	2.3
4083	7.24
4084	14.13
4085	19.32
4086	2.33
4087	2.75
4088	21.29
4089	3.94
4090	26.7
4091	6.89
4092	22.34
4093	18.02
4094	17.34
4095	14.95
4096	14.23
4097	7.48
4098	5.05
4099	12.56
4100	12.02
4101	0.83
4102	5.49
4103	16.37
4104	19.22
4105	13.84
4106	14.64
4107	4.89
4108	14.49
4109	5.17
4110	4.32
4111	7.82
4112	0.01
4113	9.12
4114	7.61
4115	8.73
4116	13.84
4117	4.45
4118	18.86
4119	29.0
4120	8.01
4121	1.93
4122	14.02
4123	16.34
4124	13.06
4125	12.99
4126	8.21
4127	27.81
4128	11.69
4129	3.03
4130	11.26
4131	16.41
4132	9.26
4133	8.25
4134	19.27
4135	5.24
4136	0.33
4137	13.98
4138	6.95
4139	8.57
4140	4.34
4141	0.14
4142	1.26
4143	2.2
4144	9.37
4145	36.71
4146	19.35
4147	7.61
4148	7.13
4149	4.27
4150	13.04
4151	10.27
4152	21.45
4153	16.24
4154	6.39
4155	28.02
4156	25.87
4157	10.02
4158	1.0
4159	21.14
4160	29.36
4161	27.1
4162	13.21
4163	13.68
4164	11.61
4165	13.76
4166	1.05
4167	3.02
4168	2.46
4169	12.02
4170	8.61
4171	11.82
4172	9.35
4173	5.76
4174	10.36
4175	31.16
4176	20.5
4177	1.77
4178	3.33
4179	2.21
4180	25.28
4181	29.69
4182	14.27
4183	27.31
4184	0.18
4185	24.4
4186	2.59
4187	14.83
4188	16.61
4189	16.45
4190	17.13
4191	1.64
4192	6.66
4193	1.56
4194	1.78
4195	4.14
4196	12.8
4197	17.66
4198	21.07
4199	16.18
4200	23.61
4201	14.13
4202	13.93
4203	17.14
4204	35.92
4205	23.14
4206	9.17
4207	12.2
4208	6.68
4209	16.1
4210	22.8
4211	20.44
4212	7.5
4213	20.86
4214	3.46
4215	18.73
4216	31.53
4217	19.94
4218	10.97
4219	2.18
4220	17.97
4221	19.29
4222	4.49
4223	10.15
4224	8.22
4225	9.92
4226	20.3
4227	12.99
4228	16.07
4229	24.64
4230	9.12
4231	11.23
4232	11.69
4233	4.22
4234	22.32
4235	3.98
4236	6.95
4237	15.05
4238	9.05
4239	24.9
4240	33.29
4241	18.21
4242	22.06
4243	3.39
4244	9.02
4245	21.94
4246	11.84
4247	5.6
4248	10.85
4249	22.53
4250	22.17
4251	4.31
4252	7.88
4253	6.98
4254	1.56
4255	15.11
4256	19.75
4257	19.54
4258	13.13
4259	6.71
4260	14.4
4261	0.35
4262	7.09
4263	23.5
4264	13.41
4265	8.31
4266	6.65
4267	5.17
4268	0.26
4269	4.84
4270	25.93
4271	21.77
4272	3.65
4273	0.88
4274	16.92
4275	4.03
4276	12.66
4277	1.96
4278	14.77
4279	14.21
4280	9.78
4281	1.04
4282	1.7
4283	9.48
4284	1.3
4285	36.69
4286	16.68
4287	8.37
4288	8.83
4289	2.44
4290	7.98
4291	24.64
4292	25.24
4293	4.46
4294	4.83
4295	19.91
4296	7.56
4297	17.82
4298	3.91
4299	12.49
4300	11.13
4301	19.63
4302	12.58
4303	14.81
4304	1.63
4305	6.54
4306	20.94
4307	30.96
4308	24.9
4309	6.64
4310	0.1
4311	7.88
4312	15.41
4313	12.23
4314	14.14
4315	13.77
4316	16.16
4317	6.41
4318	6.19
4319	20.07
4320	23.7
4321	3.29
4322	37.04
4323	4.11
4324	12.42
4325	10.23
4326	17.99
4327	14.29
4328	9.66
4329	3.05
4330	12.8
4331	8.67
4332	4.99
4333	10.66
4334	9.48
4335	9.84
4336	3.48
4337	33.29
4338	12.51
4339	10.21
4340	24.02
4341	2.65
4342	7.86
4343	7.97
4344	18.43
4345	22.08
4346	4.61
4347	8.89
4348	19.76
4349	21.78
4350	29.08
4351	7.94
4352	21.58
4353	5.06
4354	9.4
4355	13.11
4356	5.5
4357	15.85
4358	14.81
4359	16.78
4360	1.79
4361	9.84
4362	0.1
4363	19.8
4364	8.37
4365	19.93
4366	10.25
4367	14.31
4368	15.26
4369	5.31
4370	23.24
4371	7.79
4372	12.32
4373	17.73
4374	10.72
4375	27.39
4376	13.33
4377	1.04
4378	28.84
4379	29.04
4380	10.5
4381	4.2
4382	11.79
4383	24.52
4384	13.56
4385	10.6
4386	7.72
4387	4.34
4388	5.46
4389	16.99
4390	16.94
4391	11.91
4392	9.56
4393	35.43
4394	6.51
4395	3.65
4396	5.95
4397	6.03
4398	11.38
4399	19.12
4400	22.7
4401	6.5
4402	2.57
4403	8.0
4404	2.61
4405	11.89
4406	15.15
4407	21.13
4408	22.65
4409	20.78
4410	8.07
4411	7.92
4412	8.5
4413	23.48
4414	11.18
4415	7.3
4416	8.81
4417	5.18
4418	13.31
4419	16.37
4420	27.69
4421	17.1
4422	16.45
4423	1.15
4424	16.75
4425	13.24
4426	26.87
4427	23.36
4428	38.18
4429	15.8
4430	25.09
4431	10.47
4432	1.98
4433	34.47
4434	15.48
4435	14.78
4436	2.02
4437	2.26
4438	16.19
4439	2.91
4440	12.45
4441	0.67
4442	4.98
4443	5.75
4444	7.93
4445	20.07
4446	3.8
4447	10.83
4448	11.75
4449	12.32
4450	16.15
4451	21.44
4452	15.6
4453	10.39
4454	15.73
4455	3.16
4456	0.47
4457	5.93
4458	17.73
4459	18.92
4460	41.14
4461	5.29
4462	8.73
4463	8.43
4464	9.06
4465	13.57
4466	6.42
4467	13.72
4468	2.59
4469	27.27
4470	7.35
4471	1.29
4472	22.18
4473	21.89
4474	9.78
4475	15.42
4476	1.32
4477	35.39
4478	10.85
4479	11.03
4480	21.27
4481	13.26
4482	3.39
4483	6.38
4484	3.64
4485	30.1
4486	4.82
4487	7.74
4488	12.09
4489	5.5
4490	30.03
4491	28.96
4492	7.99
4493	19.02
4494	18.5
4495	2.77
4496	13.96
4497	26.79
4498	1.98
4499	8.08
4500	11.0
4501	4.57
4502	19.39
4503	3.79
4504	2.51
4505	18.89
4506	4.72
4507	4.1
4508	11.09
4509	10.67
4510	0.76
4511	17.74
4512	4.27
4513	16.16
4514	0.69
4515	27.24
4516	9.97
4517	19.47
4518	4.18
4519	22.05
4520	4.23
4521	14.31
4522	30.15
4523	11.61
4524	0.4
4525	7.53
4526	18.49
4527	12.07
4528	3.03
4529	3.92
4530	3.78
4531	1.43
4532	22.24
4533	38.39
4534	22.57
4535	23.06
4536	7.61
4537	6.31
4538	8.98
4539	12.51
4540	25.33
4541	16.41
4542	18.77
4543	15.07
4544	3.33
4545	18.79
4546	19.81
4547	3.04
4548	3.49
4549	8.58
4550	24.6
4551	4.69
4552	4.32
4553	6.1
4554	15.1
4555	15.92
4556	23.39
4557	18.01
4558	13.42
4559	7.94
4560	9.03
4561	12.46
4562	9.67
4563	15.57
4564	36.82
4565	27.32
4566	43.53
4567	16.68
4568	7.68
4569	1.64
4570	0.86
4571	12.12
4572	18.0
4573	17.42
4574	8.84
4575	18.77
4576	10.55
4577	8.72
4578	3.41
4579	18.01
4580	10.2
4581	19.53
4582	11.87
4583	3.47
4584	14.61
4585	8.91
4586	5.74
4587	14.02
4588	8.52
4589	12.01
4590	20.11
4591	23.12
4592	20.14
4593	15.41
4594	8.16
4595	6.9
4596	3.68
4597	15.67
4598	17.95
4599	23.9
4600	6.78
4601	7.98
4602	14.01
4603	9.57
4604	1.76
4605	10.61
4606	23.75
4607	7.48
4608	1.98
4609	0.12
4610	20.34
4611	32.46
4612	17.44
4613	12.87
4614	5.66
4615	10.28
4616	18.21
4617	10.6
4618	1.85
4619	26.35
4620	1.41
4621	16.49
4622	8.94
4623	5.5
4624	16.42
4625	9.19
4626	26.93
4627	1.33
4628	8.81
4629	8.32
4630	10.02
4631	21.08
4632	17.63
4633	7.31
4634	3.24
4635	11.57
4636	0.13
4637	16.99
4638	1.84
4639	8.72
4640	7.12
4641	5.82
4642	6.03
4643	35.8
4644	2.63
4645	15.88
4646	1.91
4647	9.96
4648	3.79
4649	24.68
4650	10.35
4651	3.06
4652	41.75
4653	10.66
4654	4.09
4655	22.54
4656	16.05
4657	1.92
4658	22.08
4659	19.86
4660	25.8
4661	14.87
4662	1.25
4663	2.91
4664	23.41
4665	7.23
4666	18.8
4667	16.32
4668	9.34
4669	16.27
4670	7.3
4671	10.32
4672	14.39
4673	40.87
4674	14.21
4675	11.27
4676	2.15
4677	8.56
4678	14.07
4679	3.96
4680	19.08
4681	2.35
4682	4.98
4683	10.88
4684	13.4
4685	1.81
4686	18.61
4687	16.52
4688	32.88
4689	1.56
4690	4.95
4691	17.57
4692	5.29
4693	4.82
4694	18.86
4695	11.35
4696	9.57
4697	8.52
4698	8.8
4699	3.68
4700	8.53
4701	17.36
4702	7.13
4703	18.81
4704	3.53
4705	17.3
4706	11.13
4707	12.38
4708	21.66
4709	18.23
4710	22.91
4711	12.65
4712	11.65
4713	26.04
4714	16.92
4715	9.4
4716	5.38
4717	7.55
4718	3.38
4719	18.49
4720	22.78
4721	4.84
4722	18.29
4723	20.06
4724	12.52
4725	17.01
4726	16.64
4727	2.39
4728	11.49
4729	1.52
4730	3.51
4731	3.23
4732	19.39
4733	16.73
4734	30.2
4735	7.1
4736	4.96
4737	11.78
4738	12.59
4739	10.56
4740	11.63
4741	11.17
4742	11.64
4743	17.2
4744	20.25
4745	10.39
4746	13.98
4747	7.08
4748	10.99
4749	7.24
4750	8.68
4751	31.16
4752	5.96
4753	4.61
4754	13.3
4755	4.09
4756	30.33
4757	23.55
4758	22.2
4759	11.49
4760	29.78
4761	5.65
4762	15.6
4763	8.04
4764	18.63
4765	26.26
4766	1.74
4767	6.29
4768	13.95
4769	16.6
4770	12.07
4771	0.03
4772	24.71
4773	11.59
4774	15.81
4775	5.62
4776	2.41
4777	9.21
4778	16.71
4779	18.87
4780	11.02
4781	11.51
4782	24.52
4783	8.73
4784	17.22
4785	9.03
4786	5.49
4787	8.81
4788	2.37
4789	12.44
4790	22.81
4791	5.33
4792	13.2
4793	7.27
4794	32.62
4795	16.82
4796	16.36
4797	26.99
4798	9.09
4799	5.63
4800	30.99
4801	10.98
4802	0.44
4803	19.09
4804	15.41
4805	18.18
4806	17.18
4807	16.56
4808	11.39
4809	20.85
4810	7.96
4811	17.33
4812	17.92
4813	6.36
4814	9.26
4815	23.16
4816	27.74
4817	3.72
4818	23.82
4819	4.4
4820	12.88
4821	10.64
4822	18.32
4823	3.86
4824	8.4
4825	3.09
4826	13.56
4827	19.3
4828	8.91
4829	19.43
4830	4.91
4831	6.87
4832	10.75
4833	4.76
4834	6.23
4835	24.44
4836	1.03
4837	16.09
4838	8.97
4839	30.89
4840	17.53
4841	20.55
4842	27.65
4843	14.84
4844	5.57
4845	0.42
4846	6.92
4847	31.29
4848	6.93
4849	11.26
4850	28.14
4851	2.52
4852	25.87
4853	10.83
4854	7.22
4855	48.46
4856	29.59
4857	20.65
4858	13.69
4859	3.64
4860	4.39
4861	22.74
4862	2.75
4863	22.84
4864	20.34
4865	6.27
4866	5.39
4867	13.55
4868	2.34
4869	7.43
4870	14.02
4871	4.29
4872	9.33
4873	12.51
4874	18.1
4875	6.64
4876	17.84
4877	29.84
4878	1.11
4879	7.57
4880	11.84
4881	8.86
4882	9.48
4883	8.5
4884	4.36
4885	16.63
4886	0.98
4887	16.01
4888	7.98
4889	20.67
4890	2.66
4891	3.24
4892	33.0
4893	4.13
4894	20.83
4895	11.21
4896	10.49
4897	18.59
4898	11.4
4899	31.31
4900	15.32
4901	2.2
4902	6.97
4903	8.0
4904	8.64
4905	7.62
4906	7.01
4907	26.86
4908	3.01
4909	13.23
4910	3.71
4911	18.22
4912	3.57
4913	12.3
4914	23.43
4915	7.0
4916	8.33
4917	8.08
4918	4.03
4919	2.92
4920	8.56
4921	11.1
4922	14.94
4923	1.4
4924	3.33
4925	2.67
4926	14.02
4927	17.01
4928	21.83
4929	5.87
4930	16.12
4931	8.25
4932	17.73
4933	14.9
4934	13.29
4935	18.5
4936	15.23
4937	6.72
4938	2.42
4939	12.54
4940	2.54
4941	15.27
4942	10.92
4943	7.73
4944	4.86
4945	8.1
4946	1.72
4947	5.37
4948	1.17
4949	6.23
4950	7.83
4951	16.74
4952	13.73
4953	10.38
4954	4.01
4955	9.85
4956	7.44
4957	21.77
4958	12.44
4959	2.02
4960	16.77
4961	11.27
4962	11.7
4963	22.61
4964	16.25
4965	13.14
4966	10.18
4967	8.1
4968	9.94
4969	0.63
4970	28.18
4971	2.04
4972	2.66
4973	1.1
4974	13.33
4975	20.74
4976	15.06
4977	15.12
4978	16.96
4979	3.4
4980	20.1
4981	10.8
4982	23.38
4983	17.22
4984	11.55
4985	34.3
4986	13.4
4987	9.2
4988	0.03
4989	15.86
4990	19.64
4991	7.98
4992	15.33
4993	4.2
4994	4.92
4995	14.0
4996	9.27
4997	12.79
4998	22.42
4999	15.22
5000	13.05
5001	14.66
5002	6.46
5003	8.38
5004	15.78
5005	11.99
5006	25.98
5007	9.05
5008	15.21
5009	26.5
5010	15.12
5011	8.77
5012	7.63
5013	1.2
5014	2.93
5015	20.35
5016	10.62
5017	1.3
5018	9.59
5019	12.76
5020	9.99
5021	3.85
5022	1.75
5023	10.48
5024	13.51
5025	10.3
5026	1.04
5027	7.75
5028	29.76
5029	22.46
5030	5.95
5031	12.99
5032	0.08
5033	8.09
5034	16.26
5035	9.77
5036	5.42
5037	9.62
5038	20.17
5039	7.64
5040	15.98
5041	8.83
5042	0.01
5043	18.99
5044	4.57
5045	3.39
5046	9.74
5047	19.03
5048	4.76
5049	1.09
5050	23.21
5051	16.17
5052	23.07
5053	14.7
5054	28.46
5055	10.97
5056	11.82
5057	33.84
5058	1.74
5059	24.06
5060	0.54
5061	13.17
5062	4.95
5063	14.31
5064	25.85
5065	17.53
5066	22.09
5067	17.46
5068	5.7
5069	15.66
5070	11.84
5071	18.82
5072	11.78
5073	12.87
5074	7.0
5075	9.19
5076	11.53
5077	37.41
5078	0.61
5079	16.21
5080	18.72
5081	4.67
5082	12.41
5083	24.7
5084	7.9
5085	25.32
5086	8.34
5087	9.3
5088	7.38
5089	28.16
5090	14.01
5091	19.97
5092	18.13
5093	6.99
5094	12.1
5095	13.55
5096	5.14
5097	28.19
5098	12.61
5099	0.7
5100	3.77
5101	3.6
5102	18.34
5103	28.17
5104	4.12
5105	1.45
5106	5.93
5107	11.61
5108	7.05
5109	31.11
5110	8.06
5111	7.03
5112	2.34
5113	5.5
5114	0.58
5115	21.98
5116	12.57
5117	32.43
5118	4.94
5119	0.47
5120	16.5
5121	8.23
5122	2.14
5123	9.44
5124	6.31
5125	2.85
5126	22.1
5127	20.23
5128	19.95
5129	7.82
5130	4.3
5131	16.15
5132	21.67
5133	3.41
5134	27.26
5135	7.55
5136	6.42
5137	4.5
5138	5.25
5139	31.86
5140	3.2
5141	12.79
5142	0.85
5143	22.09
5144	15.62
5145	19.72
5146	3.48
5147	5.36
5148	34.61
5149	16.59
5150	28.86
5151	4.25
5152	8.52
5153	33.85
5154	2.25
5155	10.58
5156	18.94
5157	19.86
5158	8.55
5159	9.14
5160	10.13
5161	4.53
5162	27.56
5163	16.68
5164	15.11
5165	7.71
5166	3.73
5167	22.16
5168	13.15
5169	18.15
5170	17.35
5171	7.01
5172	14.58
5173	7.69
5174	1.24
5175	10.33
5176	11.14
5177	17.36
5178	10.69
5179	22.14
5180	11.47
5181	3.53
5182	19.8
5183	10.37
5184	7.41
5185	2.6
5186	0.95
5187	5.9
5188	15.21
5189	5.6
5190	12.57
5191	16.91
5192	5.56
5193	21.3
5194	7.44
5195	22.75
5196	11.75
5197	9.09
5198	12.59
5199	20.12
5200	10.98
5201	3.62
5202	15.12
5203	0.32
5204	2.84
5205	11.93
5206	31.82
5207	4.93
5208	21.84
5209	6.09
5210	0.69
5211	15.52
5212	7.28
5213	4.9
5214	12.11
5215	16.45
5216	7.9
5217	4.29
5218	25.24
5219	3.3
5220	14.15
5221	7.22
5222	13.7
5223	28.49
5224	1.39
5225	26.31
5226	2.78
5227	18.97
5228	12.91
5229	18.45
5230	17.58
5231	14.34
5232	3.28
5233	18.86
5234	31.5
5235	0.25
5236	4.98
5237	14.15
5238	12.1
5239	20.32
5240	28.78
5241	28.31
5242	13.39
5243	15.62
5244	14.7
5245	4.72
5246	10.97
5247	20.49
5248	7.96
5249	8.18
5250	13.31
5251	5.03
5252	9.15
5253	6.74
5254	12.08
5255	2.78
5256	3.05
5257	14.18
5258	11.84
5259	5.0
5260	6.75
5261	24.28
5262	18.86
5263	16.4
5264	19.67
5265	9.96
5266	16.46
5267	14.56
5268	20.79
5269	5.48
5270	12.98
5271	13.22
5272	15.18
5273	25.59
5274	2.46
5275	11.3
5276	16.94
5277	25.99
5278	21.75
5279	22.13
5280	11.57
5281	2.62
5282	29.51
5283	15.49
5284	34.35
5285	24.39
5286	9.06
5287	0.5
5288	21.93
5289	10.24
5290	21.85
5291	22.26
5292	16.31
5293	22.99
5294	13.79
5295	21.32
5296	12.05
5297	23.38
5298	7.04
5299	23.48
5300	13.84
5301	32.07
5302	12.54
5303	8.37
5304	1.01
5305	8.12
5306	12.17
5307	7.7
5308	35.13
5309	29.94
5310	23.33
5311	1.64
5312	12.17
5313	2.29
5314	12.69
5315	10.8
5316	3.17
5317	20.65
5318	26.34
5319	5.69
5320	14.77
5321	6.01
5322	13.55
5323	2.91
5324	34.06
5325	3.74
5326	11.82
5327	16.53
5328	7.38
5329	8.96
5330	8.11
5331	10.25
5332	24.41
5333	8.87
5334	13.57
5335	0.15
5336	0.06
5337	3.22
5338	25.56
5339	11.81
5340	10.34
5341	3.2
5342	0.1
5343	1.54
5344	5.69
5345	40.16
5346	18.14
5347	10.52
5348	19.06
5349	13.75
5350	2.16
5351	18.63
5352	11.91
5353	16.72
5354	4.72
5355	11.15
5356	24.88
5357	1.08
5358	14.83
5359	17.73
5360	10.4
5361	28.27
5362	5.12
5363	14.16
5364	13.34
5365	15.98
5366	2.42
5367	0.84
5368	0.8
5369	18.41
5370	0.86
5371	10.33
5372	4.78
5373	16.48
5374	7.32
5375	18.69
5376	3.41
5377	21.19
5378	7.63
5379	4.99
5380	11.57
5381	6.32
5382	19.95
5383	3.1
5384	23.64
5385	4.57
5386	9.25
5387	3.09
5388	1.17
5389	0.74
5390	6.75
5391	8.13
5392	3.02
5393	15.99
5394	5.45
5395	3.08
5396	18.94
5397	14.13
5398	12.73
5399	3.64
5400	5.03
5401	7.48
5402	7.54
5403	1.52
5404	7.32
5405	15.31
5406	9.89
5407	7.42
5408	12.42
5409	22.59
5410	9.01
5411	8.75
5412	7.39
5413	2.49
5414	10.88
5415	7.49
5416	2.04
5417	12.1
5418	1.46
5419	2.07
5420	14.73
5421	16.75
5422	1.23
5423	23.89
5424	10.07
5425	10.9
5426	9.17
5427	4.37
5428	4.84
5429	4.71
5430	4.73
5431	8.7
5432	33.76
5433	7.76
5434	5.44
5435	13.19
5436	1.16
5437	16.01
5438	34.55
5439	7.9
5440	0.57
5441	2.68
5442	28.75
5443	21.64
5444	16.53
5445	22.29
5446	3.9
5447	20.38
5448	8.61
5449	7.88
5450	7.64
5451	10.15
5452	1.69
5453	26.99
5454	23.18
5455	18.88
5456	13.03
5457	9.64
5458	7.87
5459	1.49
5460	19.32
5461	25.19
5462	4.2
5463	18.71
5464	17.27
5465	4.63
5466	14.79
5467	16.27
5468	6.55
5469	3.4
5470	15.0
5471	2.26
5472	15.23
5473	5.43
5474	3.0
5475	0.55
5476	15.92
5477	9.73
5478	17.38
5479	16.63
5480	28.57
5481	3.14
5482	2.39
5483	18.87
5484	4.81
5485	11.11
5486	24.34
5487	16.56
5488	16.56
5489	12.55
5490	14.3
5491	14.08
5492	17.91
5493	7.26
5494	10.43
5495	2.61
5496	11.42
5497	6.63
5498	3.7
5499	21.44
5500	11.76
5501	2.88
5502	3.0
5503	3.99
5504	7.94
5505	2.06
5506	23.26
5507	27.16
5508	21.38
5509	0.05
5510	20.12
5511	17.04
5512	11.63
5513	1.7
5514	3.86
5515	9.66
5516	6.45
5517	5.7
5518	15.55
5519	6.38
5520	1.02
5521	37.16
5522	2.71
5523	18.92
5524	14.33
5525	27.93
5526	28.03
5527	1.95
5528	17.48
5529	6.01
5530	9.37
5531	35.31
5532	14.75
5533	16.65
5534	36.4
5535	3.09
5536	3.1
5537	22.64
5538	24.11
5539	13.32
5540	1.69
5541	14.35
5542	19.99
5543	2.44
5544	9.47
5545	34.27
5546	5.85
5547	6.66
5548	14.05
5549	4.45
5550	3.34
5551	19.78
5552	3.36
5553	12.09
5554	12.77
5555	22.22
5556	12.23
5557	6.0
5558	3.86
5559	18.08
5560	22.12
5561	23.87
5562	5.28
5563	19.95
5564	17.02
5565	5.24
5566	6.35
5567	2.23
5568	5.9
5569	13.2
5570	27.24
5571	27.0
5572	11.98
5573	24.04
5574	5.31
5575	6.36
5576	7.86
5577	2.14
5578	13.55
5579	16.8
5580	7.09
5581	8.67
5582	6.42
5583	13.78
5584	16.08
5585	34.38
5586	4.77
5587	14.88
5588	7.39
5589	22.69
5590	10.74
5591	9.42
5592	7.36
5593	24.61
5594	4.86
5595	9.31
5596	20.43
5597	21.71
5598	3.75
5599	2.28
5600	15.08
5601	3.04
5602	0.43
5603	4.86
5604	20.44
5605	17.46
5606	1.39
5607	11.33
5608	3.95
5609	23.49
5610	23.19
5611	15.99
5612	10.29
5613	24.27
5614	4.27
5615	13.16
5616	17.94
5617	21.56
5618	13.09
5619	7.64
5620	12.65
5621	19.44
5622	14.51
5623	7.69
5624	4.18
5625	6.35
5626	8.53
5627	13.79
5628	17.7
5629	14.76
5630	41.51
5631	21.46
5632	23.2
5633	5.92
5634	18.65
5635	9.51
5636	20.42
5637	22.02
5638	16.63
5639	5.45
5640	3.38
5641	23.65
5642	0.78
5643	13.86
5644	11.67
5645	15.48
5646	3.31
5647	12.78
5648	24.97
5649	21.54
5650	12.3
5651	12.18
5652	14.64
5653	15.28
5654	6.41
5655	8.23
5656	25.51
5657	5.9
5658	24.99
5659	3.29
5660	16.92
5661	12.55
5662	6.79
5663	26.52
5664	13.32
5665	5.6
5666	4.63
5667	12.51
5668	13.79
5669	0.92
5670	25.41
5671	25.94
5672	15.52
5673	16.19
5674	15.51
5675	9.37
5676	24.38
5677	2.87
5678	0.41
5679	5.62
5680	0.08
5681	11.38
5682	7.23
5683	14.66
5684	4.24
5685	7.46
5686	1.24
5687	7.39
5688	4.54
5689	20.31
5690	30.86
5691	6.19
5692	18.75
5693	18.65
5694	3.41
5695	18.04
5696	18.99
5697	20.93
5698	11.74
5699	13.81
5700	28.92
5701	9.18
5702	1.91
5703	4.78
5704	2.51
5705	20.19
5706	28.86
5707	8.28
5708	7.66
5709	7.89
5710	33.08
5711	20.02
5712	6.21
5713	0.51
5714	19.95
5715	25.98
5716	9.41
5717	16.32
5718	14.97
5719	10.54
5720	2.38
5721	13.02
5722	14.07
5723	21.07
5724	1.43
5725	12.13
5726	3.68
5727	16.14
5728	4.94
5729	14.24
5730	15.15
5731	6.76
5732	13.48
5733	16.54
5734	8.64
5735	13.07
5736	21.94
5737	18.27
5738	9.59
5739	11.85
5740	5.99
5741	7.35
5742	11.33
5743	8.41
5744	5.32
5745	14.61
5746	9.68
5747	2.84
5748	10.83
5749	5.59
5750	10.66
5751	13.56
5752	27.86
5753	24.9
5754	2.76
5755	21.82
5756	12.2
5757	6.51
5758	15.97
5759	13.5
5760	8.54
5761	4.29
5762	18.75
5763	3.54
5764	22.66
5765	1.12
5766	19.41
5767	14.23
5768	7.57
5769	7.62
5770	9.86
5771	9.21
5772	22.4
5773	4.8
5774	12.65
5775	7.63
5776	0.83
5777	16.91
5778	5.45
5779	18.82
5780	4.71
5781	14.05
5782	3.05
5783	23.82
5784	9.77
5785	0.76
5786	12.02
5787	15.58
5788	9.72
5789	8.56
5790	15.33
5791	25.51
5792	0.45
5793	13.89
5794	12.38
5795	17.8
5796	8.83
5797	5.7
5798	21.58
5799	22.22
5800	6.9
5801	9.89
5802	7.45
5803	2.35
5804	1.14
5805	37.45
5806	3.72
5807	13.87
5808	15.11
5809	3.25
5810	7.23
5811	3.97
5812	11.24
5813	13.71
5814	10.34
5815	11.04
5816	6.38
5817	8.96
5818	6.25
5819	8.27
5820	3.29
5821	10.89
5822	1.71
5823	7.88
5824	10.62
5825	0.79
5826	29.0
5827	11.94
5828	7.86
5829	0.7
5830	14.45
5831	3.16
5832	5.38
5833	16.86
5834	11.18
5835	1.91
5836	23.3
5837	11.9
5838	13.11
5839	15.52
5840	3.26
5841	11.56
5842	7.02
5843	13.04
5844	1.41
5845	24.03
5846	1.14
5847	29.58
5848	7.75
5849	3.18
5850	32.06
5851	19.2
5852	17.16
5853	23.51
5854	12.18
5855	9.22
5856	17.79
5857	15.19
5858	16.83
5859	13.8
5860	15.28
5861	18.35
5862	26.83
5863	5.0
5864	40.23
5865	13.44
5866	1.57
5867	26.73
5868	11.06
5869	4.36
5870	10.6
5871	20.62
5872	9.42
5873	5.29
5874	15.05
5875	15.71
5876	7.65
5877	13.08
5878	14.91
5879	1.44
5880	17.24
5881	18.91
5882	2.91
5883	1.3
5884	1.36
5885	8.76
5886	8.97
5887	13.22
5888	7.12
5889	11.51
5890	20.3
5891	12.07
5892	0.66
5893	7.48
5894	14.96
5895	3.52
5896	10.97
5897	10.02
5898	23.84
5899	5.45
5900	11.29
5901	5.21
5902	17.73
5903	1.78
5904	8.87
5905	26.01
5906	9.01
5907	6.11
5908	6.58
5909	21.02
5910	25.08
5911	1.8
5912	16.19
5913	7.33
5914	21.51
5915	11.86
5916	2.4
5917	15.88
5918	12.38
5919	15.26
5920	2.21
5921	17.45
5922	5.58
5923	7.35
5924	17.47
5925	14.97
5926	10.59
5927	17.44
5928	12.5
5929	9.34
5930	26.23
5931	7.13
5932	5.07
5933	8.71
5934	34.61
5935	1.8
5936	2.37
5937	11.75
5938	31.83
5939	3.47
5940	16.72
5941	14.32
5942	5.94
5943	10.46
5944	16.52
5945	9.04
5946	2.39
5947	19.45
5948	16.68
5949	6.87
5950	16.83
5951	7.78
5952	18.03
5953	0.79
5954	8.75
5955	21.69
5956	7.01
5957	1.9
5958	11.09
5959	3.38
5960	21.95
5961	32.34
5962	0.62
5963	28.29
5964	4.85
5965	10.98
5966	25.9
5967	12.22
5968	8.37
5969	4.8
5970	3.09
5971	15.68
5972	9.66
5973	26.19
5974	28.74
5975	18.89
5976	13.61
5977	6.07
5978	12.96
5979	6.6
5980	0.36
5981	13.19
5982	13.91
5983	6.76
5984	32.87
5985	12.58
5986	5.31
5987	17.81
5988	10.2
5989	8.18
5990	11.35
5991	13.05
5992	13.74
5993	0.52
5994	14.52
5995	26.43
5996	27.98
5997	4.34
5998	22.93
5999	11.08
6000	10.38
6001	12.03
6002	15.75
6003	15.04
6004	11.56
6005	2.07
6006	3.72
6007	0.31
6008	9.12
6009	9.91
6010	8.82
6011	13.19
6012	43.17
6013	2.8
6014	11.31
6015	9.09
6016	10.09
6017	6.39
6018	12.64
6019	15.98
6020	14.84
6021	11.04
6022	15.34
6023	6.59
6024	0.64
6025	18.09
6026	3.32
6027	24.91
6028	12.6
6029	9.4
6030	6.74
6031	16.76
6032	11.35
6033	14.16
6034	6.83
6035	5.55
6036	5.92
6037	20.28
6038	4.48
6039	5.09
6040	7.99
6041	2.6
6042	16.03
6043	1.35
6044	13.71
6045	44.23
6046	12.04
6047	34.41
6048	15.69
6049	16.05
6050	26.24
6051	3.72
6052	3.09
6053	17.38
6054	6.94
6055	31.44
6056	13.4
6057	15.17
6058	5.89
6059	1.18
6060	14.31
6061	5.27
6062	25.86
6063	16.24
6064	12.08
6065	8.09
6066	14.97
6067	30.7
6068	9.89
6069	9.41
6070	24.61
6071	4.48
6072	12.04
6073	9.11
6074	5.21
6075	13.59
6076	6.07
6077	11.76
6078	7.5
6079	12.51
6080	13.77
6081	24.48
6082	6.96
6083	8.95
6084	4.71
6085	23.92
6086	10.67
6087	22.63
6088	0.42
6089	10.68
6090	13.63
6091	11.31
6092	12.16
6093	10.77
6094	17.93
6095	11.16
6096	6.66
6097	5.21
6098	15.71
6099	14.01
6100	3.38
6101	14.38
6102	2.73
6103	9.92
6104	6.82
6105	14.68
6106	3.84
6107	26.62
6108	17.39
6109	13.07
6110	4.32
6111	14.9
6112	5.03
6113	10.34
6114	2.77
6115	32.05
6116	8.04
6117	19.55
6118	2.94
6119	27.87
6120	9.07
6121	10.26
6122	7.53
6123	29.19
6124	5.8
6125	3.02
6126	9.12
6127	18.28
6128	11.23
6129	0.55
6130	2.76
6131	15.51
6132	15.66
6133	16.4
6134	0.71
6135	6.7
6136	23.93
6137	24.53
6138	3.35
6139	10.28
6140	8.36
6141	28.19
6142	9.86
6143	2.45
6144	8.3
6145	18.61
6146	10.05
6147	4.51
6148	6.44
6149	7.2
6150	18.86
6151	12.25
6152	8.65
6153	4.15
6154	10.18
6155	13.83
6156	17.52
6157	13.1
6158	13.86
6159	4.04
6160	1.16
6161	10.69
6162	5.43
6163	4.73
6164	12.21
6165	22.82
6166	15.83
6167	10.6
6168	14.8
6169	23.83
6170	14.09
6171	7.17
6172	9.43
6173	22.75
6174	25.46
6175	7.68
6176	31.23
6177	9.4
6178	0.26
6179	11.86
6180	31.43
6181	10.1
6182	33.14
6183	3.66
6184	1.82
6185	23.01
6186	22.47
6187	13.68
6188	10.68
6189	3.84
6190	33.72
6191	3.24
6192	7.72
6193	8.59
6194	6.63
6195	7.02
6196	2.85
6197	3.29
6198	12.88
6199	12.9
6200	19.63
6201	3.72
6202	6.11
6203	3.51
6204	18.29
6205	14.38
6206	9.08
6207	7.08
6208	15.01
6209	15.12
6210	7.09
6211	28.08
6212	15.54
6213	0.34
6214	22.04
6215	22.18
6216	4.69
6217	4.07
6218	8.3
6219	14.14
6220	8.26
6221	3.66
6222	23.23
6223	2.7
6224	9.06
6225	13.0
6226	4.89
6227	3.65
6228	16.53
6229	8.18
6230	4.18
6231	10.16
6232	13.44
6233	13.75
6234	2.24
6235	20.47
6236	4.03
6237	4.09
6238	6.16
6239	23.79
6240	5.73
6241	7.3
6242	32.12
6243	4.32
6244	4.44
6245	1.67
6246	38.73
6247	3.3
6248	3.74
6249	18.54
6250	22.89
6251	7.83
6252	13.75
6253	3.97
6254	2.76
6255	40.12
6256	16.49
6257	11.5
6258	7.97
6259	20.45
6260	36.21
6261	14.19
6262	33.17
6263	20.23
6264	16.72
6265	1.65
6266	26.41
6267	2.2
6268	3.62
6269	3.06
6270	3.38
6271	7.7
6272	31.1
6273	13.92
6274	0.8
6275	32.25
6276	17.03
6277	13.95
6278	18.03
6279	9.86
6280	17.8
6281	11.99
6282	10.71
6283	15.37
6284	3.89
6285	1.01
6286	8.42
6287	8.72
6288	8.93
6289	14.26
6290	4.78
6291	16.92
6292	9.53
6293	26.49
6294	14.45
6295	24.3
6296	9.81
6297	4.43
6298	15.18
6299	19.79
6300	19.71
6301	6.04
6302	8.19
6303	13.23
6304	8.67
6305	10.2
6306	4.12
6307	18.01
6308	9.22
6309	1.5
6310	19.15
6311	14.89
6312	4.69
6313	16.86
6314	32.89
6315	11.27
6316	20.34
6317	11.95
6318	5.97
6319	2.95
6320	0.9
6321	6.44
6322	7.89
6323	11.96
6324	26.75
6325	28.35
6326	5.96
6327	21.23
6328	4.98
6329	29.42
6330	9.85
6331	12.63
6332	9.22
6333	0.72
6334	11.57
6335	21.07
6336	18.24
6337	24.36
6338	25.13
6339	0.97
6340	4.86
6341	2.81
6342	10.92
6343	18.03
6344	17.27
6345	2.67
6346	11.05
6347	17.28
6348	2.17
6349	6.79
6350	8.63
6351	4.35
6352	5.84
6353	14.55
6354	0.13
6355	0.38
6356	13.86
6357	18.96
6358	5.62
6359	4.97
6360	11.56
6361	20.18
6362	12.51
6363	16.38
6364	17.28
6365	8.98
6366	15.89
6367	3.96
6368	16.38
6369	4.01
6370	6.76
6371	18.13
6372	3.23
6373	31.13
6374	7.87
6375	9.03
6376	10.35
6377	29.55
6378	1.85
6379	3.93
6380	1.45
6381	14.63
6382	8.45
6383	17.16
6384	23.22
6385	18.23
6386	0.77
6387	28.62
6388	17.53
6389	10.08
6390	5.19
6391	19.53
6392	17.46
6393	3.99
6394	1.55
6395	12.64
6396	18.86
6397	9.52
6398	17.9
6399	30.39
6400	11.15
6401	22.43
6402	18.65
6403	19.93
6404	8.67
6405	16.16
6406	6.22
6407	15.22
6408	2.67
6409	1.82
6410	8.99
6411	3.06
6412	24.79
6413	1.14
6414	1.62
6415	12.99
6416	19.19
6417	11.43
6418	12.0
6419	0.04
6420	14.28
6421	12.91
6422	29.41
6423	8.49
6424	20.2
6425	5.75
6426	14.37
6427	0.09
6428	3.62
6429	24.53
6430	6.58
6431	23.38
6432	31.25
6433	7.95
6434	18.59
6435	17.9
6436	12.91
6437	2.39
6438	3.5
6439	12.91
6440	2.72
6441	11.54
6442	4.71
6443	2.74
6444	5.51
6445	21.41
6446	10.54
6447	0.38
6448	4.99
6449	19.42
6450	4.03
6451	18.56
6452	12.01
6453	20.31
6454	2.28
6455	5.92
6456	5.22
6457	9.7
6458	19.66
6459	23.52
6460	21.94
6461	20.67
6462	10.8
6463	25.09
6464	13.91
6465	0.51
6466	14.0
6467	29.11
6468	18.91
6469	18.9
6470	5.52
6471	0.29
6472	4.86
6473	4.37
6474	10.38
6475	8.56
6476	18.54
6477	2.02
6478	14.63
6479	2.97
6480	3.06
6481	8.4
6482	0.46
6483	8.8
6484	7.76
6485	5.2
6486	13.11
6487	2.11
6488	3.72
6489	5.34
6490	23.42
6491	9.8
6492	5.18
6493	12.86
6494	20.24
6495	34.02
6496	32.54
6497	13.44
6498	5.66
6499	0.27
6500	13.55
6501	24.06
6502	2.86
6503	30.0
6504	2.05
6505	9.47
6506	7.01
6507	5.65
6508	14.24
6509	5.93
6510	6.2
6511	13.7
6512	15.34
6513	18.68
6514	43.38
6515	28.78
6516	9.37
6517	0.21
6518	4.64
6519	9.32
6520	2.86
6521	6.0
6522	21.15
6523	4.26
6524	21.23
6525	5.22
6526	26.2
6527	9.32
6528	3.86
6529	15.65
6530	13.19
6531	19.75
6532	0.91
6533	6.29
6534	11.35
6535	6.66
6536	10.31
6537	7.53
6538	24.89
6539	14.25
6540	7.12
6541	12.05
6542	15.26
6543	10.68
6544	11.55
6545	15.2
6546	12.42
6547	8.27
6548	11.76
6549	2.33
6550	8.6
6551	16.3
6552	1.43
6553	15.32
6554	15.12
6555	27.51
6556	22.77
6557	10.56
6558	10.21
6559	13.69
6560	13.17
6561	11.13
6562	4.75
6563	2.82
6564	1.71
6565	17.05
6566	1.72
6567	7.96
6568	21.88
6569	6.03
6570	16.24
6571	15.86
6572	4.63
6573	8.12
6574	5.66
6575	12.33
6576	12.61
6577	12.27
6578	13.85
6579	5.89
6580	1.89
6581	7.16
6582	24.6
6583	9.55
6584	7.45
6585	18.74
6586	31.86
6587	18.67
6588	21.8
6589	2.36
6590	7.97
6591	5.67
6592	26.52
6593	3.58
6594	11.49
6595	21.83
6596	20.1
6597	3.33
6598	40.09
6599	39.18
6600	26.58
6601	6.23
6602	8.09
6603	12.07
6604	6.51
6605	24.14
6606	14.02
6607	11.88
6608	14.55
6609	0.41
6610	29.27
6611	18.93
6612	21.77
6613	7.54
6614	8.35
6615	16.96
6616	10.63
6617	22.74
6618	9.13
6619	17.82
6620	11.81
6621	27.73
6622	5.86
6623	3.51
6624	0.17
6625	21.21
6626	5.51
6627	15.39
6628	6.61
6629	17.86
6630	5.87
6631	4.88
6632	9.91
6633	9.5
6634	0.59
6635	5.57
6636	33.62
6637	17.11
6638	3.85
6639	6.05
6640	1.01
6641	3.97
6642	7.63
6643	0.77
6644	11.32
6645	9.78
6646	0.6
6647	13.7
6648	17.0
6649	9.47
6650	16.07
6651	7.78
6652	9.12
6653	17.95
6654	12.26
6655	10.58
6656	8.02
6657	24.85
6658	6.69
6659	2.31
6660	14.87
6661	23.32
6662	12.64
6663	17.16
6664	24.8
6665	15.74
6666	14.28
6667	4.86
6668	10.22
6669	24.37
6670	26.3
6671	0.47
6672	23.57
6673	39.11
6674	8.48
6675	16.95
6676	17.0
6677	4.19
6678	0.02
6679	21.52
6680	13.5
6681	12.88
6682	21.1
6683	13.56
6684	20.7
6685	12.65
6686	2.08
6687	11.3
6688	13.16
6689	0.11
6690	3.62
6691	5.43
6692	34.83
6693	7.37
6694	7.74
6695	5.8
6696	0.91
6697	1.0
6698	7.62
6699	3.93
6700	10.5
6701	12.07
6702	18.46
6703	7.88
6704	8.3
6705	11.51
6706	22.17
6707	12.9
6708	12.48
6709	23.34
6710	36.69
6711	0.46
6712	18.37
6713	4.61
6714	28.86
6715	16.42
6716	25.7
6717	16.36
6718	16.99
6719	11.2
6720	12.68
6721	9.36
6722	16.52
6723	16.94
6724	15.29
6725	0.88
6726	27.32
6727	2.99
6728	10.36
6729	7.18
6730	3.29
6731	5.9
6732	11.13
6733	12.32
6734	7.07
6735	14.29
6736	9.23
6737	1.1
6738	18.84
6739	24.48
6740	15.32
6741	3.99
6742	6.72
6743	5.23
6744	10.41
6745	3.62
6746	17.87
6747	27.79
6748	9.06
6749	11.42
6750	10.84
6751	3.8
6752	3.9
6753	5.86
6754	11.85
6755	15.57
6756	23.23
6757	19.95
6758	14.82
6759	13.26
6760	6.51
6761	6.81
6762	18.65
6763	11.96
6764	14.91
6765	6.54
6766	2.39
6767	4.33
6768	17.02
6769	2.76
6770	1.64
6771	10.57
6772	16.51
6773	16.26
6774	19.01
6775	10.03
6776	1.52
6777	8.72
6778	5.47
6779	7.08
6780	16.88
6781	16.54
6782	13.43
6783	5.54
6784	18.38
6785	6.29
6786	7.89
6787	34.72
6788	0.04
6789	10.82
6790	2.76
6791	18.98
6792	5.09
6793	3.75
6794	17.03
6795	12.32
6796	2.01
6797	2.21
6798	9.12
6799	1.68
6800	1.79
6801	5.47
6802	0.29
6803	7.62
6804	7.61
6805	9.0
6806	4.07
6807	11.51
6808	41.93
6809	20.71
6810	10.07
6811	13.13
6812	10.1
6813	7.47
6814	12.91
6815	15.23
6816	30.56
6817	14.13
6818	10.52
6819	27.16
6820	15.53
6821	3.81
6822	0.43
6823	10.74
6824	1.95
6825	23.95
6826	11.78
6827	6.49
6828	18.02
6829	2.12
6830	8.51
6831	4.13
6832	38.47
6833	21.8
6834	7.23
6835	1.29
6836	18.7
6837	30.15
6838	10.61
6839	12.98
6840	10.29
6841	29.53
6842	2.32
6843	4.13
6844	15.51
6845	30.98
6846	39.82
6847	23.47
6848	10.56
6849	10.68
6850	13.15
6851	19.95
6852	30.45
6853	0.32
6854	14.0
6855	3.3
6856	22.37
6857	25.12
6858	23.95
6859	5.28
6860	11.55
6861	5.53
6862	12.31
6863	23.63
6864	2.29
6865	1.56
6866	19.33
6867	10.27
6868	5.17
6869	2.43
6870	3.25
6871	15.31
6872	8.68
6873	13.27
6874	34.99
6875	11.08
6876	3.52
6877	4.19
6878	0.63
6879	2.19
6880	45.62
6881	16.85
6882	29.73
6883	7.42
6884	12.43
6885	12.54
6886	14.88
6887	19.72
6888	1.13
6889	20.27
6890	9.81
6891	1.88
6892	2.29
6893	0.53
6894	6.76
6895	18.68
6896	17.77
6897	17.36
6898	10.15
6899	0.28
6900	19.2
6901	12.27
6902	5.88
6903	21.68
6904	23.06
6905	20.42
6906	30.52
6907	6.45
6908	27.66
6909	7.56
6910	12.61
6911	18.29
6912	4.06
6913	19.71
6914	14.77
6915	15.26
6916	7.89
6917	4.38
6918	13.99
6919	21.39
6920	4.87
6921	5.26
6922	13.75
6923	13.65
6924	3.86
6925	3.9
6926	16.38
6927	16.35
6928	7.74
6929	9.97
6930	3.94
6931	4.3
6932	30.71
6933	8.37
6934	4.94
6935	13.52
6936	5.67
6937	14.04
6938	11.6
6939	18.41
6940	15.75
6941	10.48
6942	0.48
6943	30.19
6944	10.23
6945	12.45
6946	27.45
6947	15.56
6948	5.07
6949	4.38
6950	6.01
6951	13.34
6952	10.81
6953	15.01
6954	30.08
6955	21.22
6956	22.43
6957	8.65
6958	9.25
6959	5.71
6960	8.77
6961	0.83
6962	14.72
6963	19.96
6964	16.1
6965	15.61
6966	6.25
6967	12.89
6968	9.89
6969	7.7
6970	1.85
6971	10.79
6972	25.75
6973	9.49
6974	1.16
6975	33.49
6976	10.27
6977	16.02
6978	3.03
6979	6.16
6980	24.22
6981	10.16
6982	2.51
6983	36.56
6984	9.07
6985	17.59
6986	2.63
6987	31.97
6988	2.01
6989	16.02
6990	20.56
6991	15.48
6992	7.19
6993	7.49
6994	7.75
6995	16.93
6996	4.14
6997	16.52
6998	8.53
6999	21.45
7000	43.3
7001	10.06
7002	15.38
7003	13.55
7004	5.87
7005	18.55
7006	3.28
7007	17.73
7008	5.15
7009	22.93
7010	20.6
7011	10.61
7012	30.17
7013	10.7
7014	1.17
7015	16.55
7016	16.39
7017	16.04
7018	5.63
7019	35.21
7020	8.65
7021	12.57
7022	11.53
7023	2.77
7024	27.85
7025	19.93
7026	2.76
7027	33.08
7028	10.25
7029	8.26
7030	38.05
7031	5.28
7032	15.29
7033	19.41
7034	29.64
7035	16.85
7036	35.86
7037	32.99
7038	13.0
7039	2.55
7040	13.5
7041	1.59
7042	7.93
7043	5.44
7044	21.01
7045	7.36
7046	19.73
7047	9.69
7048	4.28
7049	13.25
7050	16.19
7051	21.44
7052	24.03
7053	15.15
7054	5.4
7055	14.85
7056	5.98
7057	10.61
7058	12.75
7059	23.32
7060	27.28
7061	17.87
7062	2.07
7063	9.89
7064	21.52
7065	16.88
7066	22.04
7067	0.92
7068	7.37
7069	7.63
7070	7.58
7071	8.05
7072	32.7
7073	0.89
7074	16.87
7075	21.0
7076	1.8
7077	16.37
7078	3.54
7079	16.24
7080	1.99
7081	13.32
7082	11.62
7083	17.61
7084	6.16
7085	10.6
7086	17.71
7087	14.81
7088	22.65
7089	26.0
7090	5.84
7091	15.04
7092	2.9
7093	33.37
7094	14.7
7095	1.16
7096	13.84
7097	11.33
7098	3.37
7099	11.6
7100	22.6
7101	8.71
7102	11.48
7103	10.29
7104	5.98
7105	1.72
7106	3.79
7107	12.55
7108	0.9
7109	9.59
7110	1.43
7111	17.03
7112	4.7
7113	17.62
7114	12.01
7115	25.88
7116	14.77
7117	5.1
7118	35.06
7119	2.38
7120	6.48
7121	28.28
7122	14.49
7123	4.55
7124	24.19
7125	3.26
7126	12.69
7127	0.61
7128	7.16
7129	2.66
7130	11.39
7131	15.07
7132	6.56
7133	6.99
7134	23.99
7135	10.01
7136	8.79
7137	4.89
7138	2.24
7139	13.65
7140	13.06
7141	0.95
7142	5.32
7143	17.5
7144	15.73
7145	7.89
7146	16.66
7147	13.83
7148	2.5
7149	23.01
7150	10.46
7151	20.14
7152	18.79
7153	21.01
7154	6.27
7155	11.65
7156	23.56
7157	2.73
7158	17.06
7159	15.88
7160	9.01
7161	12.83
7162	5.26
7163	4.24
7164	10.59
7165	15.59
7166	3.32
7167	3.22
7168	4.91
7169	22.52
7170	22.91
7171	7.04
7172	10.93
7173	3.19
7174	3.44
7175	0.19
7176	11.03
7177	1.59
7178	12.34
7179	15.4
7180	15.61
7181	12.82
7182	14.02
7183	0.55
7184	7.38
7185	9.77
7186	3.79
7187	10.52
7188	6.21
7189	33.78
7190	25.5
7191	12.35
7192	2.12
7193	10.17
7194	15.9
7195	15.19
7196	18.09
7197	16.49
7198	1.99
7199	5.01
7200	27.26
7201	12.11
7202	5.83
7203	17.76
7204	8.12
7205	6.7
7206	15.14
7207	12.43
7208	5.27
7209	9.58
7210	22.38
7211	2.23
7212	17.9
7213	15.39
7214	10.14
7215	15.92
7216	20.25
7217	10.92
7218	13.66
7219	17.35
7220	7.23
7221	27.57
7222	6.67
7223	13.18
7224	22.77
7225	3.82
7226	10.44
7227	16.76
7228	8.21
7229	3.92
7230	21.95
7231	10.96
7232	0.16
7233	16.35
7234	9.47
7235	40.12
7236	17.37
7237	18.2
7238	21.39
7239	8.17
7240	3.67
7241	17.69
7242	17.55
7243	20.82
7244	18.78
7245	8.47
7246	0.1
7247	16.54
7248	29.01
7249	3.15
7250	8.2
7251	12.87
7252	0.64
7253	24.2
7254	11.77
7255	8.69
7256	11.02
7257	14.22
7258	8.67
7259	23.5
7260	20.56
7261	6.01
7262	17.58
7263	12.78
7264	15.86
7265	8.54
7266	25.44
7267	22.56
7268	9.09
7269	6.91
7270	20.0
7271	6.19
7272	13.54
7273	25.26
7274	28.78
7275	20.03
7276	22.21
7277	4.77
7278	6.41
7279	16.2
7280	8.1
7281	18.31
7282	21.11
7283	11.95
7284	22.0
7285	30.92
7286	15.06
7287	18.62
7288	10.16
7289	7.57
7290	14.25
7291	23.85
7292	0.09
7293	34.58
7294	4.36
7295	2.35
7296	0.04
7297	4.11
7298	14.23
7299	8.66
7300	2.89
7301	9.53
7302	11.35
7303	29.67
7304	5.17
7305	14.71
7306	3.72
7307	11.46
7308	14.1
7309	0.67
7310	3.16
7311	4.21
7312	8.0
7313	10.08
7314	27.89
7315	9.41
7316	15.08
7317	0.12
7318	11.6
7319	15.32
7320	2.1
7321	18.31
7322	8.14
7323	16.08
7324	4.73
7325	0.6
7326	7.9
7327	8.54
7328	19.29
7329	22.47
7330	19.4
7331	5.57
7332	26.28
7333	22.7
7334	31.84
7335	8.66
7336	1.68
7337	0.53
7338	11.63
7339	31.6
7340	11.87
7341	0.85
7342	23.13
7343	16.85
7344	9.11
7345	1.0
7346	5.1
7347	34.67
7348	1.75
7349	19.99
7350	13.37
7351	7.99
7352	9.34
7353	16.76
7354	16.98
7355	19.75
7356	7.42
7357	9.25
7358	14.63
7359	16.99
7360	15.9
7361	2.12
7362	16.94
7363	8.56
7364	11.03
7365	3.36
7366	34.58
7367	8.0
7368	0.99
7369	10.93
7370	14.16
7371	5.34
7372	12.45
7373	16.36
7374	9.4
7375	14.33
7376	11.39
7377	4.92
7378	1.27
7379	13.62
7380	12.18
7381	12.68
7382	24.78
7383	13.67
7384	16.62
7385	18.99
7386	25.04
7387	4.08
7388	5.22
7389	19.84
7390	0.2
7391	2.84
7392	20.82
7393	1.93
7394	24.85
7395	32.88
7396	11.26
7397	21.05
7398	8.69
7399	19.56
7400	21.45
7401	22.71
7402	5.17
7403	21.42
7404	17.19
7405	5.92
7406	8.54
7407	15.03
7408	13.62
7409	20.1
7410	14.1
7411	5.81
7412	4.77
7413	4.68
7414	0.71
7415	6.99
7416	35.57
7417	0.27
7418	13.3
7419	8.51
7420	3.15
7421	13.02
7422	13.87
7423	10.61
7424	20.95
7425	15.2
7426	14.72
7427	14.92
7428	23.67
7429	9.6
7430	34.64
7431	18.68
7432	3.99
7433	8.26
7434	15.23
7435	7.52
7436	23.15
7437	15.49
7438	16.47
7439	11.88
7440	11.73
7441	10.41
7442	6.18
7443	25.02
7444	30.31
7445	3.09
7446	9.06
7447	2.14
7448	1.17
7449	13.17
7450	3.77
7451	19.29
7452	14.57
7453	18.03
7454	2.24
7455	28.64
7456	6.51
7457	7.36
7458	14.17
7459	12.57
7460	31.59
7461	31.24
7462	12.02
7463	29.88
7464	14.99
7465	14.62
7466	4.47
7467	21.86
7468	1.41
7469	2.14
7470	20.6
7471	16.3
7472	7.64
7473	5.58
7474	6.76
7475	12.98
7476	2.58
7477	5.18
7478	1.65
7479	20.99
7480	0.93
7481	6.67
7482	2.52
7483	11.71
7484	14.81
7485	4.55
7486	11.99
7487	13.69
7488	22.06
7489	20.33
7490	10.36
7491	21.49
7492	8.56
7493	5.74
7494	15.83
7495	1.62
7496	7.54
7497	2.9
7498	24.02
7499	12.33
7500	37.5
7501	19.61
7502	21.19
7503	24.99
7504	6.65
7505	20.36
7506	11.04
7507	6.68
7508	32.37
7509	15.01
7510	15.44
7511	8.77
7512	4.84
7513	13.6
7514	1.69
7515	18.94
7516	1.34
7517	14.83
7518	15.54
7519	15.66
7520	1.77
7521	13.33
7522	8.48
7523	13.74
7524	1.03
7525	31.2
7526	4.07
7527	7.09
7528	15.35
7529	15.68
7530	15.17
7531	11.35
7532	9.36
7533	12.33
7534	4.82
7535	20.56
7536	0.36
7537	10.38
7538	8.74
7539	2.97
7540	14.26
7541	5.38
7542	18.85
7543	7.18
7544	10.89
7545	11.03
7546	4.04
7547	11.63
7548	8.04
7549	7.2
7550	10.12
7551	16.37
7552	6.14
7553	15.73
7554	13.34
7555	30.49
7556	16.1
7557	3.91
7558	11.14
7559	1.56
7560	12.64
7561	7.1
7562	18.27
7563	34.17
7564	12.27
7565	32.3
7566	4.3
7567	16.15
7568	9.3
7569	15.42
7570	1.89
7571	23.58
7572	5.73
7573	7.09
7574	7.5
7575	8.42
7576	0.57
7577	17.49
7578	1.5
7579	3.79
7580	15.01
7581	16.89
7582	12.87
7583	32.73
7584	17.33
7585	21.99
7586	20.03
7587	33.43
7588	5.7
7589	21.36
7590	4.17
7591	16.09
7592	6.73
7593	5.77
7594	17.43
7595	6.39
7596	24.49
7597	16.48
7598	19.61
7599	0.62
7600	7.94
7601	30.05
7602	10.78
7603	5.99
7604	12.55
7605	8.55
7606	8.26
7607	3.7
7608	22.33
7609	16.35
7610	10.92
7611	0.14
7612	0.74
7613	15.85
7614	9.55
7615	15.89
7616	15.84
7617	10.8
7618	43.34
7619	13.51
7620	11.09
7621	15.4
7622	0.23
7623	8.74
7624	25.43
7625	21.16
7626	14.06
7627	1.99
7628	3.54
7629	5.27
7630	13.17
7631	3.47
7632	17.97
7633	27.62
7634	27.24
7635	18.58
7636	28.98
7637	2.8
7638	22.22
7639	10.0
7640	3.47
7641	7.03
7642	6.86
7643	20.97
7644	18.19
7645	3.77
7646	6.01
7647	13.21
7648	12.59
7649	12.83
7650	20.52
7651	3.0
7652	16.47
7653	12.43
7654	12.86
7655	17.53
7656	13.8
7657	22.09
7658	15.3
7659	0.79
7660	14.22
7661	18.39
7662	0.96
7663	30.62
7664	40.67
7665	17.04
7666	1.1
7667	23.97
7668	19.43
7669	17.57
7670	11.35
7671	13.4
7672	20.1
7673	21.9
7674	11.82
7675	6.77
7676	22.99
7677	11.74
7678	31.12
7679	0.05
7680	8.87
7681	10.91
7682	5.34
7683	13.78
7684	24.46
7685	1.41
7686	6.67
7687	5.91
7688	1.43
7689	17.01
7690	2.42
7691	6.97
7692	29.03
7693	26.57
7694	15.07
7695	14.3
7696	13.41
7697	15.96
7698	2.72
7699	16.99
7700	4.94
7701	22.65
7702	9.02
7703	0.13
7704	17.99
7705	22.35
7706	6.95
7707	2.06
7708	11.3
7709	9.46
7710	13.09
7711	3.33
7712	9.48
7713	20.78
7714	3.39
7715	6.73
7716	16.51
7717	5.72
7718	10.7
7719	12.9
7720	0.11
7721	7.48
7722	26.01
7723	13.91
7724	13.3
7725	22.14
7726	19.78
7727	16.11
7728	4.86
7729	33.96
7730	41.12
7731	15.44
7732	13.95
7733	18.32
7734	10.47
7735	16.47
7736	19.11
7737	19.49
7738	4.3
7739	14.93
7740	17.94
7741	7.7
7742	10.63
7743	38.59
7744	11.8
7745	9.86
7746	18.88
7747	22.14
7748	15.05
7749	20.0
7750	3.86
7751	10.4
7752	2.13
7753	6.44
7754	7.23
7755	21.55
7756	17.54
7757	8.57
7758	12.53
7759	10.45
7760	15.05
7761	30.16
7762	39.16
7763	15.99
7764	8.88
7765	12.05
7766	31.08
7767	33.32
7768	19.23
7769	6.34
7770	5.21
7771	15.24
7772	22.6
7773	2.82
7774	15.24
7775	11.01
7776	1.57
7777	27.08
7778	4.65
7779	29.26
7780	5.07
7781	16.17
7782	14.44
7783	11.17
7784	29.46
7785	14.63
7786	21.18
7787	0.54
7788	12.36
7789	14.06
7790	4.17
7791	1.28
7792	7.22
7793	3.85
7794	4.91
7795	11.33
7796	14.65
7797	25.46
7798	7.66
7799	5.03
7800	6.83
7801	5.4
7802	24.5
7803	2.7
7804	16.89
7805	15.61
7806	5.18
7807	3.14
7808	17.57
7809	3.05
7810	9.93
7811	3.71
7812	14.23
7813	19.06
7814	9.78
7815	4.33
7816	12.88
7817	17.46
7818	15.1
7819	7.15
7820	6.98
7821	14.71
7822	26.68
7823	5.93
7824	0.08
7825	2.78
7826	24.43
7827	18.36
7828	9.36
7829	1.1
7830	14.33
7831	4.05
7832	5.3
7833	12.01
7834	13.99
7835	8.92
7836	14.12
7837	3.84
7838	9.88
7839	3.16
7840	18.12
7841	6.7
7842	19.04
7843	4.04
7844	1.37
7845	9.89
7846	9.97
7847	15.05
7848	12.02
7849	3.42
7850	8.46
7851	15.56
7852	3.91
7853	3.8
7854	20.48
7855	17.02
7856	10.86
7857	0.16
7858	39.66
7859	6.62
7860	17.23
7861	6.69
7862	25.86
7863	21.75
7864	21.02
7865	9.52
7866	0.9
7867	5.83
7868	15.78
7869	9.34
7870	10.77
7871	9.71
7872	33.75
7873	14.93
7874	12.05
7875	16.52
7876	22.99
7877	18.77
7878	3.7
7879	18.93
7880	19.22
7881	6.33
7882	4.32
7883	17.87
7884	12.84
7885	3.6
7886	15.18
7887	1.18
7888	22.01
7889	1.92
7890	22.63
7891	21.03
7892	13.56
7893	8.52
7894	10.95
7895	13.15
7896	9.92
7897	0.01
7898	11.9
7899	23.89
7900	28.36
7901	27.69
7902	9.64
7903	8.59
7904	16.65
7905	7.33
7906	5.71
7907	29.05
7908	14.27
7909	14.74
7910	6.08
7911	22.33
7912	15.03
7913	6.69
7914	2.57
7915	1.08
7916	17.75
7917	22.98
7918	14.42
7919	15.54
7920	14.99
7921	25.08
7922	31.21
7923	19.03
7924	5.95
7925	0.32
7926	26.55
7927	9.86
7928	9.39
7929	11.74
7930	3.29
7931	17.1
7932	26.06
7933	9.15
7934	0.44
7935	25.6
7936	4.87
7937	2.49
7938	4.2
7939	6.34
7940	11.75
7941	6.08
7942	4.13
7943	4.12
7944	9.68
7945	17.21
7946	18.52
7947	3.42
7948	5.79
7949	3.12
7950	28.58
7951	8.56
7952	10.08
7953	0.9
7954	5.22
7955	0.5
7956	9.57
7957	7.04
7958	13.64
7959	20.62
7960	16.88
7961	0.94
7962	17.29
7963	1.23
7964	18.03
7965	20.12
7966	15.21
7967	7.42
7968	19.37
7969	35.46
7970	17.41
7971	9.55
7972	14.54
7973	2.96
7974	5.88
7975	14.66
7976	20.23
7977	9.97
7978	24.54
7979	18.51
7980	9.72
7981	16.21
7982	18.31
7983	7.47
7984	6.92
7985	7.25
7986	10.79
7987	8.76
7988	6.85
7989	13.48
7990	15.77
7991	20.41
7992	17.84
7993	6.9
7994	10.68
7995	35.05
7996	7.75
7997	3.16
7998	29.34
7999	16.58
8000	2.27
8001	8.62
8002	7.6
8003	1.4
8004	19.51
8005	1.91
8006	6.39
8007	23.88
8008	7.95
8009	11.82
8010	10.66
8011	14.38
8012	18.04
8013	13.15
8014	7.58
8015	10.05
8016	12.17
8017	1.86
8018	3.38
8019	16.35
8020	22.9
8021	10.94
8022	18.78
8023	28.62
8024	15.95
8025	5.79
8026	2.33
8027	5.22
8028	5.36
8029	2.11
8030	1.14
8031	15.63
8032	7.17
8033	29.92
8034	1.74
8035	8.96
8036	35.17
8037	15.99
8038	7.02
8039	0.64
8040	45.26
8041	9.47
8042	27.7
8043	2.86
8044	17.88
8045	6.57
8046	18.52
8047	7.21
8048	23.23
8049	3.12
8050	6.06
8051	7.81
8052	11.66
8053	22.66
8054	6.78
8055	10.76
8056	10.41
8057	2.25
8058	13.22
8059	15.48
8060	22.75
8061	33.33
8062	3.24
8063	26.82
8064	17.38
8065	14.85
8066	3.24
8067	17.64
8068	15.71
8069	13.02
8070	11.6
8071	15.71
8072	2.91
8073	3.82
8074	40.35
8075	5.48
8076	17.57
8077	26.18
8078	2.82
8079	15.83
8080	10.07
8081	19.16
8082	30.34
8083	29.99
8084	18.5
8085	4.06
8086	4.34
8087	37.27
8088	1.16
8089	11.98
8090	11.63
8091	21.94
8092	20.58
8093	1.29
8094	3.79
8095	1.96
8096	20.14
8097	1.64
8098	8.96
8099	36.67
8100	26.08
8101	13.53
8102	11.81
8103	25.01
8104	28.69
8105	0.06
8106	16.92
8107	3.7
8108	31.07
8109	19.54
8110	4.35
8111	0.61
8112	11.45
8113	6.94
8114	1.76
8115	17.25
8116	15.83
8117	0.03
8118	10.15
8119	10.54
8120	12.89
8121	1.54
8122	31.85
8123	0.69
8124	27.25
8125	3.46
8126	26.99
8127	16.23
8128	10.93
8129	4.25
8130	5.18
8131	4.43
8132	21.92
8133	16.35
8134	3.12
8135	9.89
8136	13.26
8137	30.16
8138	5.0
8139	15.75
8140	3.97
8141	9.43
8142	20.58
8143	20.74
8144	4.67
8145	26.63
8146	36.4
8147	10.96
8148	6.19
8149	4.5
8150	5.69
8151	8.89
8152	11.06
8153	2.23
8154	28.28
8155	6.06
8156	9.13
8157	2.05
8158	14.34
8159	7.6
8160	10.1
8161	18.55
8162	1.89
8163	2.46
8164	13.83
8165	7.85
8166	24.58
8167	5.67
8168	0.18
8169	14.91
8170	16.69
8171	11.82
8172	4.91
8173	17.21
8174	15.4
8175	16.71
8176	8.57
8177	14.17
8178	6.1
8179	7.28
8180	10.62
8181	3.48
8182	14.19
8183	3.89
8184	20.21
8185	15.79
8186	5.35
8187	16.12
8188	17.27
8189	7.01
8190	22.03
8191	1.24
8192	2.71
8193	24.04
8194	1.24
8195	27.45
8196	12.14
8197	28.5
8198	13.42
8199	14.74
8200	10.38
8201	10.51
8202	4.72
8203	24.62
8204	12.94
8205	9.44
8206	4.2
8207	5.32
8208	14.89
8209	8.08
8210	9.92
8211	0.56
8212	7.63
8213	25.71
8214	6.33
8215	1.63
8216	3.75
8217	30.2
8218	3.13
8219	9.34
8220	16.75
8221	8.41
8222	16.15
8223	9.57
8224	14.39
8225	10.97
8226	13.43
8227	18.88
8228	16.37
8229	17.44
8230	8.68
8231	1.47
8232	27.16
8233	3.68
8234	21.41
8235	7.92
8236	6.89
8237	19.37
8238	13.76
8239	23.0
8240	32.38
8241	9.05
8242	7.15
8243	9.34
8244	10.48
8245	5.7
8246	10.71
8247	32.92
8248	4.14
8249	18.74
8250	21.49
8251	7.26
8252	3.97
8253	27.05
8254	7.94
8255	14.65
8256	23.81
8257	5.6
8258	2.15
8259	13.37
8260	7.55
8261	25.64
8262	16.16
8263	22.67
8264	3.37
8265	3.59
8266	12.06
8267	20.93
8268	34.95
8269	14.22
8270	12.56
8271	11.82
8272	0.99
8273	17.29
8274	11.68
8275	8.05
8276	9.45
8277	12.09
8278	13.93
8279	27.42
8280	8.56
8281	4.02
8282	18.39
8283	34.92
8284	14.78
8285	29.78
8286	2.89
8287	20.1
8288	12.93
8289	4.68
8290	8.2
8291	12.77
8292	0.36
8293	1.35
8294	6.5
8295	19.74
8296	8.15
8297	19.19
