0	41.09
1	29.21
2	39.11
3	55.63
4	25.42
5	37.87
6	44.49
7	53.57
8	28.58
9	28.02
10	29.44
11	44.31
12	34.89
13	50.6
14	26.9
15	27.01
16	27.97
17	31.87
18	41.68
19	56.27
20	31.91
21	37.61
22	56.18
23	27.79
24	50.14
25	34.48
26	45.74
27	36.93
28	35.15
29	55.29
30	32.08
31	34.07
32	10.44
33	21.21
34	29.92
35	40.46
36	20.47
37	37.07
38	36.29
39	27.68
40	51.69
41	31.7
42	45.21
43	21.96
44	42.98
45	27.6
46	3.71
47	35.86
48	38.6
49	20.43
50	48.17
51	57.75
52	12.98
53	44.52
54	33.8
55	46.22
56	13.66
57	21.47
58	55.92
59	28.19
60	56.63
61	29.7
62	41.78
63	20.86
64	39.35
65	34.37
66	55.96
67	51.6
68	27.66
69	36.71
70	12.82
71	34.09
72	18.67
73	34.4
74	42.46
75	27.9
76	53.83
77	41.33
78	68.03
79	42.44
80	23.98
81	46.18
82	46.11
83	42.32
84	19.32
85	38.39
86	43.09
87	48.21
88	30.06
89	20.05
90	29.96
91	50.11
92	62.98
93	43.76
94	19.66
95	31.0
96	38.91
97	31.53
98	46.21
99	32.72
100	45.26
101	31.71
102	32.19
103	41.28
104	29.43
105	40.47
106	26.22
107	39.16
108	48.61
109	75.55
110	46.78
111	14.47
112	45.78
113	32.07
114	33.77
115	45.96
116	25.02
117	28.27
118	26.25
119	35.28
120	52.88
121	47.66
122	29.15
123	73.57
124	43.56
125	40.98
126	57.55
127	41.16
128	25.17
129	73.94
130	26.59
131	14.26
132	28.7
133	43.17
134	47.31
135	32.31
136	30.16
137	22.81
138	44.76
139	41.38
140	27.86
141	48.95
142	35.82
143	38.2
144	25.64
145	46.92
146	49.3
147	43.47
148	48.78
149	32.24
150	55.94
151	25.07
152	41.55
153	48.72
154	35.21
155	54.6
156	28.45
157	48.0
158	38.32
159	40.42
160	22.9
161	42.15
162	43.67
163	35.86
164	38.34
165	31.09
166	64.25
167	28.82
168	65.79
169	47.72
170	33.35
171	38.51
172	43.02
173	38.97
174	35.75
175	25.14
176	52.83
177	10.06
178	38.95
179	38.01
180	51.58
181	63.42
182	51.77
183	51.58
184	73.29
185	28.34
186	31.56
187	44.59
188	29.39
189	48.37
190	27.23
191	22.94
192	50.22
193	35.63
194	32.78
195	24.37
196	27.28
197	15.48
198	57.12
199	23.1
200	39.41
201	39.22
202	30.56
203	27.44
204	43.24
205	32.7
206	30.02
207	39.39
208	38.45
209	43.13
210	54.66
211	32.87
212	48.78
213	56.01
214	37.8
215	35.18
216	20.4
217	30.11
218	48.14
219	39.53
220	46.39
221	33.43
222	36.22
223	32.62
224	50.01
225	41.91
226	38.99
227	18.91
228	44.79
229	50.67
230	19.86
231	46.49
232	46.24
233	31.38
234	55.3
235	51.63
236	32.56
237	27.27
238	21.65
239	50.42
240	33.48
241	46.87
242	35.18
243	58.76
244	49.47
245	38.52
246	52.2
247	16.36
248	54.94
249	36.39
250	39.04
251	34.98
252	36.25
253	48.06
254	54.73
255	31.23
256	58.32
257	28.33
258	46.98
259	29.25
260	32.61
261	48.64
262	31.36
263	39.32
264	73.08
265	53.29
266	41.34
267	25.88
268	30.83
269	54.17
270	31.26
271	30.33
272	46.42
273	33.08
274	27.44
275	38.84
276	37.47
277	63.32
278	31.28
279	45.43
280	32.95
281	33.34
282	28.13
283	53.46
284	34.15
285	39.01
286	48.6
287	24.74
288	34.05
289	35.68
290	45.65
291	46.43
292	31.78
293	45.73
294	42.14
295	56.16
296	27.55
297	32.61
298	28.28
299	54.81
300	35.67
301	46.11
302	49.43
303	49.52
304	34.9
305	58.4
306	37.66
307	37.79
308	13.14
309	59.24
310	30.72
311	43.71
312	53.29
313	49.69
314	27.59
315	30.61
316	41.39
317	44.03
318	11.81
319	42.09
320	50.15
321	53.82
322	48.28
323	46.22
324	42.98
325	45.86
326	38.55
327	67.47
328	44.38
329	36.94
330	41.86
331	40.97
332	54.38
333	35.41
334	51.0
335	29.14
336	46.51
337	46.26
338	42.24
339	27.38
340	27.68
341	43.52
342	28.98
343	35.38
344	23.13
345	22.24
346	53.77
347	22.51
348	50.14
349	46.11
350	32.29
351	40.8
352	35.63
353	29.6
354	27.67
355	32.25
356	32.24
357	48.1
358	29.55
359	33.78
360	36.86
361	46.43
362	40.27
363	25.7
364	52.17
365	37.88
366	15.86
367	34.59
368	42.67
369	28.82
370	34.87
371	35.81
372	45.87
373	58.05
374	46.3
375	47.1
376	50.94
377	23.64
378	47.9
379	52.1
380	26.97
381	25.92
382	82.03
383	19.35
384	21.44
385	11.48
386	65.48
387	35.43
388	44.82
389	32.25
390	28.03
391	34.86
392	40.77
393	37.89
394	32.55
395	54.95
396	11.38
397	36.3
398	42.25
399	15.16
400	38.43
401	53.54
402	41.43
403	16.42
404	49.77
405	25.05
406	37.61
407	29.81
408	5.35
409	35.18
410	62.22
411	35.2
412	30.03
413	41.91
414	7.53
415	23.85
416	51.13
417	33.28
418	45.97
419	16.93
420	31.35
421	50.28
422	60.39
423	38.72
424	47.44
425	30.58
426	28.51
427	50.67
428	31.27
429	52.79
430	48.22
431	43.2
432	41.1
433	17.34
434	20.74
435	29.21
436	63.87
437	42.02
438	45.49
439	32.51
440	32.3
441	35.19
442	41.94
443	47.85
444	60.68
445	37.84
446	48.13
447	34.45
448	46.39
449	44.42
450	51.24
451	39.0
452	8.12
453	34.21
454	37.31
455	38.65
456	37.74
457	40.25
458	20.65
459	13.0
460	29.84
461	26.63
462	58.12
463	46.59
464	45.94
465	45.36
466	20.33
467	22.32
468	43.59
469	55.85
470	35.88
471	62.29
472	36.45
473	64.1
474	25.59
475	56.53
476	40.12
477	26.23
478	45.55
479	39.28
480	22.49
481	21.25
482	43.37
483	25.27
484	33.38
485	22.95
486	20.39
487	29.64
488	49.32
489	45.1
490	49.81
491	17.54
492	56.92
493	33.53
494	26.56
495	38.2
496	47.1
497	23.1
498	37.26
499	26.15
500	34.28
501	27.19
502	34.37
503	25.52
504	21.12
505	30.46
506	21.34
507	41.63
508	26.47
509	32.77
510	58.87
511	60.42
512	45.23
513	4.48
514	43.02
515	45.85
516	44.83
517	61.37
518	20.2
519	58.26
520	33.24
521	50.36
522	35.53
523	48.44
524	23.83
525	33.5
526	38.35
527	43.41
528	40.68
529	41.85
530	58.4
531	27.3
532	27.92
533	26.23
534	45.87
535	23.11
536	44.64
537	24.04
538	60.15
539	32.33
540	38.07
541	53.51
542	51.77
543	14.52
544	34.86
545	37.44
546	15.12
547	37.04
548	36.87
549	25.17
550	38.5
551	30.57
552	55.35
553	25.22
554	60.04
555	26.8
556	24.75
557	23.59
558	40.12
559	36.49
560	15.07
561	65.65
562	26.52
563	61.53
564	37.0
565	42.69
566	54.43
567	50.01
568	27.99
569	29.45
570	35.81
571	25.62
572	64.8
573	45.4
574	63.63
575	21.96
576	28.35
577	37.9
578	33.96
579	41.19
580	41.73
581	34.99
582	58.99
583	33.3
584	43.87
585	30.4
586	43.59
587	37.42
588	37.31
589	17.83
590	39.46
591	30.64
592	54.3
593	45.79
594	46.6
595	27.64
596	46.79
597	24.76
598	27.63
599	53.54
600	41.89
601	21.44
602	36.71
603	26.17
604	44.41
605	49.58
606	31.92
607	4.21
608	36.42
609	47.45
610	62.05
611	43.19
612	27.17
613	52.11
614	46.94
615	32.53
616	5.52
617	35.33
618	38.82
619	34.21
620	27.22
621	34.26
622	37.8
623	46.51
624	37.8
625	59.43
626	37.31
627	28.94
628	39.44
629	52.94
630	32.81
631	48.57
632	35.53
633	54.41
634	53.36
635	32.52
636	34.6
637	24.51
638	75.02
639	5.23
640	32.03
641	59.12
642	38.69
643	53.15
644	55.77
645	38.22
646	45.43
647	61.5
648	29.32
649	19.07
650	23.49
651	58.21
652	24.93
653	39.7
654	50.8
655	54.04
656	29.19
657	59.37
658	16.35
659	34.59
660	37.95
661	10.33
662	33.48
663	25.7
664	34.79
665	71.29
666	41.31
667	45.98
668	33.46
669	47.4
670	34.33
671	25.22
672	56.29
673	41.08
674	51.84
675	55.71
676	33.28
677	39.5
678	41.75
679	39.39
680	40.24
681	46.42
682	58.84
683	55.46
684	27.74
685	43.41
686	25.2
687	29.1
688	32.87
689	31.71
690	48.5
691	44.11
692	17.51
693	46.52
694	44.21
695	31.94
696	23.37
697	43.0
698	16.17
699	31.88
700	34.05
701	36.61
702	48.62
703	31.69
704	39.96
705	46.43
706	35.17
707	35.48
708	29.59
709	42.19
710	53.32
711	42.29
712	53.55
713	26.32
714	37.03
715	57.97
716	27.24
717	51.9
718	62.73
719	53.0
720	39.48
721	22.25
722	28.3
723	50.0
724	31.21
725	27.99
726	64.24
727	37.11
728	12.3
729	36.9
730	67.9
731	27.28
732	43.95
733	69.53
734	50.89
735	42.43
736	41.05
737	37.28
738	12.97
739	53.16
740	27.74
741	44.04
742	32.52
743	20.55
744	38.2
745	43.16
746	40.53
747	31.47
748	49.48
749	55.89
750	18.37
751	43.07
752	41.61
753	56.11
754	40.66
755	27.12
756	26.09
757	30.57
758	8.26
759	27.39
760	44.61
761	33.66
762	26.89
763	45.92
764	51.64
765	45.26
766	28.21
767	30.92
768	52.6
769	36.83
770	30.4
771	43.75
772	57.58
773	33.75
774	43.71
775	39.23
776	49.04
777	48.26
778	7.27
779	21.03
780	52.26
781	52.55
782	34.05
783	49.61
784	18.62
785	15.37
786	47.82
787	31.64
788	56.25
789	51.14
790	53.0
791	32.07
792	31.92
793	74.17
794	25.56
795	46.21
796	27.92
797	39.43
798	43.25
799	32.24
800	33.85
801	55.13
802	40.37
803	40.22
804	54.55
805	51.19
806	47.23
807	38.13
808	45.98
809	51.91
810	51.37
811	30.85
812	28.81
813	44.13
814	57.95
815	34.4
816	34.54
817	49.59
818	23.99
819	33.37
820	47.86
821	27.75
822	46.79
823	53.32
824	46.27
825	37.74
826	67.22
827	35.28
828	64.72
829	36.32
830	27.72
831	50.7
832	52.6
833	39.33
834	31.41
835	44.44
836	60.54
837	17.8
838	40.55
839	44.6
840	26.87
841	48.63
842	27.06
843	66.18
844	51.41
845	44.63
846	48.11
847	50.31
848	49.11
849	59.08
850	19.31
851	36.73
852	31.54
853	31.61
854	54.51
855	42.56
856	48.89
857	58.9
858	27.93
859	50.66
860	38.31
861	31.7
862	37.88
863	28.25
864	42.74
865	29.82
866	33.75
867	33.73
868	28.68
869	22.51
870	25.37
871	31.69
872	51.98
873	36.24
874	34.49
875	44.79
876	38.52
877	33.65
878	24.28
879	54.86
880	42.01
881	18.16
882	54.97
883	33.37
884	44.28
885	35.24
886	49.07
887	24.9
888	26.47
889	36.5
890	37.69
891	46.5
892	39.55
893	49.99
894	20.59
895	50.22
896	24.98
897	65.99
898	24.18
899	46.95
900	63.86
901	31.18
902	56.97
903	43.76
904	38.91
905	44.73
906	30.43
907	47.52
908	39.45
909	2.39
910	37.03
911	28.62
912	23.98
913	36.05
914	26.13
915	35.7
916	45.31
917	27.72
918	34.81
919	31.78
920	29.42
921	27.85
922	43.88
923	27.77
924	17.58
925	50.63
926	24.67
927	46.58
928	22.06
929	43.97
930	60.74
931	43.3
932	11.36
933	17.81
934	8.09
935	47.61
936	27.25
937	13.58
938	38.11
939	43.86
940	15.37
941	57.02
942	32.74
943	51.3
944	47.39
945	39.48
946	13.22
947	26.61
948	42.42
949	38.92
950	25.18
951	40.8
952	31.9
953	28.7
954	27.45
955	30.27
956	36.46
957	34.6
958	41.61
959	37.72
960	16.94
961	54.03
962	21.77
963	52.99
964	22.69
965	44.32
966	33.06
967	56.58
968	44.61
969	61.53
970	35.08
971	51.3
972	49.68
973	36.23
974	46.91
975	34.31
976	35.91
977	28.61
978	14.67
979	22.22
980	43.91
981	24.59
982	20.94
983	38.44
984	38.26
985	11.42
986	46.3
987	26.99
988	42.71
989	40.93
990	39.12
991	25.36
992	36.35
993	15.97
994	46.51
995	35.81
996	22.11
997	46.15
998	57.6
999	28.17
1000	45.88
1001	30.12
1002	29.9
1003	40.38
1004	32.5
1005	29.5
1006	29.93
1007	34.42
1008	59.42
1009	40.05
1010	66.17
1011	40.14
1012	27.43
1013	43.98
1014	28.09
1015	32.71
1016	36.6
1017	53.06
1018	33.87
1019	55.32
1020	49.67
1021	23.78
1022	38.82
1023	33.02
1024	34.6
1025	19.5
1026	53.92
1027	36.89
1028	45.69
1029	19.95
1030	49.36
1031	23.46
1032	36.9
1033	45.53
1034	48.47
1035	38.37
1036	27.12
1037	27.19
1038	34.13
1039	38.62
1040	32.84
1041	28.25
1042	33.34
1043	30.23
1044	36.53
1045	48.86
1046	52.48
1047	26.8
1048	16.68
1049	24.18
1050	12.43
1051	10.99
1052	41.12
1053	43.07
1054	36.77
1055	34.73
1056	35.05
1057	44.59
1058	61.53
1059	30.42
1060	29.65
1061	56.58
1062	24.96
1063	54.57
1064	19.93
1065	39.62
1066	53.2
1067	46.56
1068	40.63
1069	35.14
1070	38.69
1071	18.73
1072	21.74
1073	48.78
1074	31.77
1075	39.45
1076	22.52
1077	52.25
1078	46.38
1079	63.81
1080	14.6
1081	19.29
1082	42.38
1083	41.22
1084	46.57
1085	39.8
1086	68.64
1087	52.67
1088	11.43
1089	41.53
1090	38.48
1091	54.02
1092	48.5
1093	45.31
1094	41.01
1095	18.26
1096	46.54
1097	55.1
1098	42.88
1099	54.62
1100	33.33
1101	41.03
1102	59.71
1103	27.56
1104	51.91
1105	22.29
1106	57.54
1107	32.46
1108	40.39
1109	40.94
1110	39.05
1111	49.73
1112	36.79
1113	37.03
1114	42.19
1115	14.58
1116	37.87
1117	26.91
1118	29.19
1119	25.05
1120	33.59
1121	21.03
1122	53.63
1123	37.66
1124	23.1
1125	47.65
1126	50.97
1127	35.03
1128	51.66
1129	46.0
1130	42.43
1131	34.84
1132	37.33
1133	43.41
1134	41.83
1135	28.5
1136	38.41
1137	49.81
1138	46.53
1139	42.49
1140	38.26
1141	33.86
1142	64.58
1143	23.42
1144	41.41
1145	31.0
1146	19.81
1147	50.28
1148	12.47
1149	48.99
1150	27.28
1151	33.84
1152	34.19
1153	40.15
1154	15.35
1155	43.82
1156	45.41
1157	64.8
1158	53.72
1159	32.17
1160	37.99
1161	35.72
1162	51.29
1163	14.33
1164	45.57
1165	44.45
1166	31.23
1167	71.97
1168	19.59
1169	60.0
1170	36.72
1171	49.26
1172	11.0
1173	39.18
1174	43.44
1175	38.21
1176	51.54
1177	34.38
1178	42.63
1179	45.35
1180	44.96
1181	43.15
1182	49.8
1183	65.66
1184	46.19
1185	22.94
1186	40.54
1187	39.41
1188	33.55
1189	27.08
1190	76.15
1191	27.8
1192	30.61
1193	26.36
1194	47.6
1195	9.31
1196	32.46
1197	62.34
1198	39.15
1199	35.38
1200	48.71
1201	51.52
1202	32.0
1203	47.8
1204	42.77
1205	50.07
1206	52.4
1207	29.03
1208	55.42
1209	23.14
1210	8.43
1211	47.37
1212	37.1
1213	56.1
1214	15.84
1215	67.33
1216	31.2
1217	32.5
1218	47.71
1219	41.92
1220	32.31
1221	60.83
1222	37.93
1223	45.71
1224	46.24
1225	36.79
1226	49.6
1227	33.72
1228	27.02
1229	58.15
1230	22.12
1231	31.71
1232	28.19
1233	22.71
1234	31.92
1235	35.25
1236	48.07
1237	26.68
1238	45.94
1239	22.96
1240	4.48
1241	31.34
1242	43.76
1243	30.34
1244	26.26
1245	49.9
1246	52.18
1247	39.45
1248	31.53
1249	47.76
1250	53.95
1251	25.19
1252	38.62
1253	41.1
1254	44.59
1255	42.83
1256	51.86
1257	28.13
1258	44.42
1259	23.04
1260	5.84
1261	42.65
1262	38.73
1263	51.03
1264	21.02
1265	61.83
1266	25.6
1267	28.95
1268	30.35
1269	52.71
1270	57.79
1271	31.21
1272	44.45
1273	38.38
1274	32.64
1275	49.62
1276	25.76
1277	40.79
1278	26.97
1279	53.51
1280	31.67
1281	52.97
1282	50.58
1283	32.07
1284	24.17
1285	39.13
1286	43.16
1287	45.52
1288	46.55
1289	38.64
1290	31.9
1291	25.81
1292	49.16
1293	21.37
1294	39.29
1295	41.83
1296	38.66
1297	49.86
1298	30.13
1299	44.53
1300	35.29
1301	46.79
1302	57.23
1303	38.8
1304	34.74
1305	50.97
1306	48.8
1307	37.21
1308	45.69
1309	32.29
1310	36.11
1311	35.7
1312	41.73
1313	47.23
1314	44.44
1315	33.48
1316	49.23
1317	53.34
1318	28.83
1319	44.79
1320	57.42
1321	39.34
1322	69.9
1323	14.29
1324	18.95
1325	52.8
1326	68.47
1327	36.72
1328	16.18
1329	51.22
1330	28.73
1331	48.14
1332	29.63
1333	14.5
1334	53.15
1335	36.67
1336	48.52
1337	32.58
1338	29.37
1339	33.51
1340	12.98
1341	37.69
1342	64.13
1343	28.82
1344	38.64
1345	47.47
1346	33.46
1347	23.65
1348	17.55
1349	24.53
1350	31.07
1351	23.96
1352	56.04
1353	43.4
1354	54.7
1355	36.55
1356	45.29
1357	42.57
1358	24.11
1359	58.69
1360	52.18
1361	42.0
1362	29.06
1363	27.25
1364	16.69
1365	41.61
1366	43.58
1367	28.97
1368	53.23
1369	53.48
1370	62.94
1371	55.94
1372	70.22
1373	20.38
1374	47.4
1375	38.74
1376	35.92
1377	60.2
1378	43.78
1379	21.18
1380	49.13
1381	25.61
1382	22.29
1383	35.46
1384	37.55
1385	38.09
1386	1.08
1387	21.67
1388	25.17
1389	59.49
1390	40.02
1391	36.97
1392	36.58
1393	40.61
1394	35.26
1395	32.03
1396	29.59
1397	59.22
1398	35.5
1399	44.5
1400	61.73
1401	54.51
1402	25.99
1403	22.13
1404	42.97
1405	33.3
1406	31.87
1407	58.61
1408	35.98
1409	57.25
1410	61.46
1411	28.48
1412	14.18
1413	33.58
1414	17.81
1415	30.39
1416	41.99
1417	30.88
1418	16.35
1419	44.11
1420	49.8
1421	33.29
1422	40.9
1423	44.56
1424	50.22
1425	42.15
1426	47.77
1427	25.84
1428	35.21
1429	33.1
1430	60.73
1431	55.67
1432	23.9
1433	55.63
1434	13.6
1435	20.19
1436	34.34
1437	49.62
1438	38.46
1439	45.44
1440	26.96
1441	47.57
1442	41.67
1443	55.09
1444	40.28
1445	38.12
1446	27.33
1447	48.89
1448	49.63
1449	50.01
1450	33.2
1451	24.93
1452	32.06
1453	41.71
1454	23.08
1455	28.98
1456	25.2
1457	41.33
1458	28.31
1459	46.1
1460	26.86
1461	40.95
1462	26.44
1463	50.94
1464	30.62
1465	19.45
1466	45.95
1467	28.37
1468	19.92
1469	9.26
1470	37.17
1471	63.53
1472	36.81
1473	29.19
1474	53.32
1475	28.91
1476	26.63
1477	47.9
1478	39.87
1479	51.02
1480	53.79
1481	23.03
1482	47.04
1483	18.09
1484	54.36
1485	42.2
1486	37.0
1487	49.15
1488	10.72
1489	41.57
1490	14.46
1491	31.89
1492	42.9
1493	33.42
1494	27.66
1495	44.48
1496	49.56
1497	46.27
1498	46.05
1499	40.38
1500	31.21
1501	39.68
1502	37.66
1503	56.48
1504	36.12
1505	20.37
1506	32.22
1507	61.9
1508	39.88
1509	63.98
1510	44.99
1511	34.52
1512	39.32
1513	29.87
1514	38.18
1515	43.08
1516	39.91
1517	53.82
1518	12.27
1519	23.66
1520	56.29
1521	54.86
1522	15.36
1523	52.92
1524	16.87
1525	29.19
1526	43.46
1527	32.45
1528	31.13
1529	50.59
1530	52.57
1531	33.02
1532	34.6
1533	39.0
1534	30.14
1535	43.89
1536	39.21
1537	79.1
1538	51.0
1539	42.21
1540	28.27
1541	41.51
1542	40.98
1543	60.84
1544	15.45
1545	64.99
1546	4.54
1547	34.24
1548	19.69
1549	44.95
1550	40.81
1551	18.87
1552	36.21
1553	40.49
1554	28.25
1555	56.23
1556	10.63
1557	82.03
1558	47.41
1559	49.35
1560	42.18
1561	32.23
1562	40.67
1563	61.99
1564	34.34
1565	34.63
1566	35.74
1567	27.85
1568	34.6
1569	28.37
1570	48.71
1571	63.82
1572	82.36
1573	67.71
1574	47.35
1575	52.92
1576	56.21
1577	25.73
1578	50.08
1579	43.56
1580	39.64
1581	47.29
1582	29.25
1583	35.38
1584	44.96
1585	41.14
1586	32.97
1587	40.63
1588	37.55
1589	56.16
1590	45.07
1591	45.2
1592	51.07
1593	24.3
1594	19.99
1595	30.46
1596	48.92
1597	54.58
1598	44.93
1599	27.35
1600	35.7
1601	63.1
1602	29.47
1603	8.46
1604	20.66
1605	36.35
1606	48.05
1607	30.01
1608	60.65
1609	31.24
1610	20.98
1611	52.28
1612	36.58
1613	23.96
1614	48.41
1615	30.86
1616	34.35
1617	59.16
1618	22.37
1619	13.17
1620	42.76
1621	34.6
1622	31.05
1623	39.22
1624	21.82
1625	43.25
1626	22.34
1627	30.55
1628	29.18
1629	40.29
1630	39.49
1631	26.97
1632	54.43
1633	54.06
1634	43.09
1635	33.99
1636	9.1
1637	23.67
1638	23.57
1639	56.92
1640	46.45
1641	31.68
1642	12.34
1643	53.9
1644	53.88
1645	29.93
1646	50.77
1647	53.57
1648	34.67
1649	45.98
1650	41.35
1651	48.09
1652	28.15
1653	31.11
1654	54.23
1655	11.65
1656	32.03
1657	19.67
1658	31.95
1659	19.99
1660	50.11
1661	10.78
1662	37.64
1663	32.44
1664	36.85
1665	54.94
1666	32.91
1667	42.04
1668	47.24
1669	33.09
1670	33.58
1671	42.06
1672	41.65
1673	32.33
1674	68.47
1675	31.1
1676	34.52
1677	33.38
1678	53.11
1679	33.16
1680	52.77
1681	48.47
1682	46.91
1683	39.48
1684	49.49
1685	43.55
1686	49.34
1687	39.98
1688	41.38
1689	38.04
1690	54.6
1691	24.97
1692	1.04
1693	44.34
1694	44.2
1695	28.33
1696	27.13
1697	64.61
1698	53.56
1699	14.01
1700	21.02
1701	16.05
1702	41.49
1703	11.06
1704	38.22
1705	20.32
1706	43.55
1707	54.33
1708	47.92
1709	52.8
1710	34.52
1711	45.26
1712	40.79
1713	41.95
1714	66.54
1715	33.48
1716	32.7
1717	59.21
1718	25.91
1719	32.33
1720	30.43
1721	32.14
1722	49.69
1723	41.73
1724	37.79
1725	9.65
1726	57.25
1727	34.45
1728	51.14
1729	35.7
1730	37.21
1731	26.75
1732	52.17
1733	72.78
1734	54.01
1735	48.32
1736	39.37
1737	8.4
1738	31.31
1739	21.55
1740	36.18
1741	42.94
1742	42.7
1743	35.94
1744	23.71
1745	33.88
1746	23.04
1747	19.65
1748	36.3
1749	39.14
1750	36.95
1751	49.45
1752	22.28
1753	27.63
1754	31.5
1755	46.05
1756	32.31
1757	43.86
1758	39.36
1759	45.59
1760	41.34
1761	38.77
1762	31.04
1763	36.02
1764	41.61
1765	22.41
1766	36.12
1767	61.92
1768	47.79
1769	73.31
1770	51.43
1771	61.51
1772	25.98
1773	65.44
1774	42.35
1775	44.2
1776	25.5
1777	41.96
1778	17.59
1779	21.88
1780	39.08
1781	53.06
1782	43.42
1783	38.09
1784	61.63
1785	60.01
1786	46.14
1787	24.99
1788	28.83
1789	43.9
1790	25.77
1791	53.23
1792	58.65
1793	44.85
1794	48.05
1795	41.78
1796	42.07
1797	37.17
1798	38.86
1799	37.47
1800	42.4
1801	43.46
1802	36.24
1803	10.43
1804	47.59
1805	37.23
1806	26.87
1807	10.54
1808	20.41
1809	74.57
1810	52.81
1811	19.87
1812	31.96
1813	57.52
1814	32.39
1815	46.52
1816	48.54
1817	44.15
1818	22.31
1819	33.36
1820	26.95
1821	30.14
1822	42.85
1823	40.11
1824	41.76
1825	43.63
1826	27.38
1827	58.19
1828	47.06
1829	57.87
1830	48.84
1831	24.96
1832	53.88
1833	52.0
1834	44.16
1835	5.71
1836	18.15
1837	28.79
1838	49.98
1839	46.27
1840	25.83
1841	15.82
1842	46.84
1843	40.78
1844	17.16
1845	43.99
1846	45.58
1847	50.77
1848	19.33
1849	57.98
1850	32.09
1851	41.39
1852	36.08
1853	18.87
1854	47.06
1855	45.97
1856	45.5
1857	25.1
1858	60.59
1859	25.64
1860	61.62
1861	34.62
1862	49.48
1863	58.14
1864	35.96
1865	56.53
1866	15.75
1867	13.71
1868	49.63
1869	43.66
1870	22.36
1871	37.13
1872	52.35
1873	44.09
1874	47.69
1875	30.73
1876	47.55
1877	36.15
1878	31.61
1879	20.07
1880	47.97
1881	30.13
1882	38.2
1883	37.32
1884	48.28
1885	45.88
1886	51.66
1887	35.82
1888	22.21
1889	25.72
1890	25.75
1891	43.61
1892	43.11
1893	28.92
1894	76.78
1895	33.85
1896	18.22
1897	21.45
1898	32.99
1899	34.25
1900	15.75
1901	40.77
1902	56.28
1903	70.5
1904	48.01
1905	53.15
1906	38.74
1907	33.94
1908	21.23
1909	40.8
1910	31.14
1911	23.2
1912	40.41
1913	34.45
1914	44.43
1915	43.35
1916	46.34
1917	34.37
1918	64.09
1919	36.16
1920	40.62
1921	29.46
1922	35.04
1923	63.53
1924	33.25
1925	50.81
1926	48.33
1927	42.03
1928	64.05
1929	45.26
1930	37.61
1931	35.13
1932	31.11
1933	42.56
1934	65.86
1935	39.3
1936	43.9
1937	46.92
1938	19.17
1939	40.13
1940	53.33
1941	30.92
1942	16.6
1943	38.53
1944	40.29
1945	48.98
1946	44.58
1947	44.07
1948	18.43
1949	34.16
1950	39.95
1951	19.22
1952	36.18
1953	44.19
1954	33.99
1955	26.42
1956	49.32
1957	56.85
1958	31.0
1959	39.83
1960	41.67
1961	34.1
1962	45.53
1963	41.53
1964	52.82
1965	27.23
1966	42.79
1967	48.04
1968	41.05
1969	23.21
1970	50.33
1971	35.53
1972	31.13
1973	27.33
1974	8.75
1975	46.05
1976	52.17
1977	27.3
1978	47.39
1979	51.52
1980	37.21
1981	39.44
1982	53.44
1983	31.1
1984	21.69
1985	53.88
1986	65.68
1987	29.73
1988	10.38
1989	48.54
1990	31.94
1991	44.29
1992	21.38
1993	34.3
1994	63.46
1995	47.7
1996	62.55
1997	32.23
1998	36.21
1999	35.8
2000	42.9
2001	34.65
2002	20.92
2003	39.98
2004	26.92
2005	30.04
2006	26.81
2007	51.34
2008	27.95
2009	26.91
2010	13.86
2011	37.67
2012	32.24
2013	22.84
2014	43.77
2015	37.78
2016	45.26
2017	37.16
2018	64.05
2019	29.09
2020	44.66
2021	35.34
2022	42.07
2023	13.77
2024	31.92
2025	51.84
2026	21.53
2027	43.41
2028	38.41
2029	30.97
2030	63.68
2031	31.66
2032	42.46
2033	49.16
2034	27.71
2035	19.72
2036	23.71
2037	48.71
2038	22.06
2039	58.84
2040	63.41
2041	12.72
2042	47.78
2043	37.56
2044	28.99
2045	34.16
2046	10.2
2047	43.5
2048	32.51
2049	33.15
2050	56.35
2051	54.46
2052	45.3
2053	36.53
2054	58.28
2055	26.72
2056	36.6
2057	53.48
2058	44.76
2059	40.14
2060	31.27
2061	43.45
2062	43.81
2063	41.19
2064	54.07
2065	39.85
2066	45.85
2067	55.47
2068	33.49
2069	21.03
2070	40.8
2071	18.81
2072	21.92
2073	31.27
2074	29.74
2075	22.72
2076	43.23
2077	61.28
2078	32.55
2079	52.52
2080	45.08
2081	22.31
2082	38.14
2083	24.75
2084	54.29
2085	32.71
2086	46.31
2087	51.04
2088	41.61
2089	38.63
2090	63.71
2091	49.95
2092	42.75
2093	40.99
2094	39.6
2095	32.15
2096	11.73
2097	36.34
2098	59.65
2099	27.83
2100	30.22
2101	49.58
2102	40.04
2103	35.52
2104	34.27
2105	32.37
2106	53.0
2107	40.75
2108	47.9
2109	48.81
2110	29.75
2111	46.86
2112	59.9
2113	8.5
2114	63.72
2115	40.19
2116	31.52
2117	46.18
2118	33.18
2119	47.19
2120	32.81
2121	33.95
2122	27.93
2123	58.71
2124	18.05
2125	27.2
2126	38.75
2127	38.27
2128	34.31
2129	28.45
2130	33.18
2131	43.2
2132	30.88
2133	45.68
2134	38.33
2135	43.39
2136	33.35
2137	29.73
2138	39.62
2139	22.83
2140	26.23
2141	35.03
2142	44.32
2143	12.54
2144	45.28
2145	56.68
2146	63.17
2147	35.13
2148	11.53
2149	37.16
2150	34.77
2151	56.91
2152	33.93
2153	36.38
2154	53.96
2155	56.68
2156	24.77
2157	26.0
2158	54.03
2159	21.98
2160	31.08
2161	12.89
2162	36.53
2163	50.48
2164	40.1
2165	59.37
2166	40.49
2167	16.41
2168	46.36
2169	43.16
2170	14.89
2171	38.71
2172	24.61
2173	59.31
2174	35.92
2175	48.93
2176	37.45
2177	47.7
2178	31.06
2179	25.19
2180	54.29
2181	32.02
2182	23.21
2183	34.17
2184	28.09
2185	33.29
2186	32.87
2187	14.94
2188	30.4
2189	26.03
2190	16.03
2191	46.88
2192	73.37
2193	31.58
2194	35.21
2195	32.57
2196	19.47
2197	27.99
2198	39.13
2199	41.7
2200	67.82
2201	36.84
2202	3.69
2203	20.72
2204	16.77
2205	35.59
2206	44.4
2207	34.93
2208	55.53
2209	38.31
2210	30.75
2211	27.12
2212	46.52
2213	45.37
2214	46.46
2215	37.38
2216	43.91
2217	26.92
2218	52.63
2219	25.49
2220	55.13
2221	34.45
2222	43.98
2223	31.29
2224	39.84
2225	23.72
2226	39.52
2227	34.68
2228	36.24
2229	34.74
2230	44.06
2231	32.6
2232	26.2
2233	27.75
2234	52.98
2235	41.72
2236	42.59
2237	45.77
2238	32.22
2239	25.96
2240	48.72
2241	33.61
2242	27.17
2243	57.9
2244	19.52
2245	21.9
2246	33.5
2247	28.22
2248	60.01
2249	52.37
2250	50.0
2251	52.59
2252	38.06
2253	49.67
2254	13.38
2255	47.1
2256	27.19
2257	27.2
2258	36.45
2259	21.26
2260	32.7
2261	32.51
2262	46.12
2263	39.06
2264	43.54
2265	31.52
2266	25.41
2267	49.17
2268	36.38
2269	33.12
2270	36.99
2271	54.32
2272	22.62
2273	51.92
2274	44.94
2275	25.04
2276	28.58
2277	30.88
2278	38.37
2279	22.61
2280	26.86
2281	57.83
2282	41.78
2283	31.48
2284	41.86
2285	48.5
2286	37.99
2287	36.19
2288	25.61
2289	39.34
2290	39.15
2291	44.38
2292	34.97
2293	49.81
2294	42.32
2295	45.18
2296	40.85
2297	18.97
2298	32.99
2299	23.2
2300	17.16
2301	34.82
2302	17.57
2303	33.94
2304	55.18
2305	59.9
2306	59.9
2307	17.52
2308	57.49
2309	48.82
2310	51.15
2311	32.45
2312	34.51
2313	30.23
2314	45.86
2315	53.71
2316	38.54
2317	44.24
2318	36.55
2319	23.61
2320	70.18
2321	57.04
2322	58.1
2323	27.71
2324	55.75
2325	59.72
2326	39.5
2327	59.64
2328	45.59
2329	30.25
2330	36.02
2331	40.34
2332	35.1
2333	43.0
2334	55.05
2335	24.98
2336	34.77
2337	39.11
2338	21.59
2339	54.95
2340	35.55
2341	29.59
2342	35.98
2343	39.51
2344	48.77
2345	40.36
2346	29.87
2347	56.52
2348	49.19
2349	26.06
2350	41.0
2351	34.22
2352	41.41
2353	42.36
2354	38.79
2355	30.47
2356	30.37
2357	49.38
2358	36.25
2359	39.75
2360	19.84
2361	62.27
2362	30.45
2363	30.41
2364	70.39
2365	43.32
2366	43.69
2367	31.87
2368	46.98
2369	24.67
2370	38.47
2371	26.32
2372	40.57
2373	58.77
2374	27.81
2375	40.18
2376	25.34
2377	59.29
2378	31.54
2379	28.13
2380	51.65
2381	49.26
2382	43.35
2383	30.93
2384	31.05
2385	23.48
2386	45.96
2387	23.75
2388	68.58
2389	34.59
2390	45.11
2391	26.82
2392	9.14
2393	16.3
2394	25.12
2395	37.24
2396	22.17
2397	31.77
2398	47.32
2399	15.93
2400	29.37
2401	20.51
2402	35.92
2403	40.92
2404	38.54
2405	29.62
2406	37.39
2407	62.19
2408	42.74
2409	52.26
2410	67.65
2411	36.97
2412	40.94
2413	44.11
2414	28.97
2415	57.19
2416	29.81
2417	26.61
2418	38.82
2419	28.07
2420	14.04
2421	54.66
2422	46.24
2423	20.51
2424	22.71
2425	22.89
2426	24.28
2427	34.75
2428	53.4
2429	35.47
2430	43.71
2431	30.15
2432	56.2
2433	31.1
2434	36.22
2435	46.91
2436	29.44
2437	49.18
2438	41.86
2439	45.96
2440	37.94
2441	45.35
2442	43.81
2443	48.26
2444	61.11
2445	32.0
2446	19.23
2447	53.86
2448	12.21
2449	34.52
2450	53.53
2451	19.76
2452	56.1
2453	29.22
2454	38.28
2455	17.95
2456	30.67
2457	20.23
2458	42.44
2459	53.9
2460	31.33
2461	62.67
2462	24.72
2463	81.36
2464	68.73
2465	33.91
2466	52.37
2467	52.09
2468	54.09
2469	39.16
2470	25.61
2471	22.45
2472	31.12
2473	46.38
2474	19.45
2475	47.64
2476	24.61
2477	26.24
2478	49.81
2479	15.3
2480	42.5
2481	29.04
2482	36.24
2483	40.69
2484	61.38
2485	37.96
2486	37.68
2487	12.26
2488	26.81
2489	13.99
2490	51.68
2491	46.86
2492	45.8
2493	39.15
2494	36.57
2495	13.9
2496	30.81
2497	43.55
2498	11.17
2499	39.45
2500	44.89
2501	36.06
2502	40.07
2503	27.76
2504	39.28
2505	71.76
2506	35.6
2507	14.04
2508	26.85
2509	33.39
2510	36.84
2511	47.88
2512	33.77
2513	35.6
2514	28.94
2515	33.47
2516	57.36
2517	38.45
2518	37.43
2519	41.28
2520	25.86
2521	12.17
2522	26.19
2523	28.44
2524	44.08
2525	25.02
2526	42.35
2527	47.46
2528	31.91
2529	35.78
2530	9.16
2531	44.75
2532	71.34
2533	34.87
2534	37.2
2535	31.33
2536	38.78
2537	24.58
2538	28.21
2539	46.65
2540	45.45
2541	40.7
2542	41.44
2543	28.04
2544	42.53
2545	39.69
2546	45.49
2547	27.23
2548	35.62
2549	58.19
2550	38.6
2551	30.74
2552	42.46
2553	30.91
2554	24.07
2555	56.23
2556	39.82
2557	22.8
2558	25.99
2559	34.3
2560	31.18
2561	57.47
2562	34.47
2563	42.16
2564	25.82
2565	44.88
2566	15.63
2567	44.86
2568	20.62
2569	30.91
2570	35.31
2571	50.75
2572	30.31
2573	25.32
2574	28.18
2575	39.8
2576	28.2
2577	35.84
2578	30.08
2579	37.35
2580	42.96
2581	9.52
2582	53.14
2583	21.53
2584	43.6
2585	37.9
2586	6.56
2587	7.98
2588	66.45
2589	24.57
2590	30.98
2591	27.18
2592	55.07
2593	33.19
2594	51.29
2595	33.51
2596	37.59
2597	40.27
2598	38.71
2599	60.56
2600	32.28
2601	30.72
2602	43.65
2603	47.71
2604	18.85
2605	72.88
2606	17.51
2607	37.64
2608	36.45
2609	16.9
2610	50.54
2611	62.83
2612	36.34
2613	16.82
2614	55.0
2615	39.74
2616	41.27
2617	47.74
2618	26.95
2619	38.12
2620	60.47
2621	73.5
2622	18.6
2623	27.99
2624	25.49
2625	67.28
2626	37.53
2627	42.4
2628	34.72
2629	58.15
2630	22.71
2631	38.78
2632	38.52
2633	38.59
2634	42.51
2635	25.08
2636	37.35
2637	48.19
2638	47.24
2639	24.8
2640	37.92
2641	31.04
2642	24.27
2643	36.92
2644	22.18
2645	34.52
2646	52.84
2647	9.78
2648	54.37
2649	52.76
2650	41.52
2651	24.93
2652	47.1
2653	49.36
2654	32.68
2655	36.2
2656	33.2
2657	9.8
2658	14.78
2659	40.86
2660	25.67
2661	32.63
2662	73.59
2663	63.53
2664	22.49
2665	36.1
2666	43.36
2667	46.0
2668	35.17
2669	23.24
2670	58.25
2671	36.13
2672	26.8
2673	34.46
2674	40.36
2675	49.16
2676	37.2
2677	49.68
2678	42.29
2679	26.95
2680	26.67
2681	43.09
2682	16.63
2683	22.97
2684	39.65
2685	69.83
2686	24.55
2687	44.87
2688	54.18
2689	44.51
2690	67.87
2691	33.29
2692	23.42
2693	8.16
2694	39.12
2695	44.48
2696	41.89
2697	92.46
2698	49.19
2699	36.25
2700	8.27
2701	39.3
2702	23.0
2703	33.17
2704	25.29
2705	23.44
2706	34.78
2707	34.57
2708	20.53
2709	58.27
2710	38.11
2711	30.92
2712	23.13
2713	54.03
2714	34.42
2715	21.7
2716	53.03
2717	49.78
2718	41.79
2719	21.9
2720	15.38
2721	20.6
2722	19.8
2723	52.72
2724	43.37
2725	36.47
2726	24.92
2727	36.55
2728	48.47
2729	56.28
2730	57.86
2731	39.74
2732	21.97
2733	43.25
2734	31.36
2735	27.02
2736	47.2
2737	27.21
2738	29.33
2739	41.25
2740	44.78
2741	44.6
2742	4.42
2743	28.61
2744	43.34
2745	54.67
2746	51.87
2747	57.0
2748	72.97
2749	52.44
2750	36.06
2751	43.48
2752	25.68
2753	39.95
2754	14.79
2755	22.47
2756	59.74
2757	50.14
2758	73.45
2759	32.83
2760	18.7
2761	40.22
2762	44.59
2763	55.79
2764	17.21
2765	26.7
2766	36.58
2767	38.94
2768	43.29
2769	45.39
2770	30.81
2771	5.62
2772	20.45
2773	53.53
2774	48.2
2775	39.22
2776	24.3
2777	52.38
2778	28.31
2779	48.82
2780	9.3
2781	38.26
2782	14.17
2783	42.78
2784	66.98
2785	45.82
2786	24.59
2787	27.93
2788	23.28
2789	31.2
2790	63.91
2791	19.16
2792	36.71
2793	49.08
2794	47.99
2795	24.95
2796	35.95
2797	52.29
2798	26.95
2799	30.67
2800	23.75
2801	34.9
2802	46.41
2803	42.7
2804	27.57
2805	47.35
2806	34.93
2807	42.41
2808	38.54
2809	50.81
2810	17.45
2811	52.84
2812	16.79
2813	26.58
2814	49.85
2815	31.72
2816	34.72
2817	21.69
2818	38.33
2819	50.18
2820	25.86
2821	37.41
2822	12.44
2823	43.3
2824	48.3
2825	72.23
2826	29.96
2827	48.4
2828	41.79
2829	19.61
2830	51.47
2831	45.4
2832	14.15
2833	23.07
2834	31.92
2835	25.14
2836	49.74
2837	33.15
2838	22.08
2839	46.51
2840	59.11
2841	63.9
2842	36.03
2843	37.15
2844	47.78
2845	25.6
2846	33.78
2847	14.03
2848	48.4
2849	33.55
2850	21.06
2851	39.68
2852	40.68
2853	62.67
2854	46.23
2855	53.21
2856	35.07
2857	35.37
2858	25.23
2859	79.0
2860	50.71
2861	48.55
2862	32.92
2863	24.79
2864	49.45
2865	39.8
2866	20.52
2867	34.69
2868	57.14
2869	36.9
2870	38.8
2871	50.37
2872	50.98
2873	16.08
2874	45.88
2875	36.72
2876	36.57
2877	18.71
2878	42.13
2879	31.76
2880	36.67
2881	53.88
2882	20.91
2883	48.48
2884	64.25
2885	36.5
2886	44.75
2887	30.7
2888	13.51
2889	22.43
2890	18.68
2891	24.58
2892	35.54
2893	56.01
2894	40.76
2895	47.5
2896	26.6
2897	48.51
2898	30.67
2899	45.14
2900	6.85
2901	52.13
2902	43.15
2903	42.41
2904	5.88
2905	55.23
2906	23.04
2907	42.25
2908	45.02
2909	15.9
2910	64.83
2911	42.04
2912	28.19
2913	50.2
2914	49.01
2915	51.44
2916	27.93
2917	21.9
2918	30.63
2919	55.28
2920	41.51
2921	36.39
2922	15.08
2923	36.51
2924	16.75
2925	46.52
2926	34.12
2927	34.47
2928	38.86
2929	37.79
2930	35.58
2931	20.73
2932	51.24
2933	21.95
2934	39.78
2935	24.19
2936	42.37
2937	43.31
2938	55.4
2939	34.41
2940	51.64
2941	62.25
2942	45.12
2943	33.75
2944	30.84
2945	42.86
2946	32.22
2947	26.7
2948	19.71
2949	32.67
2950	33.53
2951	36.77
2952	26.16
2953	38.01
2954	31.61
2955	23.88
2956	32.02
2957	33.68
2958	48.44
2959	28.96
2960	24.48
2961	39.84
2962	34.93
2963	26.92
2964	30.28
2965	36.5
2966	32.1
2967	42.24
2968	30.66
2969	28.4
2970	35.86
2971	45.31
2972	47.69
2973	44.83
2974	38.42
2975	34.11
2976	45.77
2977	44.36
2978	44.0
2979	42.32
2980	43.77
2981	35.38
2982	45.72
2983	20.86
2984	46.58
2985	42.49
2986	30.37
2987	36.45
2988	32.8
2989	48.78
2990	38.09
2991	63.8
2992	32.41
2993	22.15
2994	14.55
2995	53.93
2996	9.81
2997	23.92
2998	36.1
2999	35.82
3000	37.97
3001	44.65
3002	56.21
3003	38.4
3004	35.58
3005	53.05
3006	29.48
3007	48.0
3008	35.39
3009	35.38
3010	44.66
3011	23.16
3012	67.26
3013	10.3
3014	43.18
3015	53.4
3016	36.74
3017	33.16
3018	37.28
3019	45.49
3020	58.42
3021	36.92
3022	25.18
3023	45.42
3024	23.49
3025	33.4
3026	19.86
3027	32.45
3028	27.97
3029	15.49
3030	49.07
3031	43.45
3032	40.19
3033	25.61
3034	16.56
3035	49.46
3036	44.76
3037	28.43
3038	20.03
3039	46.4
3040	44.3
3041	48.73
3042	26.83
3043	42.98
3044	31.45
3045	27.51
3046	41.03
3047	24.58
3048	32.4
3049	27.51
3050	44.12
3051	18.99
3052	25.89
3053	21.46
3054	37.22
3055	33.39
3056	17.77
3057	55.05
3058	35.48
3059	40.63
3060	37.04
3061	39.14
3062	31.04
3063	37.0
3064	39.59
3065	24.43
3066	45.26
3067	34.16
3068	29.45
3069	34.39
3070	54.31
3071	19.2
3072	28.47
3073	44.73
3074	29.44
3075	33.32
3076	56.11
3077	33.32
3078	17.41
3079	21.09
3080	15.74
3081	40.82
3082	26.59
3083	36.47
3084	51.73
3085	47.67
3086	41.16
3087	54.49
3088	50.09
3089	24.98
3090	49.2
3091	50.57
3092	35.81
3093	23.83
3094	50.96
3095	21.55
3096	25.47
3097	37.16
3098	35.93
3099	39.01
3100	31.34
3101	5.93
3102	21.94
3103	28.04
3104	21.32
3105	42.42
3106	43.92
3107	54.02
3108	74.42
3109	31.52
3110	61.05
3111	24.51
3112	66.13
3113	24.38
3114	48.59
3115	21.66
3116	27.5
3117	35.37
3118	33.39
3119	38.2
3120	26.63
3121	35.53
3122	37.5
3123	56.6
3124	40.09
3125	21.51
3126	21.71
3127	61.75
3128	36.9
3129	40.77
3130	46.4
3131	38.92
3132	40.39
3133	41.36
3134	50.11
3135	29.63
3136	38.23
3137	53.9
3138	22.52
3139	56.68
3140	29.4
3141	40.35
3142	34.86
3143	44.34
3144	35.17
3145	54.91
3146	38.94
3147	13.77
3148	46.01
3149	35.27
3150	34.98
3151	38.87
3152	22.83
3153	41.65
3154	33.01
3155	37.65
3156	59.52
3157	21.44
3158	54.89
3159	52.29
3160	39.23
3161	30.9
3162	42.17
3163	43.85
3164	27.12
3165	39.62
3166	32.79
3167	47.57
3168	43.1
3169	35.38
3170	49.05
3171	34.97
3172	75.26
3173	46.53
3174	44.61
3175	40.12
3176	51.37
3177	39.64
3178	18.04
3179	28.5
3180	29.05
3181	56.04
3182	41.14
3183	51.29
3184	25.46
3185	45.85
3186	37.29
3187	31.4
3188	20.6
3189	27.48
3190	35.14
3191	25.58
3192	51.48
3193	52.48
3194	48.13
3195	47.73
3196	43.03
3197	36.21
3198	49.15
3199	48.31
3200	43.03
3201	36.36
3202	39.13
3203	44.3
3204	30.11
3205	40.78
3206	37.11
3207	18.85
3208	53.69
3209	48.58
3210	41.44
3211	55.18
3212	19.91
3213	55.11
3214	58.06
3215	25.54
3216	16.37
3217	15.42
3218	25.09
3219	39.05
3220	5.63
3221	44.03
3222	38.36
3223	55.71
3224	43.45
3225	12.94
3226	52.67
3227	14.48
3228	37.83
3229	43.27
3230	30.14
3231	50.43
3232	44.71
3233	41.95
3234	39.18
3235	52.06
3236	27.77
3237	49.48
3238	39.37
3239	51.76
3240	39.42
3241	27.68
3242	41.95
3243	57.9
3244	29.73
3245	63.53
3246	51.33
3247	28.26
3248	8.96
3249	34.18
3250	50.11
3251	25.58
3252	47.35
3253	25.81
3254	28.9
3255	56.32
3256	34.13
3257	20.29
3258	28.61
3259	20.83
3260	48.21
3261	34.4
3262	35.6
3263	32.76
3264	46.06
3265	24.28
3266	48.07
3267	20.84
3268	63.69
3269	42.22
3270	48.98
3271	61.85
3272	44.64
3273	44.62
3274	35.68
3275	54.81
3276	33.36
3277	64.93
3278	49.36
3279	20.19
3280	33.49
3281	26.83
3282	61.32
3283	61.44
3284	45.63
3285	50.97
3286	17.2
3287	34.82
3288	20.16
3289	35.41
3290	50.56
3291	38.3
3292	21.55
3293	32.0
3294	29.61
3295	64.73
3296	34.36
3297	31.14
3298	56.67
3299	54.96
3300	34.67
3301	47.17
3302	29.48
3303	35.87
3304	43.1
3305	49.83
3306	38.14
3307	19.41
3308	29.71
3309	51.78
3310	64.5
3311	28.5
3312	54.89
3313	28.02
3314	56.56
3315	52.81
3316	17.52
3317	32.25
3318	45.16
3319	34.48
3320	54.38
3321	46.77
3322	39.69
3323	33.86
3324	50.02
3325	17.36
3326	8.61
3327	44.24
3328	56.07
3329	43.66
3330	21.65
3331	54.95
3332	35.39
3333	53.2
3334	28.87
3335	33.22
3336	57.74
3337	30.32
3338	27.69
3339	29.65
3340	32.41
3341	41.81
3342	49.08
3343	25.68
3344	59.47
3345	55.32
3346	54.04
3347	25.67
3348	38.34
3349	52.3
3350	30.15
3351	31.44
3352	48.84
3353	28.89
3354	33.26
3355	21.65
3356	41.31
3357	36.35
3358	40.1
3359	18.06
3360	33.78
3361	20.74
3362	45.74
3363	40.95
3364	35.83
3365	37.48
3366	37.38
3367	43.35
3368	22.39
3369	36.76
3370	29.06
3371	64.42
3372	52.74
3373	39.74
3374	26.56
3375	26.69
3376	39.54
3377	18.4
3378	34.51
3379	12.44
3380	60.98
3381	40.29
3382	34.01
3383	60.19
3384	19.84
3385	62.98
3386	38.0
3387	65.72
3388	12.28
3389	23.14
3390	44.44
3391	40.71
3392	8.72
3393	36.1
3394	49.55
3395	38.93
3396	33.72
3397	52.82
3398	34.84
3399	37.61
3400	37.48
3401	47.32
3402	13.83
3403	30.54
3404	33.7
3405	21.18
3406	73.69
3407	11.69
3408	31.22
3409	21.31
3410	34.45
3411	34.05
3412	24.0
3413	53.31
3414	48.71
3415	47.8
3416	45.03
3417	45.14
3418	38.99
3419	56.23
3420	56.74
3421	20.27
3422	34.55
3423	45.47
3424	31.36
3425	36.55
3426	66.04
3427	61.13
3428	13.59
3429	26.57
3430	34.58
3431	30.72
3432	35.07
3433	38.83
3434	12.86
3435	30.39
3436	34.74
3437	33.87
3438	56.17
3439	62.23
3440	31.38
3441	62.75
3442	5.26
3443	16.15
3444	38.02
3445	69.38
3446	33.18
3447	26.79
3448	21.12
3449	30.4
3450	45.58
3451	55.49
3452	27.38
3453	21.88
3454	36.77
3455	23.63
3456	35.11
3457	13.3
3458	46.23
3459	25.93
3460	31.24
3461	50.2
3462	15.29
3463	18.36
3464	46.85
3465	19.61
3466	60.83
3467	33.23
3468	34.35
3469	32.05
3470	49.87
3471	32.06
3472	19.81
3473	7.96
3474	20.09
3475	46.66
3476	33.83
3477	43.44
3478	20.17
3479	31.75
3480	12.93
3481	21.44
3482	62.75
3483	16.15
3484	51.18
3485	4.64
3486	52.78
3487	44.78
3488	30.53
3489	28.88
3490	31.82
3491	36.61
3492	54.64
3493	50.38
3494	20.01
3495	38.91
3496	30.71
3497	52.03
3498	28.56
3499	43.84
3500	46.84
3501	13.34
3502	37.28
3503	41.92
3504	57.52
3505	62.75
3506	40.57
3507	39.63
3508	53.6
3509	20.36
3510	40.96
3511	12.12
3512	35.95
3513	24.99
3514	17.52
3515	41.12
3516	35.27
3517	45.32
3518	39.08
3519	32.62
3520	37.88
3521	23.34
3522	42.2
3523	44.38
3524	24.92
3525	33.44
3526	29.05
3527	43.16
3528	41.94
3529	58.79
3530	47.38
3531	38.72
3532	44.29
3533	18.17
3534	42.52
3535	17.27
3536	19.92
3537	35.39
3538	42.77
3539	61.22
3540	28.17
3541	29.36
3542	14.75
3543	46.44
3544	25.11
3545	47.08
3546	60.64
3547	12.96
3548	28.89
3549	36.33
3550	47.4
3551	60.14
3552	30.45
3553	44.42
3554	45.7
3555	21.16
3556	37.65
3557	46.87
3558	35.43
3559	59.98
3560	51.63
3561	28.18
3562	36.56
3563	44.42
3564	35.77
3565	39.95
3566	63.72
3567	24.88
3568	43.99
3569	45.39
3570	30.84
3571	19.41
3572	39.11
3573	34.53
3574	41.82
3575	34.66
3576	55.58
3577	27.09
3578	69.0
3579	16.48
3580	46.46
3581	28.59
3582	48.0
3583	36.23
3584	50.45
3585	19.71
3586	57.05
3587	45.31
3588	34.58
3589	25.88
3590	48.21
3591	47.1
3592	33.76
3593	39.43
3594	69.38
3595	55.26
3596	64.98
3597	41.97
3598	36.98
3599	48.21
3600	36.01
3601	48.53
3602	16.26
3603	54.18
3604	59.62
3605	29.84
3606	34.44
3607	38.16
3608	35.01
3609	45.7
3610	19.79
3611	12.65
3612	54.71
3613	36.25
3614	32.0
3615	47.04
3616	41.82
3617	28.34
3618	27.7
3619	41.06
3620	60.23
3621	44.9
3622	16.65
3623	41.35
3624	28.19
3625	4.6
3626	23.69
3627	25.99
3628	52.04
3629	10.76
3630	21.83
3631	25.5
3632	35.86
3633	17.83
3634	59.79
3635	26.25
3636	37.2
3637	26.38
3638	49.07
3639	40.91
3640	50.88
3641	36.92
3642	47.08
3643	17.27
3644	25.03
3645	67.46
3646	49.73
3647	40.84
3648	19.96
3649	51.2
3650	36.7
3651	28.09
3652	45.05
3653	13.04
3654	51.21
3655	55.97
3656	41.4
3657	49.74
3658	49.11
3659	41.86
3660	33.97
3661	30.36
3662	37.25
3663	66.19
3664	48.75
3665	48.36
3666	25.53
3667	80.42
3668	35.12
3669	40.86
3670	49.0
3671	75.74
3672	30.99
3673	28.98
3674	22.61
3675	3.34
3676	33.31
3677	33.77
3678	62.09
3679	36.32
3680	44.77
3681	60.84
3682	51.8
3683	52.2
3684	1.56
3685	33.1
3686	41.14
3687	54.69
3688	43.1
3689	38.7
3690	30.79
3691	26.61
3692	36.36
3693	44.69
3694	23.15
3695	0.76
3696	30.8
3697	37.43
3698	38.45
3699	40.29
3700	41.52
3701	44.58
3702	32.5
3703	58.88
3704	68.94
3705	27.64
3706	46.41
3707	21.86
3708	35.48
3709	21.72
3710	14.4
3711	55.26
3712	29.53
3713	20.28
3714	71.52
3715	50.67
3716	40.21
3717	43.08
3718	50.3
3719	11.82
3720	25.82
3721	26.97
3722	23.5
3723	16.02
3724	58.71
3725	59.07
3726	31.53
3727	52.26
3728	41.78
3729	49.01
3730	32.3
3731	43.42
3732	35.9
3733	16.21
3734	33.74
3735	43.05
3736	37.9
3737	42.04
3738	27.92
3739	26.73
3740	55.71
3741	47.53
3742	37.59
3743	48.68
3744	45.35
3745	46.78
3746	37.11
3747	25.79
3748	20.13
3749	38.98
3750	40.6
3751	47.42
3752	32.0
3753	33.27
3754	19.21
3755	21.93
3756	19.39
3757	7.94
3758	63.85
3759	62.45
3760	25.54
3761	30.71
3762	15.94
3763	39.16
3764	51.7
3765	39.49
3766	45.83
3767	37.07
3768	8.56
3769	43.29
3770	41.76
3771	15.72
3772	37.1
3773	41.71
3774	27.03
3775	38.23
3776	22.41
3777	43.43
3778	14.64
3779	27.9
3780	37.74
3781	40.33
3782	25.3
3783	39.82
3784	18.23
3785	24.01
3786	26.86
3787	55.37
3788	41.71
3789	26.99
3790	61.34
3791	42.88
3792	46.67
3793	70.75
3794	55.27
3795	33.17
3796	24.81
3797	23.91
3798	43.55
3799	29.91
3800	38.74
3801	25.27
3802	28.18
3803	23.45
3804	51.26
3805	34.12
3806	41.31
3807	28.05
3808	53.94
3809	27.25
3810	2.21
3811	42.88
3812	49.4
3813	19.72
3814	44.97
3815	32.32
3816	40.96
3817	48.5
3818	13.19
3819	29.02
3820	28.12
3821	20.52
3822	17.22
3823	26.61
3824	34.44
3825	32.64
3826	44.03
3827	57.74
3828	34.79
3829	25.02
3830	51.53
3831	35.17
3832	44.25
3833	37.82
3834	62.91
3835	35.7
3836	41.61
3837	38.56
3838	33.45
3839	47.4
3840	37.46
3841	46.74
3842	30.54
3843	46.74
3844	41.19
3845	44.56
3846	35.99
3847	41.83
3848	22.21
3849	40.55
3850	39.01
3851	26.81
3852	59.69
3853	42.68
3854	33.24
3855	24.03
3856	48.2
3857	49.05
3858	41.41
3859	40.76
3860	30.96
3861	30.39
3862	37.59
3863	27.25
3864	23.33
3865	56.5
3866	36.12
3867	45.4
3868	44.42
3869	40.98
3870	23.3
3871	28.45
3872	60.14
3873	49.35
3874	43.93
3875	33.0
3876	37.42
3877	35.94
3878	37.65
3879	26.15
3880	39.56
3881	48.63
3882	29.22
3883	48.69
3884	38.38
3885	41.99
3886	49.5
3887	62.09
3888	42.24
3889	30.41
3890	46.24
3891	47.4
3892	47.94
3893	53.43
3894	41.18
3895	42.77
3896	30.53
3897	38.14
3898	19.83
3899	45.08
3900	19.74
3901	36.45
3902	43.21
3903	32.94
3904	13.53
3905	9.96
3906	60.56
3907	9.02
3908	41.06
3909	32.02
3910	35.79
3911	45.0
3912	53.84
3913	43.32
3914	52.8
3915	33.21
3916	38.05
3917	35.6
3918	33.51
3919	27.68
3920	13.91
3921	59.44
3922	56.87
3923	44.01
3924	20.17
3925	21.52
3926	35.68
3927	37.01
3928	42.78
3929	49.88
3930	36.09
3931	54.03
3932	64.3
3933	16.38
3934	46.6
3935	43.73
3936	40.57
3937	40.12
3938	22.6
3939	24.28
3940	39.3
3941	41.79
3942	44.97
3943	58.27
3944	42.96
3945	45.71
3946	28.92
3947	36.91
3948	46.48
3949	33.04
3950	24.76
3951	28.87
3952	57.56
3953	4.72
3954	45.97
3955	46.42
3956	38.99
3957	43.39
3958	32.49
3959	35.18
3960	22.33
3961	25.65
3962	35.9
3963	28.25
3964	52.7
3965	40.4
3966	32.51
3967	54.3
3968	36.59
3969	40.86
3970	24.95
3971	13.11
3972	49.26
3973	24.91
3974	35.17
3975	17.9
3976	60.7
3977	50.03
3978	32.46
3979	56.7
3980	28.39
3981	32.43
3982	4.78
3983	22.3
3984	40.99
3985	30.78
3986	45.29
3987	19.29
3988	32.14
3989	31.52
3990	43.31
3991	53.64
3992	24.45
3993	33.61
3994	45.72
3995	31.51
3996	53.91
3997	32.19
3998	30.92
3999	24.41
4000	24.99
4001	25.52
4002	21.41
4003	39.94
4004	12.72
4005	53.3
4006	40.34
4007	45.15
4008	15.58
4009	27.97
4010	39.7
4011	40.22
4012	42.25
4013	32.72
4014	51.08
4015	34.79
4016	33.13
4017	60.73
4018	48.12
4019	42.52
4020	43.63
4021	29.82
4022	34.49
4023	18.55
4024	19.13
4025	18.04
4026	35.89
4027	46.14
4028	25.15
4029	32.76
4030	37.38
4031	51.07
4032	35.12
4033	36.95
4034	52.12
4035	43.61
4036	48.12
4037	46.86
4038	28.71
4039	32.08
4040	41.97
4041	13.29
4042	25.76
4043	43.34
4044	55.43
4045	24.51
4046	39.38
4047	24.24
4048	55.77
4049	50.68
4050	67.09
4051	36.55
4052	27.89
4053	43.07
4054	23.65
4055	42.48
4056	45.25
4057	29.91
4058	34.06
4059	33.09
4060	39.54
4061	31.8
4062	17.91
4063	23.7
4064	29.91
4065	26.89
4066	56.71
4067	33.18
4068	69.91
4069	14.75
4070	39.32
4071	42.26
4072	56.83
4073	44.42
4074	38.5
4075	27.5
4076	64.55
4077	69.99
4078	60.79
4079	22.66
4080	27.07
4081	44.75
4082	61.41
4083	40.12
4084	30.23
4085	48.83
4086	62.62
4087	12.51
4088	48.36
4089	36.66
4090	53.05
4091	41.92
4092	35.53
4093	32.84
4094	8.76
4095	22.0
4096	45.82
4097	36.09
4098	27.91
4099	22.32
4100	34.55
4101	40.14
4102	30.42
4103	19.35
4104	33.8
4105	43.38
4106	31.67
4107	43.72
4108	10.6
4109	25.94
4110	42.24
4111	48.39
4112	29.03
4113	39.59
4114	20.77
4115	35.97
4116	19.53
4117	50.49
4118	14.18
4119	34.42
4120	39.49
4121	55.18
4122	48.95
4123	34.34
4124	31.19
4125	49.21
4126	28.51
4127	51.05
4128	49.15
4129	45.62
4130	54.8
4131	43.51
4132	29.47
4133	31.72
4134	52.12
4135	30.63
4136	33.95
4137	29.31
4138	38.1
4139	25.56
4140	35.11
4141	54.13
4142	23.19
4143	88.06
4144	35.07
4145	22.8
4146	53.07
4147	35.17
4148	28.88
4149	55.89
4150	3.58
4151	32.07
4152	38.28
4153	24.62
4154	47.46
4155	43.12
4156	49.02
4157	29.22
4158	43.84
4159	56.56
4160	30.8
4161	50.81
4162	38.16
4163	45.01
4164	12.84
4165	37.54
4166	41.27
4167	34.99
4168	15.97
4169	18.63
4170	37.61
4171	58.43
4172	52.08
4173	42.95
4174	36.86
4175	38.76
4176	33.86
4177	37.09
4178	54.74
4179	19.7
4180	0.31
4181	39.11
4182	25.13
4183	19.17
4184	25.03
4185	41.49
4186	33.74
4187	44.24
4188	49.95
4189	55.96
4190	35.63
4191	50.21
4192	46.77
4193	42.94
4194	28.14
4195	36.87
4196	47.23
4197	44.05
4198	52.33
4199	56.12
4200	36.44
4201	39.94
4202	29.61
4203	39.53
4204	52.86
4205	36.14
4206	29.01
4207	36.04
4208	41.79
4209	31.43
4210	52.85
4211	41.63
4212	15.26
4213	26.15
4214	18.65
4215	43.03
4216	27.65
4217	46.71
4218	52.34
4219	20.33
4220	27.76
4221	28.63
4222	41.88
4223	50.58
4224	33.52
4225	25.09
4226	48.93
4227	37.25
4228	22.25
4229	68.23
4230	31.65
4231	29.67
4232	35.72
4233	38.88
4234	45.98
4235	23.85
4236	28.36
4237	19.06
4238	36.89
4239	35.73
4240	62.5
4241	40.96
4242	41.75
4243	27.37
4244	23.01
4245	18.84
4246	36.73
4247	51.94
4248	42.16
4249	50.34
4250	69.92
4251	84.44
4252	39.81
4253	42.03
4254	42.79
4255	50.17
4256	58.49
4257	24.22
4258	44.94
4259	64.91
4260	41.86
4261	66.46
4262	18.93
4263	43.26
4264	46.15
4265	68.24
4266	60.87
4267	22.99
4268	20.68
4269	56.51
4270	66.95
4271	51.88
4272	48.34
4273	52.63
4274	56.2
4275	24.86
4276	47.37
4277	36.42
4278	19.56
4279	23.52
4280	52.83
4281	45.13
4282	54.77
4283	25.5
4284	34.42
4285	28.88
4286	64.33
4287	26.32
4288	51.82
4289	38.31
4290	38.17
4291	25.08
4292	41.69
4293	63.48
4294	50.37
4295	48.12
4296	35.26
4297	26.95
4298	40.28
4299	50.47
4300	35.74
4301	28.61
4302	39.23
4303	61.29
4304	38.47
4305	16.4
4306	33.99
4307	64.32
4308	42.47
4309	42.65
4310	27.88
4311	45.21
4312	50.29
4313	41.84
4314	34.49
4315	31.83
4316	43.4
4317	16.37
4318	41.17
4319	46.7
4320	60.58
4321	38.47
4322	40.9
4323	26.5
4324	55.02
4325	30.99
4326	44.82
4327	33.92
4328	29.07
4329	29.63
4330	34.27
4331	55.2
4332	37.32
4333	39.3
4334	31.27
4335	43.9
4336	27.5
4337	39.77
4338	35.64
4339	44.21
4340	47.67
4341	44.7
4342	40.53
4343	29.6
4344	26.76
4345	33.34
4346	33.51
4347	47.26
4348	30.5
4349	32.44
4350	43.09
4351	35.75
4352	30.5
4353	45.45
4354	61.39
4355	44.85
4356	36.84
4357	37.31
4358	14.0
4359	65.11
4360	27.94
4361	10.43
4362	19.23
4363	38.77
4364	38.22
4365	36.43
4366	43.45
4367	54.11
4368	33.47
4369	23.61
4370	51.87
4371	56.87
4372	40.79
4373	42.26
4374	40.68
4375	48.4
4376	39.9
4377	26.66
4378	39.11
4379	33.6
4380	46.21
4381	44.11
4382	23.11
4383	35.56
4384	33.45
4385	48.31
4386	16.79
4387	25.68
4388	45.61
4389	48.64
4390	35.22
4391	35.13
4392	48.66
4393	24.97
4394	35.13
4395	35.29
4396	35.3
4397	58.6
4398	32.27
4399	39.67
4400	30.18
4401	17.68
4402	24.84
4403	44.1
4404	44.34
4405	4.99
4406	23.24
4407	47.47
4408	44.84
4409	51.45
4410	56.05
4411	48.25
4412	57.31
4413	44.09
4414	30.54
4415	41.53
4416	61.56
4417	31.41
4418	43.55
4419	18.52
4420	31.33
4421	56.08
4422	39.73
4423	53.41
4424	32.95
4425	24.69
4426	41.7
4427	42.08
4428	33.82
4429	5.43
4430	49.06
4431	45.19
4432	42.73
4433	51.1
4434	51.4
4435	40.38
4436	11.54
4437	32.01
4438	48.16
4439	30.78
4440	31.62
4441	27.95
4442	21.09
4443	29.7
4444	22.88
4445	28.9
4446	56.24
4447	38.96
4448	45.6
4449	14.38
4450	27.63
4451	37.65
4452	21.15
4453	33.12
4454	40.01
4455	18.18
4456	53.1
4457	26.71
4458	45.91
4459	29.18
4460	43.57
4461	30.66
4462	28.09
4463	63.41
4464	41.2
4465	58.92
4466	43.15
4467	37.34
4468	34.21
4469	41.71
4470	45.63
4471	38.19
4472	44.24
4473	17.25
4474	52.83
4475	22.15
4476	13.82
4477	31.71
4478	42.37
4479	34.52
4480	36.61
4481	36.1
4482	41.57
4483	35.32
4484	13.29
4485	51.62
4486	37.71
4487	47.08
4488	49.63
4489	31.93
4490	12.8
4491	41.01
4492	54.32
4493	41.02
4494	27.48
4495	54.28
4496	15.03
4497	46.66
4498	57.46
4499	24.86
4500	47.53
4501	22.55
4502	32.74
4503	40.45
4504	36.04
4505	28.94
4506	35.74
4507	33.31
4508	0.99
4509	7.15
4510	45.02
4511	19.96
4512	38.57
4513	39.1
4514	34.53
4515	49.49
4516	35.38
4517	20.92
4518	35.31
4519	29.12
4520	30.16
4521	49.01
4522	24.44
4523	36.17
4524	43.65
4525	33.0
4526	23.14
4527	41.05
4528	29.8
4529	30.06
4530	25.88
4531	53.41
4532	48.24
4533	24.35
4534	33.37
4535	53.82
4536	19.52
4537	40.96
4538	39.77
4539	48.0
4540	55.05
4541	51.03
4542	47.42
4543	38.9
4544	42.01
4545	44.31
4546	47.76
4547	48.14
4548	31.33
4549	34.08
4550	44.49
4551	36.4
4552	56.15
4553	60.73
4554	31.58
4555	23.74
4556	56.25
4557	36.31
4558	29.99
4559	54.05
4560	12.38
4561	31.41
4562	62.23
4563	36.41
4564	38.39
4565	61.21
4566	14.71
4567	42.57
4568	27.06
4569	29.69
4570	48.09
4571	19.51
4572	47.15
4573	54.48
4574	32.33
4575	48.73
4576	42.78
4577	33.37
4578	30.91
4579	50.22
4580	32.89
4581	25.33
4582	59.59
4583	32.91
4584	53.5
4585	70.87
4586	23.57
4587	45.87
4588	57.4
4589	15.83
4590	28.99
4591	50.36
4592	16.84
4593	40.21
4594	60.28
4595	33.8
4596	22.13
4597	15.52
4598	47.45
4599	36.64
4600	45.02
4601	43.92
4602	35.59
4603	26.8
4604	29.41
4605	17.74
4606	53.18
4607	58.37
4608	46.37
4609	51.48
4610	25.96
4611	50.3
4612	36.04
4613	3.4
4614	58.19
4615	21.29
4616	52.89
4617	43.28
4618	23.26
4619	22.0
4620	44.85
4621	29.4
4622	40.74
4623	65.75
4624	42.94
4625	38.22
4626	57.35
4627	29.77
4628	19.43
4629	31.58
4630	35.39
4631	12.02
4632	18.94
4633	36.51
4634	52.3
4635	38.79
4636	18.35
4637	39.14
4638	29.95
4639	23.97
4640	43.06
4641	39.37
4642	23.49
4643	56.57
4644	43.95
4645	48.23
4646	39.57
4647	16.42
4648	56.65
4649	37.31
4650	38.57
4651	46.3
4652	54.24
4653	34.52
4654	40.13
4655	39.63
4656	24.45
4657	41.1
4658	18.49
4659	40.43
4660	30.54
4661	23.13
4662	30.73
4663	38.72
4664	16.63
4665	55.83
4666	35.68
4667	61.89
4668	26.36
4669	33.13
4670	42.68
4671	46.34
4672	38.29
4673	46.4
4674	50.45
4675	55.88
4676	39.18
4677	25.72
4678	23.65
4679	58.05
4680	3.14
4681	46.32
4682	42.39
4683	21.15
4684	49.22
4685	53.14
4686	50.37
4687	33.2
4688	57.06
4689	37.09
4690	39.3
4691	46.06
4692	64.04
4693	25.03
4694	29.96
4695	29.84
4696	29.51
4697	52.53
4698	45.7
4699	25.83
4700	27.5
4701	14.46
4702	17.52
4703	17.49
4704	38.13
4705	43.71
4706	38.27
4707	16.35
4708	25.55
4709	33.25
4710	39.82
4711	24.61
4712	30.25
4713	39.39
4714	48.83
4715	16.4
4716	39.16
4717	46.17
4718	54.5
4719	27.4
4720	32.34
4721	30.21
4722	35.39
4723	11.1
4724	49.69
4725	19.24
4726	25.6
4727	24.68
4728	41.25
4729	44.63
4730	36.23
4731	45.68
4732	12.63
4733	48.76
4734	18.69
4735	49.95
4736	49.46
4737	46.72
4738	35.77
4739	37.84
4740	53.35
4741	12.08
4742	24.09
4743	34.28
4744	30.74
4745	28.15
4746	39.66
4747	63.75
4748	53.44
4749	51.34
4750	24.02
4751	43.52
4752	21.18
4753	24.33
4754	26.57
4755	47.59
4756	35.97
4757	25.23
4758	32.99
4759	51.98
4760	26.0
4761	30.35
4762	26.38
4763	13.84
4764	17.77
4765	51.31
4766	51.53
4767	55.19
4768	19.71
4769	33.58
4770	44.41
4771	43.45
4772	41.51
4773	60.5
4774	35.78
4775	46.07
4776	47.84
4777	43.79
4778	31.21
4779	20.79
4780	32.84
4781	48.54
4782	33.02
4783	34.73
4784	38.9
4785	26.2
4786	35.66
4787	45.58
4788	38.45
4789	43.97
4790	19.91
4791	21.16
4792	53.3
4793	25.51
4794	62.27
4795	27.9
4796	30.51
4797	43.36
4798	38.76
4799	24.17
4800	26.1
4801	28.02
4802	55.28
4803	49.99
4804	31.18
4805	26.67
4806	35.49
4807	21.16
4808	34.72
4809	26.44
4810	38.14
4811	19.06
4812	31.8
4813	28.5
4814	17.31
4815	51.12
4816	37.54
4817	33.94
4818	51.64
4819	44.21
4820	39.96
4821	38.67
4822	45.83
4823	38.68
4824	30.51
4825	37.13
4826	29.87
4827	63.01
4828	33.78
4829	38.93
4830	31.11
4831	31.33
4832	53.13
4833	57.59
4834	26.26
4835	35.72
4836	42.97
4837	25.7
4838	28.86
4839	17.31
4840	39.51
4841	50.31
4842	32.56
4843	39.19
4844	32.15
4845	39.35
4846	16.58
4847	31.21
4848	52.78
4849	47.03
4850	47.23
4851	33.32
4852	22.2
4853	46.63
4854	52.26
4855	22.94
4856	27.86
4857	40.65
4858	69.54
4859	40.25
4860	16.62
4861	20.47
4862	56.06
4863	19.62
4864	30.13
4865	21.9
4866	6.24
4867	41.5
4868	34.78
4869	44.33
4870	12.81
4871	39.61
4872	40.04
4873	20.61
4874	33.86
4875	50.33
4876	17.1
4877	42.67
4878	25.8
4879	37.34
4880	42.6
4881	40.99
4882	40.72
4883	58.72
4884	52.32
4885	12.04
4886	60.9
4887	45.46
4888	53.71
4889	63.84
4890	72.01
4891	45.76
4892	32.25
4893	53.49
4894	25.64
4895	50.24
4896	38.92
4897	18.4
4898	43.32
4899	36.18
4900	28.84
4901	34.29
4902	22.06
4903	38.93
4904	31.02
4905	46.62
4906	36.53
4907	56.74
4908	50.95
4909	52.57
4910	29.11
4911	44.66
4912	39.93
4913	34.46
4914	43.57
4915	40.06
4916	20.92
4917	53.3
4918	50.11
4919	10.76
4920	44.25
4921	28.43
4922	35.48
4923	35.51
4924	41.54
4925	36.72
4926	39.08
4927	28.51
4928	36.11
4929	70.85
4930	45.93
4931	40.75
4932	20.54
4933	61.11
4934	32.55
4935	26.32
4936	62.01
4937	41.57
4938	46.74
4939	15.83
4940	36.7
4941	28.23
4942	70.95
4943	25.84
4944	22.53
4945	34.68
4946	45.83
4947	48.27
4948	55.37
4949	39.7
4950	28.47
4951	68.62
4952	48.56
4953	17.05
4954	50.33
4955	28.04
4956	33.99
4957	57.63
4958	34.34
4959	28.71
4960	47.62
4961	40.71
4962	22.97
4963	17.22
4964	51.26
4965	54.31
4966	48.77
4967	35.51
4968	44.34
4969	46.53
4970	46.74
4971	62.63
4972	22.51
4973	29.54
4974	39.09
4975	46.35
4976	37.81
4977	52.69
4978	51.66
4979	32.04
4980	49.27
4981	43.31
4982	75.48
4983	41.36
4984	40.78
4985	26.43
4986	40.78
4987	36.13
4988	64.38
4989	47.53
4990	31.96
4991	34.19
4992	28.06
4993	48.05
4994	52.22
4995	22.51
4996	38.48
4997	39.54
4998	50.99
4999	43.71
5000	31.11
5001	36.36
5002	46.11
5003	38.06
5004	60.11
5005	35.03
5006	35.85
5007	42.9
5008	29.65
5009	35.59
5010	43.69
5011	27.6
5012	41.87
5013	42.89
5014	35.55
5015	3.81
5016	32.28
5017	35.73
5018	29.54
5019	36.2
5020	26.24
5021	38.86
5022	39.98
5023	62.07
5024	34.64
5025	56.88
5026	27.92
5027	29.84
5028	43.71
5029	29.62
5030	42.78
5031	60.86
5032	27.8
5033	30.09
5034	51.25
5035	47.01
5036	38.7
5037	24.07
5038	46.1
5039	30.77
5040	66.52
5041	40.01
5042	57.36
5043	32.48
5044	47.87
5045	59.97
5046	29.85
5047	13.29
5048	39.45
5049	38.9
5050	3.81
5051	26.04
5052	53.82
5053	34.8
5054	21.97
5055	48.23
5056	49.02
5057	38.98
5058	15.06
5059	35.79
5060	43.51
5061	39.44
5062	44.71
5063	40.4
5064	34.15
5065	48.4
5066	35.3
5067	31.32
5068	68.75
5069	40.72
5070	36.07
5071	31.28
5072	36.98
5073	38.05
5074	29.59
5075	35.63
5076	28.61
5077	26.6
5078	31.44
5079	19.76
5080	48.65
5081	6.28
5082	34.33
5083	18.89
5084	45.31
5085	27.77
5086	54.53
5087	41.65
5088	23.61
5089	38.0
5090	50.05
5091	34.81
5092	22.16
5093	30.5
5094	30.22
5095	30.88
5096	40.04
5097	44.62
5098	41.97
5099	31.27
5100	37.88
5101	65.55
5102	43.95
5103	34.79
5104	63.13
5105	31.1
5106	63.41
5107	22.77
5108	45.57
5109	29.28
5110	44.69
5111	25.97
5112	49.97
5113	62.65
5114	46.13
5115	43.26
5116	41.37
5117	62.76
5118	45.78
5119	66.58
5120	31.35
5121	40.38
5122	48.61
5123	63.78
5124	68.53
5125	34.52
5126	50.87
5127	24.27
5128	29.65
5129	31.69
5130	47.17
5131	70.09
5132	19.23
5133	56.69
5134	50.04
5135	24.79
5136	55.4
5137	40.6
5138	18.89
5139	47.1
5140	51.23
5141	18.78
5142	45.67
5143	25.01
5144	39.08
5145	25.62
5146	48.52
5147	53.05
5148	33.14
5149	34.97
5150	18.88
5151	48.04
5152	47.66
5153	46.34
5154	29.36
5155	48.46
5156	37.35
5157	60.35
5158	40.31
5159	56.79
5160	43.16
5161	64.35
5162	31.73
5163	51.48
5164	23.12
5165	36.67
5166	44.82
5167	34.9
5168	45.96
5169	44.47
5170	18.58
5171	26.2
5172	34.56
5173	37.09
5174	35.54
5175	60.14
5176	34.93
5177	46.66
5178	36.75
5179	60.21
5180	29.63
5181	29.79
5182	44.37
5183	49.97
5184	29.33
5185	43.5
5186	19.57
5187	66.6
5188	6.26
5189	21.24
5190	21.05
5191	53.34
5192	42.98
5193	45.68
5194	35.59
5195	36.12
5196	40.04
5197	35.77
5198	40.26
5199	27.07
5200	19.49
5201	42.75
5202	35.75
5203	38.27
5204	48.31
5205	22.08
5206	54.47
5207	33.98
5208	31.75
5209	31.84
5210	37.26
5211	50.94
5212	39.21
5213	33.34
5214	25.36
5215	29.34
5216	31.11
5217	36.49
5218	36.58
5219	36.29
5220	42.96
5221	43.3
5222	28.15
5223	38.23
5224	43.53
5225	32.33
5226	48.5
5227	43.76
5228	46.67
5229	59.8
5230	45.55
5231	31.63
5232	25.77
5233	63.63
5234	35.9
5235	39.26
5236	24.14
5237	53.62
5238	28.19
5239	9.9
5240	46.16
5241	25.43
5242	26.53
5243	28.99
5244	42.57
5245	54.41
5246	30.09
5247	29.97
5248	46.45
5249	25.26
5250	44.52
5251	58.48
5252	18.44
5253	43.96
5254	45.5
5255	48.77
5256	54.48
5257	48.08
5258	27.21
5259	55.81
5260	51.67
5261	41.88
5262	34.21
5263	26.4
5264	47.25
5265	63.02
5266	35.95
5267	43.17
5268	37.24
5269	36.8
5270	14.63
5271	55.88
5272	33.46
5273	33.76
5274	19.36
5275	26.21
5276	54.01
5277	33.63
5278	14.81
5279	42.24
5280	32.71
5281	32.8
5282	36.2
5283	54.24
5284	36.78
5285	43.67
5286	39.97
5287	48.79
5288	34.94
5289	38.36
5290	25.47
5291	39.15
5292	48.3
5293	19.39
5294	46.11
5295	39.86
5296	37.74
5297	51.7
5298	33.97
5299	46.85
5300	13.9
5301	48.37
5302	57.7
5303	25.21
5304	35.64
5305	15.28
5306	43.2
5307	26.35
5308	11.89
5309	31.25
5310	51.7
5311	26.95
5312	52.22
5313	32.33
5314	31.51
5315	41.44
5316	41.28
5317	58.13
5318	45.65
5319	47.9
5320	49.52
5321	44.6
5322	45.29
5323	35.6
5324	3.01
5325	39.88
5326	30.44
5327	34.82
5328	39.3
5329	36.51
5330	32.79
5331	52.36
5332	30.84
5333	30.14
5334	28.75
5335	32.07
5336	22.84
5337	21.27
5338	26.54
5339	51.89
5340	64.78
5341	29.5
5342	33.56
5343	76.7
5344	60.1
5345	8.74
5346	44.58
5347	57.53
5348	34.52
5349	14.67
5350	41.07
5351	51.02
5352	40.41
5353	43.26
5354	44.04
5355	73.46
5356	32.97
5357	54.53
5358	51.8
5359	26.25
5360	31.32
5361	11.61
5362	32.63
5363	36.2
5364	47.78
5365	44.94
5366	25.13
5367	33.97
5368	34.58
5369	36.64
5370	35.17
5371	33.28
5372	45.51
5373	50.12
5374	34.65
5375	43.71
5376	20.49
5377	48.39
5378	32.79
5379	40.96
5380	17.7
5381	18.17
5382	49.21
5383	52.06
5384	59.75
5385	27.68
5386	34.22
5387	41.33
5388	19.39
5389	45.13
5390	34.55
5391	46.72
5392	13.79
5393	40.2
5394	56.35
5395	42.98
5396	10.21
5397	17.37
5398	37.65
5399	12.55
5400	48.25
5401	37.01
5402	72.23
5403	33.56
5404	25.7
5405	16.98
5406	60.16
5407	23.47
5408	35.13
5409	15.87
5410	28.11
5411	27.92
5412	27.81
5413	22.23
5414	36.3
5415	42.98
5416	36.71
5417	15.44
5418	41.61
5419	6.01
5420	36.59
5421	35.93
5422	47.73
5423	42.32
5424	45.29
5425	36.5
5426	36.71
5427	22.29
5428	44.65
5429	34.02
5430	33.7
5431	39.08
5432	42.87
5433	27.56
5434	46.08
5435	39.48
5436	40.32
5437	35.42
5438	49.74
5439	23.32
5440	38.66
5441	58.1
5442	24.39
5443	43.31
5444	12.4
5445	57.17
5446	14.94
5447	44.07
5448	42.27
5449	42.51
5450	31.2
5451	35.02
5452	36.12
5453	55.26
5454	42.26
5455	35.49
5456	16.9
5457	17.96
5458	24.85
5459	33.63
5460	46.08
5461	46.93
5462	37.99
5463	46.99
5464	34.48
5465	50.75
5466	33.67
5467	36.07
5468	44.57
5469	27.66
5470	39.71
5471	38.82
5472	32.26
5473	35.36
5474	16.97
5475	39.05
5476	48.72
5477	41.59
5478	21.31
5479	33.36
5480	39.13
5481	50.12
5482	17.49
5483	40.11
5484	28.7
5485	23.01
5486	35.45
5487	44.15
5488	44.21
5489	26.72
5490	27.53
5491	25.98
5492	26.15
5493	51.02
5494	44.88
5495	42.06
5496	26.11
5497	34.69
5498	50.52
5499	25.47
5500	21.95
5501	44.63
5502	40.73
5503	13.09
5504	40.59
5505	37.76
5506	33.94
5507	51.78
5508	44.63
5509	40.32
5510	28.47
5511	38.64
5512	38.4
5513	43.21
5514	18.36
5515	33.89
5516	36.09
5517	56.73
5518	47.16
5519	21.65
5520	57.08
5521	21.29
5522	26.37
5523	26.67
5524	20.31
5525	12.69
5526	49.11
5527	55.81
5528	3.97
5529	47.07
5530	28.4
5531	24.3
5532	34.58
5533	13.98
5534	22.69
5535	41.19
5536	30.43
5537	15.29
5538	25.96
5539	33.61
5540	53.36
5541	21.94
5542	49.27
5543	38.44
5544	42.24
5545	18.6
5546	35.05
5547	40.31
5548	21.99
5549	44.13
5550	35.16
5551	31.1
5552	31.88
5553	36.02
5554	59.92
5555	54.91
5556	27.54
5557	30.81
5558	63.98
5559	63.58
5560	51.44
5561	34.27
5562	46.17
5563	28.41
5564	20.28
5565	55.86
5566	34.69
5567	46.83
5568	35.87
5569	12.25
5570	47.18
5571	45.5
5572	37.03
5573	47.35
5574	37.45
5575	51.04
5576	64.76
5577	37.77
5578	39.79
5579	31.01
5580	58.35
5581	29.39
5582	33.72
5583	34.24
5584	35.17
5585	45.44
5586	36.23
5587	33.41
5588	50.04
5589	37.35
5590	39.83
5591	26.6
5592	12.85
5593	16.51
5594	27.16
5595	27.28
5596	48.18
5597	27.26
5598	38.16
5599	25.1
5600	13.86
5601	43.26
5602	41.72
5603	44.45
5604	35.89
5605	39.2
5606	48.26
5607	9.29
5608	35.21
5609	52.48
5610	32.66
5611	54.81
5612	30.57
5613	32.19
5614	55.43
5615	45.23
5616	22.23
5617	32.65
5618	52.71
5619	55.39
5620	46.86
5621	59.93
5622	28.52
5623	20.01
5624	46.81
5625	39.46
5626	40.3
5627	53.29
5628	23.16
5629	56.7
5630	23.45
5631	47.51
5632	31.4
5633	19.81
5634	27.18
5635	31.55
5636	51.08
5637	7.31
5638	65.75
5639	32.18
5640	19.77
5641	63.72
5642	51.55
5643	15.67
5644	35.32
5645	36.74
5646	53.21
5647	36.85
5648	20.44
5649	24.34
5650	37.86
5651	38.29
5652	27.45
5653	22.82
5654	40.14
5655	33.58
5656	46.37
5657	35.06
5658	24.51
5659	26.86
5660	14.47
5661	56.32
5662	27.96
5663	24.53
5664	60.29
5665	35.24
5666	34.55
5667	30.63
5668	38.18
5669	39.72
5670	55.24
5671	15.72
5672	38.26
5673	56.68
5674	57.71
5675	45.35
5676	45.57
5677	10.57
5678	66.32
5679	34.96
5680	51.01
5681	37.0
5682	47.24
5683	49.85
5684	48.37
5685	34.09
5686	42.08
5687	45.79
5688	44.98
5689	30.78
5690	56.86
5691	49.79
5692	35.32
5693	36.66
5694	32.1
5695	48.02
5696	29.0
5697	39.89
5698	22.25
5699	39.66
5700	40.01
5701	43.05
5702	39.04
5703	29.39
5704	28.85
5705	14.46
5706	44.6
5707	19.88
5708	21.02
5709	16.4
5710	30.22
5711	39.47
5712	36.18
5713	40.78
5714	49.35
5715	25.44
5716	55.84
5717	64.25
5718	25.7
5719	47.41
5720	26.81
5721	71.04
5722	36.58
5723	52.31
5724	33.34
5725	42.99
5726	34.13
5727	51.95
5728	21.36
5729	33.7
5730	42.83
5731	21.3
5732	33.25
5733	17.18
5734	31.37
5735	42.09
5736	70.59
5737	24.96
5738	46.05
5739	33.02
5740	8.07
5741	27.85
5742	11.61
5743	44.09
5744	40.31
5745	34.73
5746	3.07
5747	29.05
5748	12.54
5749	38.36
5750	54.53
5751	31.41
5752	35.49
5753	35.13
5754	22.22
5755	41.01
5756	28.15
5757	35.91
5758	42.9
5759	24.62
5760	43.0
5761	29.1
5762	22.75
5763	36.94
5764	32.94
5765	34.2
5766	37.39
5767	44.92
5768	29.12
5769	35.31
5770	52.8
5771	40.95
5772	8.07
5773	21.8
5774	36.91
5775	24.55
5776	68.04
5777	43.12
5778	37.54
5779	36.95
5780	7.08
5781	46.8
5782	54.23
5783	45.33
5784	20.29
5785	26.11
5786	27.83
5787	28.83
5788	27.18
5789	39.38
5790	37.1
5791	42.72
5792	19.68
5793	40.64
5794	43.52
5795	54.56
5796	37.27
5797	49.16
5798	68.38
5799	59.84
5800	24.3
5801	54.36
5802	52.4
5803	58.83
5804	47.02
5805	33.99
5806	24.09
5807	25.34
5808	22.78
5809	35.78
5810	35.15
5811	42.27
5812	41.02
5813	48.92
5814	27.58
5815	52.06
5816	26.48
5817	49.12
5818	42.24
5819	19.93
5820	40.23
5821	32.11
5822	45.24
5823	43.75
5824	50.27
5825	29.56
5826	44.83
5827	41.9
5828	48.22
5829	34.45
5830	24.22
5831	45.67
5832	45.69
5833	22.13
5834	51.32
5835	21.94
5836	26.2
5837	31.68
5838	26.3
5839	50.1
5840	33.57
5841	22.9
5842	57.27
5843	39.12
5844	42.16
5845	44.46
5846	59.83
5847	23.39
5848	48.9
5849	43.56
5850	36.45
5851	42.61
5852	25.45
5853	51.85
5854	55.85
5855	46.63
5856	28.94
5857	25.58
5858	15.01
5859	43.28
5860	54.08
5861	46.4
5862	50.36
5863	41.36
5864	49.24
5865	37.71
5866	30.29
5867	38.64
5868	28.43
5869	50.36
5870	34.25
5871	28.82
5872	21.75
5873	31.98
5874	20.91
5875	54.67
5876	37.6
5877	38.84
5878	21.7
5879	58.99
5880	9.21
5881	40.0
5882	49.23
5883	35.19
5884	33.46
5885	12.47
5886	26.62
5887	35.75
5888	37.58
5889	72.42
5890	28.53
5891	17.54
5892	49.63
5893	8.92
5894	33.6
5895	34.81
5896	44.44
5897	34.55
5898	56.1
5899	45.54
5900	17.72
5901	40.09
5902	27.74
5903	37.01
5904	45.75
5905	48.58
5906	31.23
5907	47.0
5908	24.4
5909	35.5
5910	35.91
5911	53.88
5912	20.97
5913	13.07
5914	24.59
5915	48.09
5916	24.12
5917	50.64
5918	6.49
5919	46.52
5920	48.09
5921	58.8
5922	24.75
5923	59.63
5924	17.85
5925	54.55
5926	24.01
5927	33.82
5928	46.53
5929	29.25
5930	35.75
5931	35.36
5932	32.88
5933	23.62
5934	25.87
5935	42.19
5936	40.25
5937	35.88
5938	50.43
5939	11.85
5940	37.0
5941	46.42
5942	24.35
5943	15.01
5944	34.68
5945	28.15
5946	31.17
5947	31.48
5948	33.59
5949	12.47
5950	30.75
5951	23.25
5952	38.21
5953	60.3
5954	28.06
5955	33.65
5956	36.83
5957	53.6
5958	29.71
5959	31.2
5960	51.4
5961	40.16
5962	57.66
5963	46.37
5964	44.53
5965	29.47
5966	52.53
5967	40.26
5968	35.64
5969	33.39
5970	8.97
5971	43.5
5972	41.64
5973	15.34
5974	54.8
5975	38.26
5976	43.05
5977	47.87
5978	45.65
5979	53.95
5980	53.84
5981	15.84
5982	29.78
5983	47.46
5984	31.95
5985	52.39
5986	67.84
5987	38.05
5988	63.36
5989	45.8
5990	35.96
5991	42.4
5992	42.28
5993	43.82
5994	33.58
5995	39.65
5996	27.65
5997	41.08
5998	52.44
5999	34.81
6000	39.74
6001	23.18
6002	29.64
6003	30.45
6004	51.99
6005	47.34
6006	59.68
6007	64.91
6008	53.57
6009	31.14
6010	23.76
6011	35.15
6012	57.29
6013	39.5
6014	48.62
6015	27.77
6016	12.93
6017	54.58
6018	58.41
6019	53.34
6020	33.79
6021	27.9
6022	26.44
6023	39.0
6024	12.17
6025	46.88
6026	44.4
6027	40.32
6028	44.15
6029	31.82
6030	36.77
6031	40.3
6032	9.97
6033	39.66
6034	44.55
6035	46.81
6036	33.27
6037	36.86
6038	44.81
6039	62.49
6040	29.15
6041	40.88
6042	31.84
6043	68.89
6044	40.64
6045	61.61
6046	37.44
6047	50.01
6048	27.71
6049	21.78
6050	38.13
6051	29.95
6052	41.74
6053	42.67
6054	55.71
6055	49.84
6056	7.91
6057	35.72
6058	61.19
6059	37.17
6060	18.29
6061	34.75
6062	28.11
6063	22.83
6064	11.17
6065	55.0
6066	29.52
6067	20.9
6068	7.66
6069	13.56
6070	14.65
6071	11.67
6072	26.6
6073	46.14
6074	26.93
6075	39.15
6076	28.57
6077	40.08
6078	41.04
6079	22.35
6080	24.76
6081	43.08
6082	41.01
6083	42.45
6084	37.18
6085	43.94
6086	30.88
6087	43.6
6088	27.71
6089	29.87
6090	12.37
6091	38.06
6092	11.48
6093	43.27
6094	46.68
6095	17.2
6096	30.68
6097	28.23
6098	22.3
6099	38.25
6100	45.64
6101	29.77
6102	54.25
6103	43.3
6104	41.04
6105	38.56
6106	36.86
6107	42.98
6108	22.47
6109	30.72
6110	49.11
6111	40.84
6112	32.6
6113	31.04
6114	31.92
6115	56.44
6116	29.12
6117	46.12
6118	39.82
6119	57.79
6120	44.31
6121	55.7
6122	51.04
6123	47.61
6124	38.85
6125	32.97
6126	44.39
6127	29.99
6128	32.16
6129	30.7
6130	23.08
6131	44.31
6132	53.58
6133	38.93
6134	62.48
6135	26.07
6136	3.02
6137	36.53
6138	29.62
6139	53.21
6140	43.44
6141	20.72
6142	40.08
6143	37.98
6144	40.45
6145	42.45
6146	41.14
6147	44.52
6148	52.59
6149	37.99
6150	25.47
6151	53.91
6152	40.18
6153	28.09
6154	69.02
6155	59.31
6156	38.97
6157	38.84
6158	35.53
6159	25.37
6160	48.12
6161	36.0
6162	32.93
6163	12.2
6164	47.34
6165	30.52
6166	26.77
6167	37.24
6168	32.57
6169	34.85
6170	40.54
6171	47.68
6172	43.31
6173	50.53
6174	50.46
6175	42.95
6176	45.55
6177	29.99
6178	40.28
6179	57.83
6180	36.02
6181	53.82
6182	40.76
6183	47.76
6184	48.58
6185	49.24
6186	40.23
6187	30.74
6188	62.43
6189	24.18
6190	40.74
6191	25.19
6192	40.33
6193	33.52
6194	19.28
6195	30.52
6196	29.25
6197	32.41
6198	40.52
6199	26.76
6200	45.04
6201	42.9
6202	51.12
6203	31.99
6204	66.48
6205	67.09
6206	43.3
6207	35.94
6208	33.51
6209	32.42
6210	39.75
6211	46.02
6212	28.26
6213	51.7
6214	65.81
6215	44.4
6216	59.13
6217	30.18
6218	33.93
6219	30.45
6220	8.23
6221	21.7
6222	21.56
6223	30.97
6224	41.72
6225	32.78
6226	41.1
6227	32.39
6228	44.13
6229	20.8
6230	51.57
6231	3.83
6232	54.16
6233	28.69
6234	55.18
6235	28.98
6236	36.28
6237	43.73
6238	40.76
6239	28.84
6240	55.11
6241	28.55
6242	28.16
6243	37.0
6244	34.68
6245	33.32
6246	42.48
6247	43.6
6248	87.42
6249	60.46
6250	34.49
6251	43.04
6252	44.56
6253	2.24
6254	69.87
6255	36.24
6256	20.81
6257	35.63
6258	23.39
6259	48.87
6260	51.19
6261	38.42
6262	30.37
6263	39.05
6264	53.74
6265	39.53
6266	51.21
6267	50.37
6268	31.94
6269	36.44
6270	21.83
6271	52.23
6272	37.46
6273	38.36
6274	28.14
6275	53.46
6276	46.27
6277	44.69
6278	22.39
6279	35.65
6280	51.54
6281	28.96
6282	55.81
6283	35.96
6284	28.28
6285	53.54
6286	13.39
6287	35.92
6288	28.7
6289	41.37
6290	46.98
6291	36.66
6292	44.07
6293	26.65
6294	19.29
6295	69.67
6296	44.9
6297	24.68
6298	52.39
6299	40.04
6300	33.7
6301	16.58
6302	37.44
6303	25.13
6304	53.38
6305	39.26
6306	66.2
6307	37.46
6308	33.9
6309	31.39
6310	45.37
6311	46.51
6312	65.43
6313	25.86
6314	17.61
6315	46.02
6316	41.85
6317	24.76
6318	30.16
6319	32.04
6320	36.3
6321	27.78
6322	37.56
6323	49.71
6324	19.47
6325	14.88
6326	38.1
6327	65.52
6328	20.53
6329	40.06
6330	37.78
6331	23.91
6332	30.89
6333	58.94
6334	46.62
6335	28.69
6336	33.37
6337	49.53
6338	38.72
6339	20.81
6340	54.03
6341	43.64
6342	45.92
6343	63.09
6344	37.76
6345	33.74
6346	23.79
6347	59.37
6348	29.02
6349	34.12
6350	32.48
6351	46.47
6352	14.62
6353	30.73
6354	37.22
6355	42.82
6356	28.41
6357	35.07
6358	27.28
6359	18.87
6360	21.83
6361	41.75
6362	50.29
6363	31.51
6364	64.32
6365	35.48
6366	39.32
6367	53.66
6368	39.41
6369	18.4
6370	46.8
6371	22.07
6372	46.75
6373	27.65
6374	25.68
6375	20.58
6376	53.27
6377	19.98
6378	37.75
6379	35.22
6380	63.95
6381	26.67
6382	39.97
6383	27.74
6384	28.68
6385	37.44
6386	41.24
6387	35.09
6388	7.18
6389	40.57
6390	39.69
6391	26.05
6392	38.79
6393	53.85
6394	30.6
6395	39.62
6396	51.33
6397	41.01
6398	43.55
6399	25.06
6400	33.62
6401	28.62
6402	16.86
6403	28.03
6404	32.81
6405	31.67
6406	44.35
6407	30.65
6408	27.54
6409	57.64
6410	38.17
6411	30.38
6412	38.08
6413	51.77
6414	38.98
6415	38.53
6416	60.08
6417	54.07
6418	35.25
6419	56.96
6420	43.11
6421	15.88
6422	33.12
6423	25.12
6424	43.37
6425	16.95
6426	54.51
6427	41.73
6428	39.35
6429	66.68
6430	73.66
6431	59.36
6432	58.0
6433	46.39
6434	50.14
6435	52.86
6436	17.57
6437	73.99
6438	45.3
6439	18.91
6440	47.05
6441	28.2
6442	16.84
6443	38.73
6444	36.41
6445	9.07
6446	29.16
6447	46.59
6448	25.25
6449	32.08
6450	34.39
6451	48.66
6452	42.42
6453	29.82
6454	45.43
6455	64.74
6456	45.78
6457	35.01
6458	28.85
6459	55.75
6460	17.24
6461	27.74
6462	39.69
6463	27.19
6464	38.25
6465	45.83
6466	25.15
6467	28.87
6468	21.12
6469	31.4
6470	39.44
6471	36.27
6472	45.74
6473	28.92
6474	26.59
6475	44.55
6476	33.84
6477	38.81
6478	41.67
6479	45.5
6480	27.25
6481	25.5
6482	19.1
6483	28.1
6484	28.4
6485	54.68
6486	26.14
6487	53.16
6488	38.03
6489	19.03
6490	43.04
6491	47.38
6492	41.6
6493	30.03
6494	31.54
6495	37.88
6496	15.66
6497	25.68
6498	15.37
6499	48.53
6500	44.95
6501	27.42
6502	30.68
6503	34.64
6504	46.7
6505	41.13
6506	33.16
6507	37.14
6508	42.38
6509	41.38
6510	12.91
6511	48.78
6512	33.35
6513	44.08
6514	63.98
6515	44.24
6516	29.16
6517	55.91
6518	22.4
6519	29.79
6520	42.98
6521	47.64
6522	9.82
6523	34.3
6524	71.0
6525	14.56
6526	23.67
6527	36.29
6528	22.38
6529	30.64
6530	20.55
6531	46.08
6532	54.56
6533	37.12
6534	30.14
6535	36.84
6536	30.92
6537	35.82
6538	41.71
6539	50.95
6540	30.81
6541	43.18
6542	58.67
6543	18.01
6544	30.01
6545	28.67
6546	28.14
6547	45.75
6548	56.55
6549	51.54
6550	34.14
6551	42.98
6552	42.36
6553	21.54
6554	21.67
6555	43.45
6556	45.79
6557	39.54
6558	33.57
6559	52.66
6560	38.85
6561	32.74
6562	36.83
6563	50.11
6564	53.14
6565	25.62
6566	41.57
6567	58.95
6568	35.64
6569	32.89
6570	37.76
6571	33.34
6572	35.43
6573	25.83
6574	42.32
6575	30.4
6576	52.56
6577	34.12
6578	32.29
6579	29.87
6580	7.99
6581	33.74
6582	18.37
6583	25.04
6584	27.75
6585	56.78
6586	36.67
6587	31.65
6588	46.3
6589	37.32
6590	45.68
6591	19.31
6592	20.19
6593	39.8
6594	33.37
6595	26.64
6596	28.8
6597	66.99
6598	36.12
6599	59.65
6600	40.32
6601	44.73
6602	41.18
6603	45.22
6604	50.36
6605	11.6
6606	56.0
6607	36.11
6608	51.51
6609	32.14
6610	47.31
6611	36.59
6612	52.2
6613	36.13
6614	26.15
6615	18.42
6616	34.31
6617	52.64
6618	32.78
6619	45.99
6620	42.76
6621	43.51
6622	57.33
6623	52.16
6624	55.62
6625	30.52
6626	47.11
6627	21.98
6628	32.65
6629	19.77
6630	48.91
6631	20.06
6632	39.62
6633	64.45
6634	30.98
6635	17.66
6636	31.65
6637	26.9
6638	47.03
6639	39.21
6640	34.53
6641	44.36
6642	31.5
6643	34.0
6644	41.82
6645	61.31
6646	53.77
6647	29.7
6648	39.72
6649	42.0
6650	25.4
6651	50.42
6652	12.31
6653	36.69
6654	50.92
6655	31.54
6656	47.03
6657	31.04
6658	62.65
6659	23.33
6660	35.42
6661	31.25
6662	37.67
6663	45.24
6664	18.19
6665	26.95
6666	34.28
6667	42.03
6668	44.75
6669	40.97
6670	36.36
6671	38.12
6672	22.6
6673	50.88
6674	35.64
6675	65.22
6676	54.15
6677	38.01
6678	51.04
6679	56.73
6680	53.09
6681	30.81
6682	35.73
6683	34.15
6684	32.02
6685	14.72
6686	41.09
6687	60.24
6688	32.17
6689	16.85
6690	28.32
6691	35.68
6692	40.29
6693	59.39
6694	39.65
6695	25.0
6696	23.15
6697	25.61
6698	21.07
6699	39.95
6700	54.13
6701	38.13
6702	46.16
6703	32.19
6704	36.41
6705	42.36
6706	42.21
6707	33.14
6708	13.99
6709	30.36
6710	37.76
6711	41.42
6712	28.03
6713	45.28
6714	43.31
6715	32.15
6716	47.77
6717	1.92
6718	42.05
6719	55.89
6720	40.44
6721	48.68
6722	21.91
6723	48.75
6724	16.97
6725	55.67
6726	45.38
6727	38.24
6728	18.4
6729	25.17
6730	52.63
6731	47.71
6732	61.5
6733	20.94
6734	53.61
6735	25.98
6736	33.78
6737	30.35
6738	38.24
6739	26.6
6740	41.11
6741	20.81
6742	25.58
6743	41.56
6744	37.47
6745	25.72
6746	28.09
6747	35.97
6748	35.67
6749	23.68
6750	36.44
6751	22.7
6752	56.31
6753	52.75
6754	28.08
6755	18.98
6756	38.59
6757	44.55
6758	37.81
6759	56.97
6760	42.92
6761	29.42
6762	51.45
6763	44.39
6764	60.21
6765	26.27
6766	41.1
6767	32.31
6768	45.83
6769	42.12
6770	39.33
6771	45.71
6772	67.8
6773	45.72
6774	33.26
6775	23.37
6776	41.64
6777	33.56
6778	53.2
6779	33.53
6780	60.42
6781	44.67
6782	33.43
6783	31.76
6784	37.62
6785	57.0
6786	53.77
6787	38.1
6788	39.8
6789	25.92
6790	50.43
6791	33.79
6792	40.65
6793	46.11
6794	54.93
6795	17.29
6796	3.0
6797	43.37
6798	41.02
6799	63.08
6800	69.69
6801	43.71
6802	63.1
6803	38.02
6804	25.41
6805	23.86
6806	38.79
6807	46.19
6808	21.04
6809	31.43
6810	14.8
6811	45.37
6812	72.7
6813	39.78
6814	13.05
6815	33.52
6816	34.48
6817	44.6
6818	67.3
6819	30.88
6820	33.02
6821	57.47
6822	45.18
6823	9.9
6824	34.2
6825	41.08
6826	33.81
6827	27.14
6828	20.92
6829	41.6
6830	44.35
6831	41.22
6832	36.07
6833	48.98
6834	44.26
6835	30.99
6836	41.0
6837	33.19
6838	23.16
6839	62.03
6840	30.53
6841	52.68
6842	49.25
6843	31.79
6844	22.99
6845	44.57
6846	17.01
6847	59.15
6848	41.32
6849	36.2
6850	39.06
6851	63.41
6852	17.72
6853	42.19
6854	36.78
6855	44.45
6856	23.32
6857	31.4
6858	50.59
6859	21.82
6860	28.75
6861	31.57
6862	37.39
6863	42.82
6864	36.4
6865	53.99
6866	36.37
6867	54.09
6868	44.53
6869	24.53
6870	37.46
6871	76.51
6872	37.27
6873	36.5
6874	28.2
6875	51.06
6876	48.83
6877	34.51
6878	51.43
6879	49.39
6880	46.14
6881	41.23
6882	43.81
6883	47.24
6884	51.64
6885	42.8
6886	17.32
6887	47.99
6888	32.75
6889	41.33
6890	31.35
6891	54.31
6892	59.31
6893	60.03
6894	42.74
6895	21.72
6896	45.18
6897	40.24
6898	55.73
6899	43.29
6900	45.61
6901	34.39
6902	38.15
6903	41.95
6904	46.42
6905	27.87
6906	36.01
6907	8.23
6908	53.87
6909	59.81
6910	30.52
6911	26.79
6912	46.49
6913	50.03
6914	36.83
6915	41.98
6916	18.98
6917	51.41
6918	36.83
6919	28.43
6920	55.6
6921	39.63
6922	58.65
6923	28.67
6924	36.95
6925	25.44
6926	31.61
6927	47.3
6928	36.77
6929	58.66
6930	67.77
6931	41.41
6932	41.98
6933	53.96
6934	49.2
6935	14.03
6936	53.51
6937	22.85
6938	38.91
6939	14.2
6940	42.7
6941	49.41
6942	45.77
6943	15.27
6944	38.66
6945	26.54
6946	52.7
6947	36.58
6948	33.35
6949	37.81
6950	18.84
6951	33.6
6952	23.55
6953	36.17
6954	22.6
6955	49.19
6956	46.1
6957	25.41
6958	38.04
6959	41.93
6960	54.99
6961	67.3
6962	49.71
6963	32.73
6964	24.47
6965	41.65
6966	65.05
6967	39.91
6968	11.17
6969	19.35
6970	48.34
6971	53.66
6972	52.63
6973	25.94
6974	51.59
6975	38.28
6976	40.02
6977	11.73
6978	22.56
6979	59.94
6980	38.28
6981	35.01
6982	50.4
6983	29.16
6984	40.54
6985	20.61
6986	49.58
6987	50.92
6988	38.2
6989	27.71
6990	59.32
6991	32.72
6992	34.27
6993	35.14
6994	42.84
6995	31.97
6996	32.74
6997	43.88
6998	40.95
6999	40.61
7000	58.14
7001	44.01
7002	47.68
7003	47.42
7004	42.92
7005	33.5
7006	44.49
7007	25.24
7008	37.75
7009	39.63
7010	27.46
7011	45.25
7012	42.59
7013	50.08
7014	31.6
7015	47.21
7016	40.73
7017	46.14
7018	40.16
7019	39.96
7020	51.05
7021	49.89
7022	49.24
7023	42.08
7024	8.09
7025	43.79
7026	50.56
7027	22.13
7028	51.84
7029	49.58
7030	47.96
7031	60.91
7032	61.2
7033	36.42
7034	57.14
7035	31.72
7036	70.65
7037	77.56
7038	65.84
7039	29.83
7040	8.86
7041	55.6
7042	35.08
7043	24.77
7044	62.95
7045	32.49
7046	29.2
7047	62.47
7048	30.95
7049	51.23
7050	34.34
7051	30.14
7052	28.24
7053	49.97
7054	36.87
7055	35.43
7056	32.08
7057	17.75
7058	28.08
7059	42.2
7060	27.58
7061	34.75
7062	23.87
7063	31.37
7064	30.62
7065	32.21
7066	42.26
7067	18.44
7068	14.54
7069	35.85
7070	40.9
7071	40.8
7072	41.17
7073	63.49
7074	28.98
7075	32.79
7076	48.95
7077	70.4
7078	24.02
7079	57.21
7080	37.86
7081	47.13
7082	18.59
7083	37.53
7084	40.96
7085	33.8
7086	3.75
7087	34.81
7088	16.69
7089	32.91
7090	41.13
7091	21.58
7092	37.43
7093	32.66
7094	29.01
7095	42.87
7096	58.01
7097	15.48
7098	42.22
7099	36.88
7100	34.1
7101	17.3
7102	29.59
7103	44.06
7104	45.98
7105	23.58
7106	35.91
7107	29.4
7108	37.89
7109	16.47
7110	37.51
7111	24.32
7112	24.58
7113	38.67
7114	49.83
7115	34.45
7116	35.68
7117	24.75
7118	39.0
7119	36.04
7120	16.67
7121	35.64
7122	39.39
7123	29.64
7124	49.5
7125	46.82
7126	46.47
7127	28.11
7128	47.86
7129	41.05
7130	18.44
7131	31.55
7132	52.77
7133	41.03
7134	44.38
7135	23.39
7136	18.6
7137	32.26
7138	42.91
7139	45.41
7140	32.1
7141	14.76
7142	37.71
7143	26.25
7144	53.89
7145	20.99
7146	57.86
7147	42.25
7148	26.77
7149	53.86
7150	52.74
7151	53.74
7152	27.57
7153	41.61
7154	36.57
7155	32.99
7156	58.75
7157	34.83
7158	20.93
7159	49.02
7160	23.81
7161	18.61
7162	45.59
7163	65.62
7164	28.31
7165	44.91
7166	28.02
7167	46.26
7168	39.59
7169	20.81
7170	41.23
7171	29.33
7172	45.33
7173	36.94
7174	46.1
7175	48.46
7176	44.99
7177	48.74
7178	29.19
7179	40.17
7180	36.41
7181	28.54
7182	88.08
7183	24.25
7184	37.47
7185	11.37
7186	40.53
7187	31.43
7188	24.48
7189	44.18
7190	33.97
7191	8.75
7192	57.01
7193	34.54
7194	40.41
7195	49.32
7196	42.65
7197	34.04
7198	42.43
7199	24.48
7200	34.75
7201	14.86
7202	53.06
7203	32.81
7204	54.09
7205	43.69
7206	37.0
7207	35.17
7208	30.01
7209	33.05
7210	8.74
7211	34.3
7212	41.02
7213	50.66
7214	34.28
7215	34.89
7216	26.81
7217	33.88
7218	47.48
7219	41.9
7220	18.09
7221	32.81
7222	37.02
7223	69.53
7224	35.69
7225	46.98
7226	23.39
7227	34.03
7228	41.89
7229	31.06
7230	13.35
7231	47.51
7232	36.03
7233	27.14
7234	30.76
7235	51.3
7236	19.64
7237	58.87
7238	30.24
7239	53.15
7240	38.25
7241	58.66
7242	17.21
7243	27.49
7244	22.02
7245	33.19
7246	20.75
7247	37.64
7248	46.69
7249	7.16
7250	37.47
7251	54.37
7252	26.34
7253	38.24
7254	45.33
7255	52.68
7256	26.66
7257	33.29
7258	26.26
7259	33.14
7260	43.23
7261	37.76
7262	68.81
7263	34.29
7264	64.07
7265	29.13
7266	51.18
7267	41.4
7268	24.54
7269	46.82
7270	20.84
7271	26.82
7272	51.35
7273	23.55
7274	40.06
7275	44.92
7276	40.57
7277	41.99
7278	33.59
7279	32.56
7280	50.4
7281	31.87
7282	30.92
7283	36.49
7284	71.92
7285	39.94
7286	31.07
7287	35.0
7288	36.24
7289	31.29
7290	37.99
7291	27.03
7292	25.07
7293	40.57
7294	46.86
7295	22.65
7296	28.68
7297	38.03
7298	25.13
7299	41.48
7300	40.56
7301	36.82
7302	31.16
7303	35.35
7304	29.55
7305	34.0
7306	30.85
7307	25.32
7308	33.88
7309	54.13
7310	34.46
7311	15.09
7312	51.8
7313	26.87
7314	28.48
7315	55.54
7316	23.35
7317	30.85
7318	33.78
7319	6.21
7320	51.78
7321	51.27
7322	64.05
7323	42.48
7324	45.78
7325	40.71
7326	43.58
7327	45.97
7328	53.51
7329	55.41
7330	16.27
7331	30.18
7332	47.09
7333	45.49
7334	35.14
7335	28.99
7336	17.19
7337	34.32
7338	48.43
7339	20.56
7340	31.49
7341	27.72
7342	63.24
7343	59.77
7344	37.2
7345	41.33
7346	33.2
7347	25.52
7348	34.92
7349	45.14
7350	23.7
7351	41.88
7352	29.94
7353	19.35
7354	61.34
7355	35.91
7356	51.8
7357	56.48
7358	45.67
7359	40.14
7360	32.92
7361	49.19
7362	48.64
7363	28.04
7364	40.37
7365	56.9
7366	18.67
7367	21.04
7368	38.27
7369	48.58
7370	48.56
7371	23.63
7372	30.4
7373	50.3
7374	25.71
7375	58.09
7376	46.34
7377	35.39
7378	58.26
7379	43.08
7380	33.45
7381	37.82
7382	45.07
7383	48.58
7384	31.39
7385	50.18
7386	62.05
7387	34.06
7388	29.25
7389	30.59
7390	18.95
7391	72.22
7392	51.11
7393	34.91
7394	52.8
7395	48.59
7396	28.18
7397	52.24
7398	36.58
7399	31.35
7400	39.55
7401	37.36
7402	51.74
7403	39.9
7404	35.1
7405	36.37
7406	36.53
7407	37.44
7408	40.15
7409	37.89
7410	26.43
7411	30.7
7412	50.28
7413	21.5
7414	35.21
7415	34.7
7416	37.47
7417	45.98
7418	41.73
7419	32.48
7420	57.22
7421	37.31
7422	18.15
7423	39.74
7424	46.0
7425	20.57
7426	53.62
7427	17.82
7428	36.9
7429	31.57
7430	41.43
7431	35.63
7432	38.8
7433	41.45
7434	27.14
7435	48.18
7436	39.83
7437	34.61
7438	33.33
7439	16.3
7440	41.1
7441	49.13
7442	35.05
7443	34.99
7444	31.49
7445	26.39
7446	28.35
7447	38.75
7448	44.45
7449	45.01
7450	15.22
7451	40.56
7452	39.3
7453	39.0
7454	36.76
7455	62.95
7456	24.61
7457	21.75
7458	58.17
7459	7.73
7460	28.98
7461	60.39
7462	29.53
7463	24.75
7464	46.88
7465	34.37
7466	40.16
7467	43.92
7468	43.26
7469	42.37
7470	18.09
7471	46.63
7472	59.55
7473	28.42
7474	14.49
7475	30.49
7476	34.6
7477	35.33
7478	50.86
7479	55.96
7480	31.37
7481	39.44
7482	27.79
7483	43.55
7484	17.95
7485	39.38
7486	27.95
7487	38.74
7488	43.83
7489	43.74
7490	31.29
7491	15.93
7492	64.68
7493	21.19
7494	28.97
7495	30.5
7496	52.85
7497	37.77
7498	38.1
7499	35.9
7500	27.22
7501	63.56
7502	49.29
7503	43.44
7504	41.55
7505	39.21
7506	56.6
7507	43.62
7508	49.37
7509	49.79
7510	29.59
7511	41.16
7512	21.59
7513	26.37
7514	31.26
7515	55.22
7516	21.1
7517	43.8
7518	28.28
7519	31.98
7520	7.92
7521	35.27
7522	40.66
7523	49.68
7524	61.86
7525	47.0
7526	48.82
7527	52.78
7528	30.95
7529	55.95
7530	27.14
7531	39.88
7532	49.34
7533	49.45
7534	19.79
7535	43.51
7536	43.66
7537	47.75
7538	24.08
7539	47.49
7540	38.39
7541	59.71
7542	45.43
7543	43.29
7544	54.7
7545	28.91
7546	34.95
7547	60.02
7548	35.74
7549	56.08
7550	12.13
7551	37.15
7552	54.64
7553	45.07
7554	34.86
7555	58.21
7556	44.63
7557	32.64
7558	6.24
7559	41.72
7560	51.78
7561	52.96
7562	19.63
7563	45.04
7564	51.5
7565	30.84
7566	57.02
7567	53.43
7568	42.5
7569	44.5
7570	41.85
7571	33.12
7572	29.43
7573	53.24
7574	56.18
7575	53.01
7576	43.04
7577	29.69
7578	36.12
7579	24.63
7580	53.79
7581	25.71
7582	36.16
7583	27.08
7584	48.82
7585	41.18
7586	31.45
7587	44.72
7588	45.61
7589	50.93
7590	43.01
7591	39.82
7592	38.23
7593	39.8
7594	65.33
7595	46.83
7596	30.85
7597	32.15
7598	19.7
7599	37.96
7600	59.56
7601	25.09
7602	31.27
7603	25.0
7604	47.99
7605	30.13
7606	17.68
7607	44.62
7608	27.28
7609	41.23
7610	34.78
7611	31.39
7612	41.19
7613	39.4
7614	31.26
7615	35.63
7616	40.07
7617	26.91
7618	10.83
7619	18.1
7620	34.94
7621	35.63
7622	51.67
7623	28.49
7624	52.71
7625	45.53
7626	27.52
7627	29.18
7628	20.87
7629	58.86
7630	37.82
7631	15.46
7632	46.61
7633	34.92
7634	44.84
7635	64.05
7636	34.57
7637	60.11
7638	50.34
7639	53.95
7640	28.34
7641	28.35
7642	35.74
7643	24.49
7644	35.5
7645	37.16
7646	34.09
7647	35.07
7648	58.75
7649	4.53
7650	13.83
7651	35.87
7652	20.08
7653	31.93
7654	49.02
7655	34.96
7656	27.12
7657	44.29
7658	58.26
7659	54.13
7660	40.95
7661	45.46
7662	40.45
7663	9.93
7664	34.49
7665	35.86
7666	31.66
7667	22.78
7668	28.9
7669	66.42
7670	24.85
7671	39.76
7672	34.24
7673	18.31
7674	65.34
7675	23.96
7676	22.32
7677	37.12
7678	24.36
7679	49.25
7680	41.12
7681	57.21
7682	29.28
7683	61.99
7684	56.38
7685	51.54
7686	40.54
7687	39.67
7688	34.81
7689	36.11
7690	25.68
7691	36.08
7692	17.76
7693	8.62
7694	51.31
7695	17.26
7696	42.21
7697	65.0
7698	49.92
7699	44.72
7700	19.87
7701	35.7
7702	56.97
7703	40.48
7704	21.83
7705	22.96
7706	49.06
7707	41.21
7708	35.78
7709	17.6
7710	44.92
7711	47.39
7712	27.46
7713	70.27
7714	58.38
7715	37.83
7716	41.68
7717	39.43
7718	50.6
7719	34.24
7720	53.09
7721	34.36
7722	39.63
7723	25.46
7724	28.4
7725	65.31
7726	47.1
7727	43.65
7728	18.84
7729	46.84
7730	73.16
7731	66.67
7732	31.33
7733	37.65
7734	49.26
7735	32.36
7736	38.83
7737	25.66
7738	46.96
7739	29.85
7740	55.8
7741	24.08
7742	47.16
7743	37.15
7744	23.75
7745	48.07
7746	32.13
7747	33.4
7748	20.4
7749	53.1
7750	48.33
7751	23.03
7752	50.27
7753	21.28
7754	32.9
7755	27.03
7756	27.46
7757	38.63
7758	28.03
7759	29.75
7760	33.61
7761	36.86
7762	36.19
7763	49.94
7764	49.53
7765	22.89
7766	37.16
7767	24.53
7768	30.65
7769	45.2
7770	46.94
7771	40.39
7772	33.84
7773	27.94
7774	60.67
7775	30.28
7776	22.91
7777	17.17
7778	42.14
7779	34.78
7780	21.22
7781	40.34
7782	47.18
7783	20.55
7784	13.45
7785	35.89
7786	15.33
7787	8.83
7788	19.69
7789	17.69
7790	21.54
7791	40.6
7792	43.34
7793	33.06
7794	50.22
7795	41.0
7796	27.17
7797	43.0
7798	35.53
7799	51.43
7800	32.42
7801	35.53
7802	30.82
7803	58.67
7804	28.7
7805	37.61
7806	31.47
7807	60.79
7808	26.19
7809	41.23
7810	18.63
7811	26.78
7812	33.76
7813	49.1
7814	26.65
7815	58.73
7816	44.06
7817	62.01
7818	32.84
7819	39.16
7820	26.73
7821	26.37
7822	36.14
7823	35.69
7824	28.91
7825	32.05
7826	31.9
7827	29.1
7828	27.03
7829	32.26
7830	33.1
7831	15.01
7832	70.16
7833	61.43
7834	27.86
7835	12.89
7836	19.04
7837	71.62
7838	49.02
7839	32.26
7840	42.32
7841	50.57
7842	47.96
7843	14.42
7844	39.65
7845	15.25
7846	36.98
7847	24.4
7848	48.48
7849	36.57
7850	72.01
7851	65.23
7852	31.13
7853	40.15
7854	42.14
7855	46.14
7856	42.7
7857	15.23
7858	55.51
7859	30.14
7860	35.38
7861	40.0
7862	45.2
7863	59.37
7864	50.58
7865	40.06
7866	16.79
7867	30.9
7868	62.96
7869	41.44
7870	42.7
7871	24.75
7872	36.68
7873	29.7
7874	19.04
7875	58.89
7876	43.56
7877	29.84
7878	9.1
7879	32.62
7880	35.38
7881	25.29
7882	47.69
7883	53.1
7884	45.03
7885	44.25
7886	46.42
7887	28.76
7888	25.72
7889	27.31
7890	19.12
7891	28.74
7892	29.68
7893	63.16
7894	44.0
7895	31.12
7896	31.15
7897	44.93
7898	41.8
7899	32.04
7900	24.64
7901	39.35
7902	41.35
7903	25.86
7904	24.19
7905	17.67
7906	46.63
7907	29.1
7908	22.89
7909	59.74
7910	43.28
7911	42.85
7912	39.54
7913	33.31
7914	64.19
7915	27.99
7916	46.52
7917	35.13
7918	32.13
7919	30.31
7920	28.19
7921	20.41
7922	50.42
7923	36.95
7924	42.61
7925	57.2
7926	19.95
7927	33.55
7928	15.52
7929	56.05
7930	17.48
7931	18.68
7932	37.6
7933	29.13
7934	45.24
7935	36.21
7936	44.52
7937	28.42
7938	63.97
7939	30.5
7940	54.02
7941	22.3
7942	52.22
7943	34.78
7944	37.85
7945	35.96
7946	32.38
7947	37.93
7948	59.56
7949	24.61
7950	36.03
7951	40.13
7952	48.35
7953	25.53
7954	21.92
7955	31.83
7956	69.63
7957	46.84
7958	43.59
7959	40.95
7960	54.3
7961	41.4
7962	28.5
7963	41.13
7964	45.86
7965	47.07
7966	54.46
7967	39.79
7968	38.45
7969	38.05
7970	59.22
7971	49.63
7972	57.72
7973	40.52
7974	39.67
7975	38.48
7976	44.97
7977	40.33
7978	56.25
7979	24.95
7980	32.51
7981	49.07
7982	39.52
7983	67.96
7984	32.45
7985	43.42
7986	29.84
7987	41.66
7988	24.14
7989	67.35
7990	33.1
7991	44.37
7992	23.26
7993	51.96
7994	36.65
7995	30.47
7996	45.66
7997	47.79
7998	58.2
7999	38.45
8000	27.23
8001	41.11
8002	54.9
8003	54.75
8004	48.95
8005	27.85
8006	57.23
8007	44.92
8008	21.55
8009	24.06
8010	37.55
8011	21.49
8012	35.09
8013	73.07
8014	54.24
8015	38.86
8016	55.88
8017	29.09
8018	35.63
8019	57.7
8020	28.42
8021	37.05
8022	51.7
8023	42.87
8024	24.67
8025	39.82
8026	39.01
8027	45.87
8028	40.28
8029	31.44
8030	50.0
8031	37.72
8032	48.66
8033	41.86
8034	60.13
8035	37.91
8036	44.99
8037	25.94
8038	22.63
8039	31.49
8040	40.32
8041	49.93
8042	29.8
8043	44.61
8044	44.28
8045	12.69
8046	28.53
8047	53.19
8048	21.63
8049	28.77
8050	42.82
8051	39.72
8052	39.95
8053	45.46
8054	35.85
8055	36.46
8056	19.77
8057	33.45
8058	48.0
8059	33.14
8060	36.56
8061	36.96
8062	36.48
8063	55.93
8064	21.73
8065	30.65
8066	33.8
8067	25.97
8068	9.09
8069	53.09
8070	47.37
8071	20.19
8072	22.86
8073	18.42
8074	25.16
8075	44.93
8076	40.58
8077	29.89
8078	43.81
8079	10.54
8080	44.33
8081	57.5
8082	32.59
8083	47.37
8084	22.79
8085	31.37
8086	50.28
8087	63.86
8088	51.68
8089	36.38
8090	35.51
8091	34.78
8092	38.93
8093	37.06
8094	17.69
8095	60.02
8096	17.28
8097	28.48
8098	5.21
8099	45.14
8100	36.66
8101	45.07
8102	21.46
8103	56.96
8104	14.41
8105	31.99
8106	22.74
8107	43.08
8108	28.01
8109	23.03
8110	43.03
8111	39.27
8112	34.66
8113	26.64
8114	32.04
8115	40.97
8116	36.54
8117	45.0
8118	23.66
8119	23.44
8120	42.09
8121	49.85
8122	66.18
8123	64.27
8124	25.8
8125	36.93
8126	54.69
8127	49.27
8128	60.09
8129	20.29
8130	41.42
8131	36.81
8132	32.18
8133	25.84
8134	8.71
8135	53.9
8136	52.37
8137	50.89
8138	29.83
8139	34.86
8140	30.45
8141	37.33
8142	41.34
8143	35.69
8144	42.48
8145	28.98
8146	46.14
8147	39.94
8148	60.12
8149	41.65
8150	19.6
8151	30.07
8152	43.11
8153	32.7
8154	35.55
8155	55.66
8156	23.08
8157	25.38
8158	26.14
8159	27.15
8160	27.48
8161	32.3
8162	40.85
8163	33.12
8164	41.67
8165	17.97
8166	51.99
8167	36.41
8168	51.56
8169	32.66
8170	63.71
8171	40.2
8172	40.32
8173	49.09
8174	48.31
8175	37.14
8176	6.81
8177	49.05
8178	30.54
8179	31.27
8180	5.67
8181	40.11
8182	32.28
8183	54.54
8184	39.75
8185	33.2
8186	36.77
8187	24.56
8188	11.9
8189	42.86
8190	45.78
8191	33.43
8192	73.06
8193	39.84
8194	33.52
8195	24.29
8196	31.58
8197	50.95
8198	12.73
8199	49.97
8200	45.35
8201	29.26
8202	23.99
8203	29.54
8204	57.79
8205	35.68
8206	27.69
8207	17.37
8208	35.48
8209	52.03
8210	31.34
8211	23.05
8212	49.61
8213	35.63
8214	34.71
8215	14.43
8216	33.55
8217	19.91
8218	43.77
8219	35.94
8220	42.13
8221	17.64
8222	36.99
8223	43.46
8224	42.35
8225	35.96
8226	32.3
8227	23.8
8228	44.22
8229	41.58
8230	36.24
8231	57.87
8232	4.48
8233	21.94
8234	21.17
8235	26.47
8236	58.38
8237	15.75
8238	34.61
8239	35.13
8240	46.89
8241	34.8
8242	54.46
8243	47.54
8244	49.67
8245	37.45
8246	30.89
8247	37.06
8248	26.59
8249	44.99
8250	38.16
8251	25.78
8252	49.39
8253	25.92
8254	31.56
8255	15.13
8256	41.48
8257	45.8
8258	28.25
8259	28.3
8260	44.35
8261	31.67
8262	41.45
8263	47.26
8264	36.78
8265	27.78
8266	41.77
8267	54.44
8268	35.75
8269	30.28
8270	44.88
8271	39.44
8272	44.81
8273	35.9
8274	52.83
8275	36.92
8276	31.02
8277	31.38
8278	27.44
8279	30.37
8280	38.79
8281	47.73
8282	39.46
8283	24.93
8284	18.33
8285	49.1
8286	57.15
8287	69.04
8288	10.05
8289	55.67
8290	61.46
8291	25.51
8292	35.97
8293	61.59
8294	45.91
8295	35.28
8296	28.36
8297	42.47
