0	14.06
1	6.55
2	24.91
3	1.0
4	17.55
5	9.07
6	17.65
7	11.13
8	9.52
9	2.84
10	15.37
11	6.54
12	16.07
13	6.69
14	2.0
15	3.14
16	11.76
17	10.84
18	12.29
19	4.01
20	1.82
21	29.61
22	5.18
23	9.27
24	21.59
25	26.56
26	25.6
27	31.43
28	3.69
29	32.56
30	23.27
31	5.18
32	12.84
33	19.74
34	14.42
35	17.9
36	30.75
37	9.46
38	17.58
39	21.24
40	18.46
41	17.29
42	7.08
43	11.31
44	9.19
45	0.23
46	18.96
47	17.11
48	10.86
49	12.59
50	6.31
51	2.15
52	2.71
53	10.78
54	5.78
55	18.36
56	1.77
57	5.09
58	13.17
59	11.74
60	8.27
61	11.14
62	19.18
63	3.53
64	3.05
65	10.88
66	21.49
67	21.28
68	20.85
69	0.52
70	15.01
71	2.81
72	30.54
73	26.08
74	4.71
75	15.55
76	10.99
77	0.68
78	12.09
79	8.49
80	5.15
81	11.54
82	3.87
83	0.41
84	26.16
85	5.23
86	8.7
87	13.77
88	14.54
89	17.85
90	18.61
91	23.66
92	4.61
93	13.5
94	26.48
95	18.17
96	19.05
97	16.26
98	9.57
99	18.75
100	19.91
101	18.62
102	3.85
103	14.26
104	18.81
105	27.91
106	6.27
107	1.77
108	7.13
109	16.84
110	12.15
111	4.83
112	1.14
113	10.91
114	3.58
115	22.11
116	18.31
117	10.16
118	22.07
119	5.13
120	2.54
121	3.2
122	11.9
123	21.32
124	15.02
125	18.22
126	12.71
127	7.61
128	15.6
129	9.01
130	7.85
131	25.76
132	6.09
133	18.95
134	5.48
135	24.12
136	3.4
137	8.34
138	3.83
139	7.13
140	9.65
141	6.28
142	14.53
143	15.48
144	6.45
145	5.61
146	6.64
147	23.15
148	6.46
149	9.27
150	6.79
151	10.46
152	16.54
153	12.9
154	5.98
155	18.55
156	10.97
157	10.92
158	0.65
159	6.91
160	26.1
161	11.32
162	27.31
163	11.22
164	11.23
165	5.52
166	35.45
167	5.3
168	2.23
169	3.06
170	13.54
171	16.91
172	9.98
173	27.72
174	1.4
175	2.4
176	4.6
177	20.13
178	7.24
179	7.53
180	26.4
181	10.45
182	15.61
183	6.67
184	21.68
185	17.45
186	13.99
187	15.12
188	2.06
189	11.73
190	13.61
191	27.77
192	17.64
193	2.09
194	10.55
195	20.92
196	1.0
197	2.15
198	0.28
199	20.78
200	11.01
201	8.62
202	37.94
203	7.03
204	2.88
205	9.09
206	5.75
207	23.69
208	13.75
209	8.8
210	1.48
211	1.91
212	16.43
213	11.0
214	10.27
215	12.44
216	26.64
217	11.12
218	3.98
219	1.05
220	1.65
221	8.78
222	1.93
223	6.25
224	3.34
225	11.15
226	3.2
227	27.76
228	11.3
229	15.33
230	11.43
231	21.7
232	28.29
233	20.34
234	22.04
235	0.63
236	22.81
237	5.68
238	2.26
239	15.36
240	21.57
241	23.7
242	6.1
243	0.04
244	23.74
245	18.84
246	5.52
247	0.15
248	34.92
249	9.47
250	24.91
251	6.74
252	13.22
253	13.38
254	15.04
255	26.7
256	9.2
257	1.57
258	15.46
259	6.7
260	9.35
261	5.66
262	22.66
263	21.11
264	8.85
265	4.94
266	17.16
267	6.16
268	12.69
269	12.83
270	11.6
271	20.18
272	22.35
273	6.9
274	3.85
275	5.29
276	0.45
277	9.44
278	3.97
279	0.16
280	9.47
281	7.64
282	13.11
283	18.41
284	3.31
285	8.83
286	14.26
287	13.82
288	16.77
289	6.88
290	10.73
291	15.99
292	5.43
293	8.98
294	1.83
295	13.0
296	2.73
297	2.22
298	2.97
299	10.55
300	9.05
301	0.78
302	18.2
303	19.77
304	23.02
305	0.21
306	3.13
307	7.91
308	15.51
309	1.07
310	12.01
311	14.99
312	28.25
313	17.18
314	15.32
315	10.24
316	17.04
317	13.32
318	6.85
319	17.14
320	10.01
321	15.01
322	8.49
323	4.36
324	16.05
325	9.18
326	10.63
327	1.19
328	3.6
329	9.57
330	1.76
331	12.48
332	9.78
333	15.04
334	6.12
335	6.98
336	18.88
337	10.85
338	4.06
339	21.5
340	4.46
341	18.35
342	20.92
343	12.08
344	5.95
345	4.38
346	10.04
347	20.59
348	6.79
349	9.06
350	26.62
351	1.66
352	23.63
353	18.9
354	13.0
355	2.2
356	6.26
357	16.02
358	7.42
359	13.58
360	0.19
361	5.05
362	1.48
363	8.86
364	1.3
365	0.14
366	0.66
367	28.08
368	26.15
369	10.86
370	22.85
371	7.54
372	10.53
373	7.1
374	5.43
375	13.67
376	6.01
377	13.26
378	7.22
379	8.83
380	6.23
381	0.52
382	21.65
383	8.28
384	24.38
385	7.27
386	21.42
387	14.1
388	34.04
389	18.65
390	7.29
391	21.66
392	20.61
393	5.64
394	10.36
395	16.42
396	10.75
397	0.8
398	15.95
399	22.16
400	29.91
401	36.03
402	30.42
403	7.56
404	22.82
405	13.8
406	3.34
407	10.92
408	26.79
409	2.89
410	15.36
411	1.61
412	11.99
413	3.69
414	9.64
415	8.24
416	20.96
417	7.12
418	18.24
419	6.14
420	15.98
421	13.32
422	9.69
423	12.49
424	8.67
425	4.01
426	17.53
427	0.07
428	12.3
429	18.71
430	22.04
431	8.94
432	0.53
433	1.12
434	1.39
435	19.86
436	24.23
437	2.42
438	15.52
439	11.45
440	10.14
441	7.61
442	31.62
443	21.94
444	18.55
445	7.35
446	3.17
447	6.05
448	1.24
449	4.96
450	4.98
451	2.85
452	19.39
453	9.87
454	0.64
455	25.3
456	19.41
457	21.73
458	13.36
459	7.73
460	14.36
461	5.46
462	20.69
463	7.91
464	6.26
465	15.2
466	12.95
467	2.82
468	12.84
469	37.06
470	12.22
471	19.17
472	30.27
473	10.34
474	13.13
475	5.8
476	10.09
477	16.67
478	19.09
479	15.77
480	29.95
481	11.29
482	26.24
483	11.05
484	1.89
485	13.23
486	23.36
487	9.11
488	10.85
489	23.7
490	3.83
491	1.42
492	12.76
493	19.29
494	11.49
495	4.85
496	23.91
497	10.51
498	8.45
499	19.77
500	17.85
501	10.68
502	4.7
503	7.39
504	17.05
505	8.37
506	12.64
507	9.77
508	0.44
509	19.58
510	4.12
511	19.13
512	1.0
513	14.44
514	2.99
515	7.42
516	18.22
517	3.86
518	26.21
519	0.66
520	12.3
521	11.46
522	6.89
523	12.46
524	28.17
525	6.04
526	9.51
527	10.85
528	12.39
529	9.37
530	0.09
531	5.61
532	1.18
533	16.97
534	16.96
535	20.52
536	10.66
537	8.17
538	18.64
539	7.74
540	14.22
541	3.73
542	40.32
543	26.08
544	0.48
545	11.89
546	10.71
547	21.92
548	3.37
549	13.19
550	30.86
551	14.7
552	15.0
553	17.39
554	13.53
555	25.93
556	12.6
557	12.92
558	5.27
559	24.0
560	0.92
561	15.06
562	27.28
563	8.53
564	1.83
565	10.19
566	14.81
567	23.42
568	18.53
569	10.41
570	18.33
571	3.34
572	23.81
573	1.45
574	31.93
575	2.43
576	4.78
577	14.24
578	13.23
579	10.59
580	19.23
581	19.36
582	7.17
583	9.24
584	6.67
585	6.46
586	10.16
587	2.18
588	30.81
589	10.57
590	20.94
591	7.66
592	26.15
593	2.81
594	20.05
595	5.32
596	16.63
597	14.88
598	3.74
599	16.21
600	14.93
601	16.52
602	2.24
603	5.69
604	18.47
605	17.26
606	7.73
607	13.98
608	4.52
609	15.11
610	0.81
611	1.45
612	0.24
613	2.09
614	17.9
615	12.5
616	14.07
617	13.74
618	19.67
619	21.83
620	16.55
621	2.29
622	9.19
623	5.48
624	0.29
625	19.53
626	16.04
627	8.04
628	15.96
629	11.4
630	28.61
631	1.48
632	3.22
633	4.67
634	6.01
635	15.13
636	9.64
637	20.43
638	12.23
639	15.51
640	2.91
641	4.4
642	12.51
643	15.58
644	4.51
645	22.4
646	13.98
647	30.36
648	2.21
649	32.64
650	1.8
651	8.39
652	7.37
653	11.6
654	16.96
655	11.63
656	14.69
657	17.95
658	21.46
659	10.87
660	37.06
661	16.46
662	10.69
663	18.19
664	9.26
665	8.91
666	9.21
667	8.45
668	17.38
669	6.6
670	1.7
671	8.43
672	25.45
673	14.56
674	13.54
675	13.19
676	14.55
677	11.67
678	27.49
679	8.53
680	24.46
681	15.61
682	11.05
683	19.22
684	12.32
685	10.43
686	17.73
687	28.68
688	5.15
689	23.36
690	17.0
691	6.82
692	7.44
693	25.97
694	5.76
695	25.07
696	3.21
697	9.46
698	25.42
699	26.26
700	21.03
701	0.15
702	6.97
703	22.4
704	2.88
705	5.45
706	5.5
707	7.79
708	2.34
709	14.3
710	20.62
711	1.31
712	6.22
713	3.75
714	7.03
715	11.19
716	0.91
717	0.49
718	7.33
719	2.99
720	25.23
721	4.32
722	7.55
723	6.88
724	2.92
725	16.91
726	10.86
727	13.25
728	20.84
729	12.69
730	23.25
731	12.83
732	8.01
733	17.64
734	10.97
735	12.91
736	13.71
737	0.48
738	9.32
739	18.98
740	1.43
741	18.91
742	13.06
743	10.63
744	4.08
745	27.99
746	1.56
747	8.33
748	6.4
749	14.74
750	10.88
751	8.36
752	16.86
753	18.19
754	19.71
755	14.43
756	12.14
757	6.8
758	33.26
759	16.32
760	13.8
761	14.46
762	18.35
763	11.91
764	6.3
765	4.76
766	17.8
767	3.49
768	10.31
769	19.77
770	9.05
771	8.99
772	11.05
773	12.95
774	17.44
775	4.91
776	33.33
777	9.72
778	6.95
779	19.53
780	20.28
781	5.21
782	27.35
783	20.12
784	8.36
785	13.14
786	37.18
787	4.51
788	5.72
789	4.65
790	7.69
791	3.4
792	10.85
793	17.62
794	11.38
795	9.53
796	1.34
797	8.01
798	13.45
799	4.16
800	0.08
801	26.23
802	6.53
803	1.58
804	5.56
805	8.27
806	0.53
807	2.47
808	8.5
809	5.87
810	33.44
811	6.07
812	1.91
813	6.73
814	37.19
815	21.04
816	4.52
817	16.36
818	0.62
819	4.26
820	15.5
821	7.83
822	10.99
823	0.88
824	17.91
825	14.66
826	12.83
827	2.23
828	3.2
829	27.74
830	27.7
831	9.38
832	10.6
833	11.04
834	4.87
835	8.17
836	7.26
837	18.72
838	5.75
839	2.28
840	18.87
841	5.35
842	4.98
843	25.33
844	16.09
845	5.89
846	7.55
847	14.64
848	32.67
849	12.31
850	15.58
851	9.63
852	13.9
853	9.48
854	28.09
855	3.32
856	7.69
857	10.54
858	18.14
859	15.61
860	2.48
861	14.04
862	14.92
863	28.25
864	4.82
865	4.15
866	3.56
867	7.91
868	2.87
869	23.93
870	0.22
871	5.29
872	3.98
873	16.82
874	18.26
875	6.25
876	5.46
877	8.55
878	8.05
879	4.64
880	15.63
881	6.77
882	8.34
883	5.61
884	1.05
885	19.87
886	32.82
887	26.52
888	15.66
889	6.32
890	7.38
891	21.91
892	3.55
893	19.28
894	6.24
895	2.49
896	3.72
897	9.72
898	13.42
899	19.42
900	14.8
901	12.01
902	15.95
903	9.03
904	15.74
905	20.52
906	3.38
907	30.95
908	11.17
909	25.8
910	13.25
911	18.54
912	7.45
913	11.67
914	14.74
915	20.66
916	25.15
917	8.83
918	7.45
919	5.28
920	16.4
921	4.03
922	3.46
923	0.42
924	40.02
925	3.87
926	0.83
927	0.28
928	8.73
929	2.61
930	12.29
931	6.93
932	11.19
933	0.88
934	27.06
935	2.68
936	5.61
937	8.32
938	4.04
939	13.63
940	19.48
941	2.32
942	7.28
943	5.75
944	5.34
945	4.45
946	11.4
947	10.59
948	3.93
949	7.61
950	8.3
951	14.62
952	20.9
953	13.94
954	14.85
955	10.53
956	18.45
957	8.57
958	20.99
959	26.04
960	13.38
961	12.05
962	6.5
963	0.81
964	10.15
965	17.64
966	9.32
967	0.12
968	16.59
969	18.88
970	20.51
971	11.49
972	8.81
973	8.01
974	7.06
975	16.09
976	14.97
977	8.5
978	35.18
979	7.52
980	3.81
981	22.61
982	8.33
983	11.54
984	12.02
985	19.4
986	21.88
987	0.69
988	15.85
989	7.19
990	16.2
991	22.42
992	17.09
993	27.09
994	20.17
995	12.16
996	12.85
997	12.31
998	2.1
999	13.8
1000	19.52
1001	3.43
1002	0.67
1003	27.93
1004	7.86
1005	2.89
1006	0.01
1007	27.21
1008	16.85
1009	4.91
1010	13.16
1011	11.16
1012	29.32
1013	17.86
1014	4.75
1015	10.28
1016	18.22
1017	3.72
1018	5.0
1019	4.59
1020	3.03
1021	1.88
1022	11.56
1023	10.26
1024	8.5
1025	6.86
1026	20.26
1027	26.18
1028	25.13
1029	15.0
1030	18.2
1031	8.85
1032	10.57
1033	12.16
1034	7.45
1035	12.81
1036	7.49
1037	4.78
1038	25.26
1039	34.94
1040	9.53
1041	0.07
1042	12.35
1043	5.63
1044	0.18
1045	5.85
1046	1.0
1047	10.57
1048	19.61
1049	20.18
1050	10.54
1051	4.82
1052	3.45
1053	1.36
1054	17.84
1055	11.44
1056	2.48
1057	20.94
1058	15.1
1059	16.07
1060	21.15
1061	21.5
1062	15.43
1063	15.34
1064	10.26
1065	6.9
1066	4.07
1067	19.69
1068	26.42
1069	24.59
1070	4.09
1071	33.49
1072	6.04
1073	2.49
1074	17.46
1075	11.8
1076	14.95
1077	7.22
1078	4.11
1079	8.81
1080	29.18
1081	25.2
1082	5.85
1083	1.87
1084	3.94
1085	22.36
1086	16.29
1087	16.13
1088	4.37
1089	6.9
1090	21.52
1091	24.88
1092	3.21
1093	10.07
1094	6.23
1095	9.93
1096	8.12
1097	27.18
1098	13.57
1099	8.84
1100	20.15
1101	22.21
1102	5.02
1103	12.55
1104	16.26
1105	15.07
1106	5.47
1107	12.65
1108	21.52
1109	20.31
1110	28.91
1111	15.52
1112	14.33
1113	4.85
1114	11.35
1115	6.31
1116	15.45
1117	5.08
1118	4.7
1119	6.33
1120	10.71
1121	30.76
1122	18.9
1123	3.53
1124	2.22
1125	19.37
1126	19.42
1127	0.27
1128	6.51
1129	23.17
1130	7.62
1131	2.17
1132	18.14
1133	8.8
1134	22.0
1135	7.72
1136	2.9
1137	17.42
1138	4.82
1139	7.51
1140	12.38
1141	9.47
1142	4.59
1143	16.59
1144	19.44
1145	23.76
1146	13.13
1147	5.05
1148	5.7
1149	14.99
1150	2.88
1151	13.25
1152	2.5
1153	10.06
1154	4.37
1155	5.75
1156	1.26
1157	3.73
1158	22.19
1159	3.35
1160	1.71
1161	7.36
1162	5.63
1163	11.89
1164	13.37
1165	0.1
1166	15.7
1167	9.95
1168	18.35
1169	2.02
1170	18.77
1171	1.62
1172	6.88
1173	16.46
1174	5.36
1175	18.44
1176	12.52
1177	27.9
1178	10.23
1179	9.0
1180	19.55
1181	7.66
1182	5.61
1183	25.55
1184	19.54
1185	11.41
1186	15.07
1187	10.87
1188	17.59
1189	6.39
1190	7.89
1191	11.13
1192	1.9
1193	4.88
1194	26.51
1195	19.55
1196	19.38
1197	27.79
1198	10.2
1199	11.63
1200	7.16
1201	25.05
1202	34.76
1203	9.47
1204	18.1
1205	12.16
1206	27.86
1207	19.64
1208	9.4
1209	13.25
1210	0.17
1211	7.2
1212	13.41
1213	2.64
1214	26.02
1215	23.65
1216	12.93
1217	8.55
1218	14.72
1219	10.43
1220	12.98
1221	6.43
1222	21.51
1223	7.74
1224	10.61
1225	25.04
1226	4.06
1227	21.26
1228	6.2
1229	2.52
1230	3.12
1231	22.09
1232	21.96
1233	6.17
1234	14.86
1235	7.33
1236	10.84
1237	21.19
1238	3.98
1239	6.46
1240	2.9
1241	7.63
1242	0.49
1243	3.98
1244	10.33
1245	22.22
1246	14.14
1247	11.4
1248	33.33
1249	3.88
1250	28.05
1251	7.57
1252	10.54
1253	10.58
1254	17.07
1255	25.35
1256	17.56
1257	15.21
1258	7.33
1259	9.55
1260	13.06
1261	15.79
1262	11.18
1263	0.83
1264	7.88
1265	4.74
1266	20.15
1267	0.55
1268	13.62
1269	12.26
1270	14.45
1271	2.26
1272	1.12
1273	21.24
1274	0.78
1275	19.41
1276	19.97
1277	24.74
1278	19.54
1279	21.98
1280	28.39
1281	17.81
1282	10.91
1283	5.6
1284	10.64
1285	15.5
1286	2.19
1287	8.54
1288	3.88
1289	10.55
1290	9.04
1291	25.03
1292	24.9
1293	5.32
1294	4.24
1295	7.29
1296	2.32
1297	24.44
1298	19.92
1299	13.06
1300	1.97
1301	8.93
1302	11.31
1303	3.24
1304	3.11
1305	4.06
1306	27.6
1307	11.64
1308	29.5
1309	2.61
1310	12.17
1311	6.82
1312	33.52
1313	12.1
1314	5.62
1315	4.47
1316	5.65
1317	17.02
1318	15.71
1319	12.62
1320	4.22
1321	3.93
1322	10.45
1323	12.41
1324	5.82
1325	27.75
1326	24.44
1327	16.48
1328	7.34
1329	3.59
1330	8.56
1331	9.33
1332	2.5
1333	8.19
1334	10.07
1335	13.76
1336	9.67
1337	4.57
1338	3.32
1339	20.74
1340	4.39
1341	10.35
1342	8.43
1343	10.17
1344	3.73
1345	5.96
1346	11.46
1347	4.94
1348	2.46
1349	30.21
1350	7.23
1351	8.11
1352	7.38
1353	12.35
1354	8.27
1355	25.36
1356	4.36
1357	11.65
1358	12.74
1359	4.29
1360	3.47
1361	12.03
1362	13.45
1363	15.25
1364	11.43
1365	8.47
1366	2.51
1367	6.77
1368	22.1
1369	9.09
1370	21.48
1371	4.61
1372	3.78
1373	18.25
1374	11.62
1375	11.72
1376	0.2
1377	1.88
1378	13.42
1379	4.29
1380	11.1
1381	0.15
1382	21.06
1383	12.57
1384	4.79
1385	3.4
1386	7.9
1387	17.21
1388	7.07
1389	19.67
1390	20.35
1391	1.43
1392	18.45
1393	7.54
1394	7.51
1395	2.59
1396	18.74
1397	12.06
1398	6.42
1399	2.0
1400	5.4
1401	14.61
1402	2.34
1403	7.11
1404	21.54
1405	7.81
1406	15.46
1407	19.82
1408	8.86
1409	2.93
1410	0.96
1411	11.07
1412	6.07
1413	19.79
1414	11.69
1415	3.82
1416	10.25
1417	21.83
1418	21.12
1419	11.2
1420	8.01
1421	10.67
1422	20.69
1423	2.97
1424	13.91
1425	12.78
1426	29.64
1427	13.35
1428	2.12
1429	11.97
1430	17.01
1431	6.76
1432	17.47
1433	11.23
1434	11.44
1435	19.41
1436	9.71
1437	24.13
1438	7.36
1439	6.36
1440	5.47
1441	1.55
1442	7.31
1443	6.92
1444	22.87
1445	14.98
1446	17.78
1447	16.24
1448	10.4
1449	5.7
1450	9.91
1451	18.93
1452	42.48
1453	16.74
1454	6.26
1455	12.72
1456	9.07
1457	21.01
1458	34.03
1459	11.67
1460	4.32
1461	0.12
1462	0.1
1463	4.78
1464	9.91
1465	1.33
1466	19.29
1467	10.09
1468	1.44
1469	13.61
1470	10.71
1471	8.34
1472	2.88
1473	8.89
1474	4.82
1475	9.91
1476	9.76
1477	6.28
1478	20.54
1479	2.82
1480	37.78
1481	17.0
1482	28.1
1483	5.32
1484	21.96
1485	6.9
1486	8.88
1487	29.2
1488	24.17
1489	3.91
1490	4.96
1491	6.57
1492	4.73
1493	11.2
1494	6.4
1495	3.69
1496	5.97
1497	5.51
1498	0.24
1499	2.74
1500	6.07
1501	25.02
1502	28.57
1503	13.2
1504	2.6
1505	0.51
1506	3.46
1507	22.35
1508	13.3
1509	19.77
1510	6.28
1511	16.95
1512	9.68
1513	15.17
1514	2.4
1515	34.22
1516	2.75
1517	5.44
1518	10.46
1519	17.97
1520	2.74
1521	5.41
1522	9.77
1523	30.19
1524	16.82
1525	15.22
1526	24.6
1527	19.54
1528	11.54
1529	15.82
1530	2.55
1531	20.15
1532	13.01
1533	3.4
1534	9.1
1535	2.84
1536	20.18
1537	23.57
1538	9.34
1539	8.46
1540	26.84
1541	4.7
1542	10.92
1543	19.15
1544	6.2
1545	27.84
1546	8.64
1547	9.81
1548	15.46
1549	19.88
1550	16.94
1551	1.2
1552	25.9
1553	27.05
1554	11.61
1555	13.89
1556	19.95
1557	9.96
1558	11.64
1559	2.99
1560	20.88
1561	2.83
1562	19.72
1563	3.3
1564	11.39
1565	24.96
1566	5.5
1567	22.36
1568	18.87
1569	6.68
1570	14.65
1571	7.53
1572	8.23
1573	8.1
1574	16.55
1575	3.59
1576	4.97
1577	9.16
1578	9.81
1579	25.24
1580	30.26
1581	4.49
1582	12.37
1583	5.66
1584	18.15
1585	19.56
1586	1.57
1587	18.91
1588	18.59
1589	25.83
1590	2.1
1591	3.08
1592	14.96
1593	15.97
1594	18.26
1595	30.6
1596	26.31
1597	16.42
1598	10.43
1599	14.46
1600	6.7
1601	2.38
1602	20.42
1603	8.15
1604	20.99
1605	1.98
1606	6.13
1607	30.72
1608	5.02
1609	3.7
1610	27.72
1611	10.09
1612	1.92
1613	4.93
1614	9.09
1615	2.81
1616	6.74
1617	24.83
1618	5.36
1619	6.31
1620	7.42
1621	15.66
1622	4.65
1623	23.36
1624	28.3
1625	16.35
1626	0.85
1627	31.58
1628	14.56
1629	18.15
1630	7.35
1631	3.01
1632	0.07
1633	16.5
1634	14.64
1635	14.21
1636	3.72
1637	19.42
1638	2.71
1639	16.24
1640	2.18
1641	3.98
1642	20.17
1643	2.24
1644	17.29
1645	4.39
1646	2.34
1647	0.81
1648	17.83
1649	4.8
1650	11.42
1651	7.58
1652	1.15
1653	6.6
1654	18.24
1655	27.32
1656	8.41
1657	11.19
1658	3.72
1659	2.23
1660	1.16
1661	3.87
1662	34.75
1663	14.05
1664	5.08
1665	9.47
1666	3.67
1667	19.84
1668	17.57
1669	14.87
1670	2.5
1671	15.09
1672	19.21
1673	4.92
1674	16.83
1675	11.6
1676	21.07
1677	11.81
1678	5.4
1679	4.07
1680	18.69
1681	1.06
1682	16.57
1683	7.53
1684	21.07
1685	20.13
1686	3.74
1687	3.77
1688	7.22
1689	21.59
1690	0.29
1691	6.06
1692	10.42
1693	7.26
1694	20.79
1695	12.1
1696	19.29
1697	10.0
1698	9.63
1699	18.47
1700	20.13
1701	6.9
1702	15.45
1703	12.42
1704	21.28
1705	40.17
1706	5.38
1707	2.19
1708	9.09
1709	4.93
1710	26.33
1711	13.76
1712	21.23
1713	4.68
1714	12.59
1715	33.36
1716	10.51
1717	14.8
1718	18.06
1719	10.26
1720	2.65
1721	14.76
1722	0.41
1723	4.89
1724	24.26
1725	18.71
1726	14.12
1727	28.6
1728	12.2
1729	8.04
1730	0.18
1731	17.4
1732	24.16
1733	24.41
1734	29.67
1735	20.7
1736	7.95
1737	29.81
1738	9.78
1739	4.04
1740	10.32
1741	10.64
1742	10.48
1743	9.32
1744	3.11
1745	8.77
1746	5.37
1747	2.55
1748	1.77
1749	17.9
1750	1.8
1751	2.34
1752	13.22
1753	15.99
1754	0.1
1755	9.5
1756	8.91
1757	5.06
1758	5.19
1759	13.0
1760	10.63
1761	9.49
1762	8.09
1763	19.25
1764	21.9
1765	21.44
1766	28.04
1767	5.99
1768	19.63
1769	18.18
1770	12.8
1771	3.79
1772	5.04
1773	11.04
1774	3.65
1775	12.64
1776	13.11
1777	14.47
1778	1.06
1779	25.53
1780	22.63
1781	5.98
1782	28.66
1783	11.76
1784	22.59
1785	9.04
1786	23.79
1787	18.85
1788	9.73
1789	27.45
1790	1.58
1791	25.98
1792	1.58
1793	25.56
1794	1.72
1795	14.45
1796	18.12
1797	5.58
1798	14.89
1799	10.47
1800	5.04
1801	4.13
1802	9.52
1803	4.19
1804	28.73
1805	8.19
1806	16.05
1807	3.54
1808	10.07
1809	15.63
1810	23.71
1811	15.25
1812	19.57
1813	15.37
1814	7.8
1815	5.34
1816	8.99
1817	3.93
1818	3.16
1819	19.83
1820	3.18
1821	3.61
1822	7.04
1823	8.27
1824	12.07
1825	4.02
1826	10.35
1827	9.49
1828	2.04
1829	22.75
1830	9.85
1831	23.14
1832	0.3
1833	6.21
1834	21.13
1835	18.69
1836	10.06
1837	8.75
1838	19.11
1839	0.61
1840	6.3
1841	31.25
1842	28.24
1843	23.91
1844	8.25
1845	18.05
1846	12.76
1847	2.83
1848	3.92
1849	4.51
1850	5.61
1851	19.53
1852	17.45
1853	20.62
1854	11.11
1855	16.43
1856	4.33
1857	15.16
1858	12.85
1859	5.08
1860	17.71
1861	10.63
1862	8.0
1863	16.58
1864	5.09
1865	3.81
1866	4.26
1867	0.36
1868	21.78
1869	13.85
1870	17.94
1871	16.88
1872	28.76
1873	12.75
1874	12.09
1875	22.7
1876	14.87
1877	19.37
1878	11.2
1879	2.39
1880	9.91
1881	6.73
1882	19.26
1883	20.35
1884	10.52
1885	3.1
1886	7.22
1887	16.68
1888	9.54
1889	2.87
1890	7.81
1891	6.37
1892	14.02
1893	11.37
1894	8.76
1895	5.78
1896	2.23
1897	4.76
1898	27.29
1899	7.5
1900	4.94
1901	14.87
1902	16.82
1903	12.48
1904	8.41
1905	2.28
1906	33.45
1907	12.19
1908	5.26
1909	17.55
1910	11.37
1911	16.16
1912	17.06
1913	18.65
1914	1.52
1915	8.13
1916	9.07
1917	8.63
1918	22.25
1919	7.92
1920	13.15
1921	15.44
1922	9.8
1923	8.06
1924	22.18
1925	10.28
1926	2.06
1927	25.7
1928	9.49
1929	6.9
1930	24.36
1931	15.17
1932	3.6
1933	11.49
1934	19.38
1935	19.67
1936	14.74
1937	2.67
1938	3.23
1939	4.89
1940	11.69
1941	30.46
1942	8.19
1943	28.05
1944	16.7
1945	8.71
1946	19.76
1947	9.68
1948	3.95
1949	13.84
1950	35.39
1951	14.67
1952	18.81
1953	1.71
1954	19.58
1955	11.24
1956	2.47
1957	15.3
1958	10.67
1959	9.62
1960	16.9
1961	3.42
1962	13.28
1963	19.93
1964	2.24
1965	17.59
1966	17.07
1967	9.93
1968	8.97
1969	17.4
1970	6.04
1971	22.81
1972	2.84
1973	7.38
1974	23.38
1975	14.98
1976	4.33
1977	9.13
1978	28.8
1979	6.94
1980	9.55
1981	5.52
1982	10.22
1983	12.07
1984	13.18
1985	14.51
1986	14.99
1987	5.23
1988	26.62
1989	8.85
1990	25.44
1991	17.7
1992	16.34
1993	1.8
1994	4.51
1995	6.74
1996	8.45
1997	13.74
1998	11.47
1999	31.51
2000	5.64
2001	3.55
2002	26.1
2003	4.21
2004	7.51
2005	16.06
2006	30.93
2007	25.94
2008	3.42
2009	36.56
2010	6.55
2011	25.66
2012	1.1
2013	12.09
2014	19.12
2015	17.36
2016	4.13
2017	3.48
2018	7.11
2019	2.57
2020	3.58
2021	15.13
2022	14.48
2023	14.08
2024	13.02
2025	6.7
2026	8.34
2027	3.65
2028	3.76
2029	0.6
2030	14.25
2031	0.57
2032	2.24
2033	0.13
2034	3.64
2035	9.75
2036	18.59
2037	10.62
2038	10.01
2039	16.23
2040	5.1
2041	18.78
2042	0.0
2043	13.11
2044	16.94
2045	4.31
2046	31.19
2047	4.44
2048	9.61
2049	10.03
2050	10.52
2051	32.37
2052	3.26
2053	18.5
2054	19.97
2055	7.86
2056	6.48
2057	20.85
2058	10.96
2059	24.95
2060	10.58
2061	27.81
2062	10.21
2063	14.0
2064	27.16
2065	3.22
2066	15.75
2067	13.11
2068	11.81
2069	0.75
2070	15.93
2071	16.87
2072	1.59
2073	22.08
2074	28.25
2075	20.48
2076	11.87
2077	8.57
2078	1.58
2079	8.63
2080	4.82
2081	7.47
2082	4.3
2083	1.83
2084	7.92
2085	7.68
2086	7.63
2087	25.22
2088	17.54
2089	18.6
2090	22.96
2091	3.47
2092	2.33
2093	15.48
2094	23.69
2095	9.17
2096	23.49
2097	23.05
2098	17.82
2099	13.58
2100	0.2
2101	11.57
2102	13.91
2103	20.19
2104	7.19
2105	20.12
2106	13.81
2107	24.59
2108	10.41
2109	7.39
2110	0.89
2111	4.28
2112	20.52
2113	11.99
2114	20.51
2115	18.42
2116	8.72
2117	2.65
2118	3.78
2119	1.69
2120	14.39
2121	10.9
2122	6.62
2123	13.27
2124	11.02
2125	19.21
2126	29.01
2127	1.88
2128	17.59
2129	4.39
2130	0.68
2131	9.52
2132	24.48
2133	16.18
2134	10.1
2135	8.38
2136	1.83
2137	15.49
2138	24.38
2139	6.06
2140	0.78
2141	15.91
2142	4.64
2143	9.62
2144	3.3
2145	16.04
2146	10.03
2147	11.71
2148	26.76
2149	10.58
2150	13.27
2151	18.44
2152	6.17
2153	12.63
2154	13.24
2155	24.55
2156	8.59
2157	22.68
2158	7.23
2159	3.64
2160	0.64
2161	3.49
2162	18.81
2163	9.53
2164	4.36
2165	27.02
2166	5.28
2167	14.36
2168	19.93
2169	17.99
2170	11.67
2171	16.18
2172	0.87
2173	2.92
2174	13.38
2175	5.78
2176	21.91
2177	12.68
2178	2.07
2179	10.04
2180	9.59
2181	10.95
2182	13.86
2183	10.75
2184	28.82
2185	15.35
2186	8.18
2187	7.34
2188	21.11
2189	17.72
2190	2.22
2191	16.18
2192	15.86
2193	15.62
2194	3.85
2195	10.49
2196	16.15
2197	2.83
2198	9.29
2199	11.55
2200	11.32
2201	5.49
2202	2.2
2203	4.66
2204	6.72
2205	1.76
2206	26.45
2207	7.94
2208	27.25
2209	15.89
2210	1.02
2211	26.61
2212	19.01
2213	9.07
2214	5.02
2215	5.93
2216	11.05
2217	33.13
2218	18.33
2219	3.84
2220	13.05
2221	10.68
2222	19.38
2223	15.07
2224	3.92
2225	11.73
2226	5.73
2227	9.48
2228	2.38
2229	24.36
2230	16.33
2231	31.06
2232	18.32
2233	0.05
2234	9.7
2235	14.17
2236	17.47
2237	5.8
2238	28.99
2239	7.41
2240	6.26
2241	11.04
2242	3.57
2243	2.68
2244	17.77
2245	7.95
2246	3.21
2247	15.39
2248	8.95
2249	14.32
2250	5.76
2251	6.68
2252	5.8
2253	3.07
2254	19.87
2255	22.27
2256	16.5
2257	15.04
2258	12.85
2259	23.11
2260	12.19
2261	8.67
2262	4.84
2263	23.73
2264	11.17
2265	11.24
2266	6.67
2267	11.93
2268	15.21
2269	18.57
2270	11.47
2271	19.57
2272	19.67
2273	22.77
2274	17.43
2275	6.96
2276	0.47
2277	8.2
2278	19.96
2279	12.22
2280	10.44
2281	15.83
2282	3.47
2283	0.04
2284	2.04
2285	3.36
2286	22.47
2287	11.0
2288	6.46
2289	4.71
2290	0.09
2291	23.89
2292	4.21
2293	0.41
2294	23.37
2295	5.79
2296	12.28
2297	6.98
2298	16.79
2299	17.51
2300	9.79
2301	23.26
2302	0.13
2303	34.52
2304	7.89
2305	22.48
2306	2.99
2307	11.78
2308	18.5
2309	14.3
2310	6.85
2311	3.53
2312	7.74
2313	16.74
2314	17.57
2315	12.87
2316	10.21
2317	0.63
2318	9.67
2319	13.44
2320	6.52
2321	17.87
2322	10.66
2323	20.11
2324	15.63
2325	1.28
2326	16.53
2327	6.11
2328	30.7
2329	5.83
2330	11.36
2331	22.07
2332	6.56
2333	13.44
2334	5.16
2335	8.99
2336	10.32
2337	22.04
2338	13.1
2339	0.95
2340	5.48
2341	8.06
2342	8.77
2343	7.38
2344	23.62
2345	7.65
2346	8.41
2347	28.28
2348	6.39
2349	5.6
2350	19.22
2351	8.27
2352	26.98
2353	16.29
2354	27.53
2355	26.91
2356	23.16
2357	27.06
2358	14.68
2359	29.33
2360	17.6
2361	9.87
2362	5.52
2363	1.14
2364	10.44
2365	7.23
2366	2.06
2367	1.06
2368	5.6
2369	7.51
2370	13.64
2371	2.51
2372	2.51
2373	10.3
2374	27.52
2375	25.74
2376	2.59
2377	8.15
2378	2.01
2379	6.95
2380	7.74
2381	4.39
2382	4.59
2383	13.04
2384	13.5
2385	3.27
2386	22.43
2387	27.63
2388	23.11
2389	5.61
2390	12.86
2391	21.0
2392	7.17
2393	11.39
2394	12.48
2395	14.23
2396	7.48
2397	2.63
2398	1.0
2399	17.75
2400	5.48
2401	0.91
2402	19.88
2403	4.68
2404	2.04
2405	17.3
2406	3.31
2407	12.29
2408	14.59
2409	7.4
2410	20.22
2411	22.99
2412	0.05
2413	13.23
2414	1.14
2415	11.57
2416	23.7
2417	18.29
2418	7.91
2419	15.08
2420	29.83
2421	0.13
2422	8.85
2423	12.98
2424	8.62
2425	3.31
2426	9.01
2427	14.02
2428	11.81
2429	1.49
2430	9.45
2431	1.05
2432	6.38
2433	9.58
2434	6.15
2435	6.78
2436	9.91
2437	17.11
2438	24.01
2439	16.33
2440	9.62
2441	5.13
2442	7.89
2443	17.14
2444	2.41
2445	29.56
2446	4.17
2447	5.68
2448	7.18
2449	6.61
2450	2.13
2451	14.88
2452	0.53
2453	12.34
2454	9.1
2455	19.28
2456	2.14
2457	3.47
2458	14.96
2459	8.36
2460	2.04
2461	17.36
2462	11.95
2463	2.01
2464	29.37
2465	16.44
2466	15.71
2467	11.05
2468	4.22
2469	22.96
2470	15.92
2471	14.7
2472	3.05
2473	3.2
2474	4.31
2475	19.99
2476	24.52
2477	3.56
2478	1.96
2479	12.8
2480	0.84
2481	20.09
2482	11.52
2483	16.09
2484	17.91
2485	3.62
2486	16.84
2487	18.97
2488	28.18
2489	25.63
2490	23.19
2491	16.12
2492	36.29
2493	7.37
2494	14.46
2495	7.29
2496	3.46
2497	3.69
2498	18.48
2499	22.54
2500	10.0
2501	25.59
2502	6.59
2503	14.63
2504	12.82
2505	15.67
2506	7.12
2507	9.63
2508	4.62
2509	17.38
2510	7.45
2511	1.17
2512	5.2
2513	20.0
2514	12.76
2515	22.7
2516	17.17
2517	21.48
2518	17.74
2519	2.3
2520	22.6
2521	17.74
2522	7.62
2523	6.55
2524	7.43
2525	11.07
2526	11.18
2527	8.33
2528	13.52
2529	6.05
2530	16.06
2531	22.49
2532	24.23
2533	5.87
2534	21.88
2535	25.56
2536	5.39
2537	3.86
2538	7.48
2539	0.19
2540	4.73
2541	31.59
2542	7.56
2543	16.78
2544	14.99
2545	21.55
2546	0.02
2547	1.45
2548	1.93
2549	8.1
2550	11.77
2551	5.55
2552	9.24
2553	2.47
2554	19.16
2555	12.22
2556	14.49
2557	17.24
2558	17.66
2559	8.3
2560	6.82
2561	7.85
2562	4.69
2563	21.9
2564	29.77
2565	6.16
2566	13.17
2567	25.66
2568	32.98
2569	32.39
2570	12.52
2571	10.6
2572	16.81
2573	4.17
2574	2.81
2575	16.58
2576	2.07
2577	0.49
2578	4.34
2579	8.33
2580	23.72
2581	17.04
2582	15.45
2583	0.91
2584	16.17
2585	17.74
2586	6.62
2587	17.85
2588	15.82
2589	3.5
2590	21.83
2591	13.55
2592	16.13
2593	25.57
2594	29.45
2595	11.79
2596	10.0
2597	21.79
2598	29.16
2599	13.41
2600	26.58
2601	26.65
2602	19.83
2603	17.79
2604	11.59
2605	4.31
2606	8.23
2607	33.23
2608	30.44
2609	6.61
2610	6.11
2611	21.44
2612	5.3
2613	0.75
2614	23.57
2615	10.56
2616	9.55
2617	14.7
2618	20.13
2619	12.95
2620	6.6
2621	19.15
2622	11.08
2623	19.49
2624	7.5
2625	5.37
2626	1.66
2627	20.25
2628	0.38
2629	23.51
2630	4.44
2631	17.87
2632	1.62
2633	7.95
2634	0.18
2635	2.81
2636	6.81
2637	23.33
2638	6.16
2639	10.95
2640	5.02
2641	8.45
2642	11.89
2643	13.9
2644	6.39
2645	23.27
2646	4.84
2647	2.86
2648	8.13
2649	15.33
2650	3.03
2651	7.9
2652	10.38
2653	29.62
2654	9.52
2655	11.89
2656	13.73
2657	26.71
2658	12.83
2659	12.13
2660	19.13
2661	16.87
2662	15.17
2663	6.74
2664	1.02
2665	2.07
2666	10.55
2667	26.81
2668	35.58
2669	25.7
2670	9.24
2671	10.2
2672	18.91
2673	14.43
2674	35.29
2675	2.47
2676	14.33
2677	9.95
2678	3.81
2679	7.19
2680	11.72
2681	7.85
2682	12.57
2683	0.83
2684	6.89
2685	20.83
2686	7.12
2687	24.2
2688	12.65
2689	24.55
2690	16.3
2691	5.25
2692	25.46
2693	15.28
2694	22.72
2695	11.65
2696	21.08
2697	3.72
2698	3.41
2699	15.06
2700	20.35
2701	5.75
2702	7.0
2703	0.95
2704	24.38
2705	15.18
2706	14.55
2707	8.13
2708	10.49
2709	6.23
2710	17.47
2711	12.43
2712	4.4
2713	9.42
2714	15.64
2715	5.47
2716	20.21
2717	7.05
2718	9.34
2719	13.14
2720	16.45
2721	8.42
2722	17.69
2723	14.42
2724	2.34
2725	6.11
2726	7.81
2727	35.96
2728	21.39
2729	10.93
2730	10.38
2731	1.78
2732	0.28
2733	18.62
2734	0.14
2735	30.26
2736	17.57
2737	9.91
2738	18.97
2739	20.28
2740	13.4
2741	12.63
2742	5.01
2743	7.24
2744	13.31
2745	7.16
2746	22.42
2747	22.41
2748	6.38
2749	1.46
2750	16.97
2751	22.8
2752	12.39
2753	7.84
2754	8.03
2755	7.21
2756	5.38
2757	13.94
2758	28.96
2759	4.0
2760	13.75
2761	12.87
2762	12.87
2763	3.56
2764	8.29
2765	4.2
2766	19.82
2767	28.15
2768	21.2
2769	24.83
2770	8.87
2771	15.43
2772	5.52
2773	4.43
2774	3.14
2775	5.43
2776	12.14
2777	22.13
2778	14.05
2779	2.54
2780	7.27
2781	9.99
2782	18.73
2783	24.52
2784	9.17
2785	17.36
2786	16.38
2787	16.13
2788	21.68
2789	19.94
2790	2.55
2791	21.66
2792	1.85
2793	6.28
2794	21.31
2795	4.48
2796	31.6
2797	11.02
2798	12.33
2799	8.88
2800	10.13
2801	4.1
2802	22.88
2803	16.81
2804	13.72
2805	19.85
2806	5.49
2807	12.82
2808	15.13
2809	15.97
2810	1.89
2811	15.96
2812	15.54
2813	11.61
2814	19.85
2815	18.51
2816	6.52
2817	14.37
2818	12.94
2819	23.35
2820	9.76
2821	7.76
2822	8.36
2823	8.58
2824	6.68
2825	4.96
2826	15.48
2827	13.78
2828	15.08
2829	18.83
2830	3.02
2831	1.92
2832	15.35
2833	8.58
2834	13.73
2835	18.21
2836	19.13
2837	9.21
2838	3.98
2839	20.0
2840	14.79
2841	15.23
2842	24.62
2843	12.15
2844	18.43
2845	26.68
2846	13.13
2847	6.22
2848	9.57
2849	2.16
2850	15.47
2851	7.67
2852	6.73
2853	16.2
2854	25.37
2855	14.74
2856	16.94
2857	5.11
2858	14.44
2859	24.64
2860	20.58
2861	1.12
2862	2.56
2863	5.56
2864	11.76
2865	10.4
2866	15.11
2867	8.87
2868	21.68
2869	8.87
2870	1.1
2871	12.47
2872	17.42
2873	10.51
2874	1.34
2875	12.07
2876	24.26
2877	15.18
2878	10.85
2879	3.33
2880	1.85
2881	1.92
2882	4.23
2883	14.44
2884	8.63
2885	9.96
2886	20.87
2887	11.8
2888	0.06
2889	15.85
2890	20.66
2891	20.1
2892	2.47
2893	20.74
2894	0.36
2895	5.95
2896	27.7
2897	17.3
2898	11.77
2899	7.44
2900	6.03
2901	0.7
2902	19.55
2903	1.06
2904	0.44
2905	4.45
2906	9.29
2907	18.33
2908	6.63
2909	16.14
2910	5.66
2911	13.89
2912	5.82
2913	24.37
2914	6.39
2915	24.29
2916	15.24
2917	0.81
2918	0.97
2919	28.39
2920	33.34
2921	12.88
2922	4.26
2923	24.26
2924	4.04
2925	0.76
2926	12.92
2927	13.99
2928	5.55
2929	32.99
2930	7.88
2931	22.41
2932	12.39
2933	22.86
2934	23.31
2935	26.72
2936	16.15
2937	10.39
2938	5.06
2939	9.27
2940	7.33
2941	19.25
2942	8.85
2943	8.46
2944	3.56
2945	34.01
2946	1.47
2947	6.67
2948	17.02
2949	6.12
2950	4.91
2951	6.03
2952	0.02
2953	22.75
2954	8.32
2955	2.41
2956	0.15
2957	9.34
2958	26.36
2959	10.2
2960	13.3
2961	25.5
2962	19.15
2963	9.72
2964	19.27
2965	1.24
2966	12.89
2967	15.38
2968	28.82
2969	10.07
2970	14.39
2971	22.69
2972	17.7
2973	15.25
2974	5.63
2975	8.18
2976	23.75
2977	16.69
2978	8.79
2979	8.37
2980	8.92
2981	18.66
2982	11.24
2983	7.16
2984	34.49
2985	5.84
2986	24.26
2987	8.83
2988	26.42
2989	15.69
2990	3.72
2991	9.1
2992	32.14
2993	16.11
2994	3.28
2995	13.31
2996	7.4
2997	13.4
2998	11.72
2999	11.28
3000	0.88
3001	2.95
3002	7.04
3003	7.57
3004	3.84
3005	21.57
3006	12.18
3007	8.84
3008	7.61
3009	17.0
3010	7.46
3011	7.27
3012	7.9
3013	1.15
3014	6.45
3015	3.37
3016	29.15
3017	21.07
3018	27.55
3019	2.22
3020	4.81
3021	3.49
3022	6.82
3023	15.39
3024	20.31
3025	10.47
3026	7.29
3027	3.35
3028	16.9
3029	3.17
3030	0.65
3031	0.58
3032	11.41
3033	26.93
3034	6.88
3035	0.94
3036	3.38
3037	6.37
3038	9.76
3039	15.97
3040	39.95
3041	29.74
3042	2.97
3043	28.56
3044	15.8
3045	6.07
3046	4.13
3047	16.1
3048	32.11
3049	0.38
3050	2.59
3051	21.69
3052	27.55
3053	5.42
3054	13.62
3055	7.96
3056	28.51
3057	10.06
3058	14.48
3059	2.16
3060	4.89
3061	7.91
3062	31.04
3063	21.55
3064	10.91
3065	9.28
3066	4.45
3067	25.88
3068	6.68
3069	6.09
3070	8.84
3071	18.7
3072	8.6
3073	20.62
3074	9.78
3075	16.65
3076	9.4
3077	8.74
3078	9.63
3079	21.66
3080	6.8
3081	19.79
3082	11.01
3083	14.04
3084	7.95
3085	12.71
3086	26.99
3087	17.67
3088	8.76
3089	16.12
3090	11.84
3091	2.47
3092	5.35
3093	10.85
3094	3.31
3095	15.79
3096	3.73
3097	14.35
3098	31.2
3099	1.51
3100	1.22
3101	0.13
3102	4.12
3103	17.6
3104	6.74
3105	5.32
3106	15.53
3107	21.79
3108	4.08
3109	21.38
3110	20.86
3111	3.92
3112	4.17
3113	21.14
3114	13.94
3115	9.94
3116	19.38
3117	11.28
3118	10.84
3119	7.56
3120	1.97
3121	27.29
3122	21.28
3123	8.76
3124	13.68
3125	7.89
3126	17.75
3127	14.87
3128	9.39
3129	17.6
3130	2.34
3131	9.72
3132	31.89
3133	4.04
3134	8.49
3135	1.52
3136	26.79
3137	14.16
3138	23.41
3139	3.63
3140	0.46
3141	22.19
3142	11.29
3143	8.62
3144	4.89
3145	11.89
3146	20.34
3147	1.86
3148	29.89
3149	6.89
3150	5.02
3151	28.85
3152	4.1
3153	24.12
3154	11.27
3155	18.4
3156	16.41
3157	14.65
3158	2.96
3159	8.81
3160	1.22
3161	0.51
3162	21.17
3163	1.46
3164	21.77
3165	22.94
3166	14.7
3167	8.97
3168	0.99
3169	6.54
3170	20.01
3171	9.47
3172	12.56
3173	13.51
3174	1.45
3175	9.34
3176	2.96
3177	16.21
3178	0.25
3179	0.83
3180	16.07
3181	2.43
3182	10.69
3183	12.95
3184	6.25
3185	3.59
3186	2.48
3187	1.14
3188	25.55
3189	11.63
3190	16.37
3191	25.62
3192	14.16
3193	9.53
3194	25.74
3195	7.16
3196	18.89
3197	25.47
3198	18.65
3199	7.37
3200	27.18
3201	23.94
3202	11.53
3203	14.0
3204	4.33
3205	0.24
3206	10.58
3207	17.27
3208	9.58
3209	21.25
3210	0.0
3211	3.78
3212	20.34
3213	19.27
3214	8.97
3215	0.72
3216	13.61
3217	5.6
3218	9.17
3219	26.96
3220	5.31
3221	10.87
3222	4.51
3223	3.98
3224	4.11
3225	16.34
3226	7.01
3227	9.18
3228	8.95
3229	18.52
3230	9.67
3231	7.55
3232	18.04
3233	0.55
3234	11.12
3235	3.31
3236	11.21
3237	11.23
3238	18.38
3239	15.95
3240	23.8
3241	14.59
3242	7.82
3243	5.43
3244	39.42
3245	3.09
3246	16.56
3247	10.66
3248	0.82
3249	2.49
3250	15.48
3251	10.54
3252	1.16
3253	8.75
3254	31.66
3255	19.59
3256	7.86
3257	0.34
3258	17.4
3259	30.64
3260	9.11
3261	5.89
3262	20.45
3263	30.39
3264	9.33
3265	5.38
3266	2.31
3267	4.07
3268	7.8
3269	11.29
3270	2.29
3271	12.95
3272	5.96
3273	14.66
3274	1.37
3275	8.19
3276	31.96
3277	7.73
3278	8.12
3279	18.56
3280	9.78
3281	0.77
3282	3.96
3283	31.61
3284	6.46
3285	2.44
3286	5.08
3287	14.19
3288	3.13
3289	5.19
3290	4.99
3291	22.38
3292	1.43
3293	8.21
3294	10.53
3295	7.99
3296	16.05
3297	21.1
3298	9.3
3299	1.69
3300	14.41
3301	11.74
3302	3.43
3303	30.04
3304	14.31
3305	1.09
3306	20.03
3307	26.0
3308	10.46
3309	12.49
3310	13.04
3311	13.05
3312	1.08
3313	18.79
3314	20.84
3315	24.63
3316	11.76
3317	1.39
3318	4.43
3319	25.59
3320	3.32
3321	0.97
3322	16.55
3323	9.87
3324	5.88
3325	9.08
3326	0.17
3327	2.11
3328	10.57
3329	29.74
3330	1.25
3331	5.71
3332	9.17
3333	5.91
3334	27.64
3335	12.22
3336	16.95
3337	6.27
3338	13.66
3339	8.34
3340	1.81
3341	32.8
3342	4.75
3343	24.16
3344	15.03
3345	6.49
3346	23.17
3347	26.37
3348	16.42
3349	17.65
3350	19.46
3351	11.36
3352	0.2
3353	3.55
3354	11.23
3355	14.72
3356	10.85
3357	17.29
3358	8.28
3359	1.38
3360	7.8
3361	20.36
3362	15.41
3363	11.4
3364	23.2
3365	3.06
3366	20.91
3367	6.95
3368	22.69
3369	9.73
3370	22.69
3371	19.87
3372	7.16
3373	6.64
3374	22.1
3375	0.94
3376	12.93
3377	17.2
3378	7.13
3379	24.85
3380	8.35
3381	8.97
3382	4.59
3383	14.62
3384	6.37
3385	11.63
3386	10.16
3387	13.8
3388	5.38
3389	7.94
3390	16.13
3391	1.68
3392	13.68
3393	1.92
3394	8.76
3395	3.6
3396	15.28
3397	6.0
3398	0.42
3399	1.0
3400	1.73
3401	6.33
3402	5.62
3403	4.25
3404	25.76
3405	4.25
3406	10.95
3407	30.92
3408	12.57
3409	15.15
3410	30.96
3411	20.92
3412	25.76
3413	4.69
3414	6.68
3415	6.16
3416	27.52
3417	21.55
3418	22.66
3419	5.49
3420	2.01
3421	11.41
3422	22.19
3423	1.55
3424	2.06
3425	10.47
3426	7.08
3427	11.24
3428	29.44
3429	7.53
3430	7.62
3431	14.99
3432	3.62
3433	5.45
3434	1.5
3435	3.76
3436	11.92
3437	2.31
3438	5.31
3439	23.89
3440	8.79
3441	11.99
3442	28.04
3443	11.16
3444	14.74
3445	12.36
3446	8.23
3447	9.46
3448	5.3
3449	8.83
3450	25.16
3451	5.89
3452	2.71
3453	9.34
3454	12.66
3455	15.06
3456	7.69
3457	15.83
3458	7.89
3459	8.7
3460	1.31
3461	8.29
3462	2.98
3463	0.56
3464	26.57
3465	12.05
3466	4.8
3467	7.68
3468	23.58
3469	20.81
3470	10.65
3471	14.96
3472	13.27
3473	3.94
3474	15.44
3475	8.36
3476	7.33
3477	6.86
3478	0.28
3479	6.88
3480	1.93
3481	9.6
3482	3.88
3483	7.49
3484	5.73
3485	12.75
3486	14.74
3487	2.57
3488	6.94
3489	18.06
3490	4.03
3491	29.18
3492	11.17
3493	4.88
3494	6.56
3495	3.55
3496	10.86
3497	12.68
3498	8.28
3499	11.96
3500	15.58
3501	6.63
3502	16.36
3503	19.14
3504	1.97
3505	16.77
3506	30.54
3507	8.58
3508	28.93
3509	29.32
3510	4.51
3511	5.88
3512	7.29
3513	1.99
3514	5.85
3515	21.41
3516	5.31
3517	5.99
3518	2.4
3519	10.07
3520	5.99
3521	0.68
3522	25.28
3523	34.75
3524	21.27
3525	20.31
3526	14.75
3527	14.24
3528	14.95
3529	2.23
3530	10.25
3531	8.35
3532	18.21
3533	19.54
3534	6.73
3535	15.24
3536	8.94
3537	8.68
3538	3.35
3539	0.99
3540	11.97
3541	1.62
3542	6.72
3543	21.01
3544	19.63
3545	25.79
3546	21.98
3547	13.16
3548	10.02
3549	15.26
3550	21.51
3551	10.49
3552	7.8
3553	12.59
3554	2.76
3555	20.9
3556	11.28
3557	12.32
3558	12.51
3559	16.11
3560	9.7
3561	26.44
3562	16.13
3563	13.02
3564	9.61
3565	23.58
3566	11.51
3567	12.72
3568	1.57
3569	7.24
3570	8.09
3571	21.27
3572	19.16
3573	10.67
3574	19.51
3575	10.82
3576	38.01
3577	19.3
3578	12.04
3579	7.8
3580	5.0
3581	1.83
3582	1.6
3583	8.52
3584	1.37
3585	2.7
3586	21.04
3587	3.87
3588	0.35
3589	10.69
3590	10.84
3591	8.85
3592	10.93
3593	11.61
3594	0.11
3595	3.81
3596	13.94
3597	10.56
3598	34.86
3599	9.26
3600	16.68
3601	5.32
3602	23.28
3603	19.05
3604	10.09
3605	3.31
3606	13.12
3607	2.73
3608	7.25
3609	0.63
3610	17.84
3611	16.8
3612	0.36
3613	26.21
3614	7.1
3615	14.84
3616	0.96
3617	8.86
3618	5.62
3619	19.06
3620	15.72
3621	6.56
3622	24.23
3623	4.12
3624	29.51
3625	4.53
3626	16.01
3627	4.53
3628	33.75
3629	17.82
3630	2.58
3631	12.67
3632	0.77
3633	19.9
3634	34.06
3635	12.23
3636	1.69
3637	1.15
3638	30.13
3639	19.88
3640	14.82
3641	4.0
3642	13.8
3643	26.27
3644	2.41
3645	19.93
3646	2.99
3647	17.54
3648	0.13
3649	1.57
3650	5.44
3651	21.69
3652	16.1
3653	7.32
3654	0.63
3655	37.69
3656	8.83
3657	18.55
3658	0.82
3659	29.79
3660	4.31
3661	11.14
3662	0.95
3663	4.12
3664	6.54
3665	18.13
3666	12.1
3667	8.87
3668	10.17
3669	28.63
3670	9.98
3671	12.1
3672	10.45
3673	12.14
3674	15.61
3675	2.18
3676	35.76
3677	3.01
3678	21.52
3679	10.65
3680	11.32
3681	3.39
3682	9.83
3683	10.2
3684	6.91
3685	14.29
3686	7.25
3687	13.66
3688	10.27
3689	3.55
3690	28.48
3691	13.13
3692	7.93
3693	11.79
3694	27.18
3695	7.68
3696	1.54
3697	6.69
3698	1.64
3699	14.56
3700	15.29
3701	2.51
3702	9.84
3703	0.06
3704	6.46
3705	1.86
3706	3.47
3707	23.45
3708	19.97
3709	17.4
3710	3.21
3711	11.62
3712	8.44
3713	21.09
3714	14.62
3715	19.13
3716	23.52
3717	0.14
3718	5.15
3719	25.91
3720	14.28
3721	8.44
3722	22.55
3723	16.48
3724	12.01
3725	7.05
3726	6.48
3727	6.96
3728	7.73
3729	20.35
3730	14.46
3731	1.06
3732	3.47
3733	7.14
3734	8.66
3735	9.82
3736	13.51
3737	4.61
3738	13.81
3739	6.32
3740	24.25
3741	12.56
3742	26.76
3743	14.26
3744	18.08
3745	8.12
3746	13.04
3747	24.1
3748	5.64
3749	17.86
3750	2.48
3751	7.65
3752	2.53
3753	9.65
3754	16.32
3755	25.18
3756	3.93
3757	15.76
3758	15.72
3759	18.86
3760	26.74
3761	24.45
3762	14.62
3763	0.51
3764	12.09
3765	15.54
3766	20.7
3767	16.83
3768	15.5
3769	13.75
3770	6.39
3771	22.81
3772	13.92
3773	16.47
3774	25.23
3775	2.38
3776	4.43
3777	0.38
3778	26.4
3779	5.62
3780	19.17
3781	0.36
3782	1.2
3783	4.58
3784	9.13
3785	3.29
3786	13.88
3787	12.43
3788	20.99
3789	11.16
3790	17.47
3791	27.24
3792	8.79
3793	26.29
3794	3.68
3795	9.22
3796	7.98
3797	11.38
3798	19.26
3799	14.06
3800	9.52
3801	17.16
3802	17.95
3803	6.21
3804	9.28
3805	17.88
3806	16.15
3807	23.0
3808	9.65
3809	13.7
3810	16.75
3811	27.19
3812	5.6
3813	10.62
3814	5.04
3815	8.52
3816	15.52
3817	14.22
3818	19.78
3819	12.75
3820	12.46
3821	29.87
3822	22.28
3823	22.27
3824	4.79
3825	24.23
3826	20.49
3827	8.26
3828	14.86
3829	1.0
3830	20.77
3831	10.5
3832	6.97
3833	2.97
3834	15.2
3835	11.32
3836	3.66
3837	13.33
3838	13.17
3839	13.22
3840	21.44
3841	4.14
3842	1.38
3843	14.12
3844	4.52
3845	27.64
3846	2.72
3847	0.45
3848	15.56
3849	25.59
3850	20.11
3851	3.74
3852	18.7
3853	11.74
3854	12.32
3855	19.7
3856	10.37
3857	16.82
3858	1.81
3859	4.01
3860	3.61
3861	10.82
3862	9.71
3863	26.81
3864	14.19
3865	1.65
3866	0.17
3867	34.0
3868	13.05
3869	10.39
3870	30.44
3871	1.43
3872	11.07
3873	16.69
3874	15.39
3875	26.85
3876	16.18
3877	2.95
3878	7.07
3879	17.61
3880	24.17
3881	31.17
3882	11.76
3883	5.22
3884	5.81
3885	21.46
3886	3.88
3887	15.75
3888	5.23
3889	17.54
3890	7.28
3891	4.98
3892	12.27
3893	12.79
3894	27.4
3895	31.21
3896	33.13
3897	20.97
3898	4.79
3899	16.93
3900	14.22
3901	18.5
3902	13.07
3903	2.96
3904	10.89
3905	7.54
3906	2.42
3907	9.67
3908	24.25
3909	7.41
3910	17.26
3911	34.06
3912	0.81
3913	7.36
3914	14.98
3915	6.29
3916	7.91
3917	3.91
3918	8.41
3919	4.59
3920	18.73
3921	13.16
3922	14.5
3923	6.53
3924	7.31
3925	4.46
3926	13.21
3927	4.26
3928	12.6
3929	1.77
3930	7.4
3931	7.36
3932	2.07
3933	6.81
3934	2.54
3935	3.74
3936	12.41
3937	11.52
3938	10.13
3939	19.4
3940	8.08
3941	14.13
3942	3.33
3943	4.5
3944	24.94
3945	27.92
3946	4.96
3947	12.53
3948	16.48
3949	5.07
3950	16.72
3951	19.33
3952	2.28
3953	24.16
3954	10.19
3955	25.03
3956	20.83
3957	3.02
3958	4.76
3959	20.21
3960	18.39
3961	2.37
3962	4.37
3963	31.33
3964	17.51
3965	3.14
3966	16.24
3967	2.97
3968	27.85
3969	10.08
3970	2.1
3971	4.48
3972	8.42
3973	1.02
3974	20.28
3975	8.86
3976	14.13
3977	8.31
3978	7.22
3979	11.07
3980	0.46
3981	2.32
3982	11.84
3983	13.12
3984	11.63
3985	20.14
3986	8.71
3987	8.99
3988	13.44
3989	2.92
3990	12.8
3991	1.44
3992	14.99
3993	19.54
3994	6.73
3995	17.18
3996	14.94
3997	8.14
3998	14.48
3999	0.55
4000	3.58
4001	4.64
4002	31.86
4003	9.63
4004	11.63
4005	6.29
4006	21.85
4007	11.84
4008	20.67
4009	6.76
4010	7.73
4011	3.17
4012	5.66
4013	7.16
4014	6.68
4015	10.39
4016	5.9
4017	15.91
4018	0.56
4019	12.79
4020	7.07
4021	14.97
4022	5.52
4023	20.58
4024	6.86
4025	19.23
4026	5.96
4027	5.33
4028	5.32
4029	13.91
4030	16.45
4031	3.99
4032	0.39
4033	9.51
4034	1.53
4035	10.34
4036	5.06
4037	15.89
4038	2.53
4039	7.45
4040	1.05
4041	2.37
4042	1.07
4043	3.41
4044	13.9
4045	6.25
4046	13.91
4047	8.42
4048	11.8
4049	18.37
4050	18.71
4051	7.14
4052	20.14
4053	10.57
4054	5.48
4055	19.17
4056	9.3
4057	11.81
4058	20.11
4059	6.14
4060	15.96
4061	17.02
4062	4.17
4063	13.76
4064	4.68
4065	18.09
4066	21.94
4067	3.83
4068	1.93
4069	15.41
4070	8.57
4071	13.95
4072	8.2
4073	24.96
4074	24.24
4075	34.57
4076	13.75
4077	27.95
4078	13.2
4079	10.7
4080	21.76
4081	13.61
4082	14.38
4083	16.62
4084	9.27
4085	4.21
4086	24.79
4087	3.46
4088	16.44
4089	10.24
4090	11.0
4091	7.89
4092	8.25
4093	29.01
4094	1.21
4095	9.28
4096	32.53
4097	1.59
4098	2.15
4099	15.41
4100	6.15
4101	9.53
4102	20.77
4103	12.9
4104	12.86
4105	17.13
4106	6.94
4107	5.76
4108	25.52
4109	15.63
4110	27.45
4111	4.57
4112	1.12
4113	6.76
4114	3.74
4115	4.87
4116	32.4
4117	0.83
4118	2.04
4119	28.06
4120	17.99
4121	3.68
4122	9.04
4123	10.52
4124	9.76
4125	9.68
4126	16.92
4127	7.64
4128	21.43
4129	21.49
4130	5.29
4131	18.64
4132	27.54
4133	28.39
4134	11.93
4135	16.99
4136	15.47
4137	24.21
4138	18.39
4139	11.02
4140	21.97
4141	32.01
4142	8.13
4143	3.2
4144	23.3
4145	10.32
4146	7.89
4147	23.07
4148	1.87
4149	25.87
4150	10.68
4151	7.48
4152	16.2
4153	9.33
4154	15.4
4155	0.17
4156	6.19
4157	16.16
4158	10.17
4159	3.73
4160	7.94
4161	5.24
4162	2.35
4163	2.64
4164	10.2
4165	1.67
4166	1.72
4167	14.59
4168	18.96
4169	5.2
4170	12.52
4171	0.54
4172	12.91
4173	6.3
4174	20.64
4175	2.36
4176	4.41
4177	22.16
4178	7.89
4179	5.94
4180	5.28
4181	0.07
4182	7.56
4183	23.62
4184	17.79
4185	37.11
4186	10.35
4187	18.5
4188	10.79
4189	6.32
4190	14.78
4191	21.79
4192	19.56
4193	17.75
4194	3.43
4195	10.71
4196	13.61
4197	18.18
4198	14.51
4199	22.86
4200	37.57
4201	3.75
4202	9.03
4203	15.1
4204	18.98
4205	5.79
4206	5.19
4207	19.4
4208	14.28
4209	13.9
4210	16.16
4211	26.91
4212	11.01
4213	11.67
4214	8.98
4215	5.7
4216	4.18
4217	7.08
4218	15.53
4219	21.71
4220	18.99
4221	0.63
4222	4.06
4223	4.13
4224	5.88
4225	19.89
4226	23.6
4227	18.54
4228	7.88
4229	10.49
4230	11.46
4231	24.0
4232	12.19
4233	11.19
4234	3.13
4235	38.07
4236	2.28
4237	14.97
4238	13.92
4239	5.89
4240	16.5
4241	1.32
4242	8.96
4243	7.72
4244	25.17
4245	10.22
4246	22.43
4247	1.33
4248	10.57
4249	16.47
4250	1.15
4251	3.64
4252	15.16
4253	14.83
4254	16.78
4255	23.74
4256	7.62
4257	16.64
4258	14.5
4259	9.68
4260	1.75
4261	15.04
4262	8.56
4263	35.21
4264	7.44
4265	24.78
4266	11.14
4267	7.92
4268	24.86
4269	12.23
4270	15.32
4271	1.82
4272	10.51
4273	7.62
4274	20.23
4275	28.1
4276	39.56
4277	30.28
4278	6.33
4279	5.91
4280	10.2
4281	6.92
4282	11.43
4283	15.95
4284	15.89
4285	20.72
4286	9.56
4287	34.94
4288	6.71
4289	13.72
4290	0.76
4291	10.3
4292	8.35
4293	15.33
4294	10.46
4295	5.25
4296	7.08
4297	5.16
4298	20.94
4299	19.27
4300	15.18
4301	3.47
4302	14.36
4303	2.91
4304	9.44
4305	6.01
4306	6.1
4307	1.33
4308	20.28
4309	9.42
4310	8.0
4311	1.84
4312	8.9
4313	8.74
4314	10.54
4315	9.97
4316	20.46
4317	20.85
4318	4.9
4319	33.93
4320	4.93
4321	0.8
4322	2.51
4323	33.33
4324	5.2
4325	2.05
4326	19.7
4327	6.74
4328	9.93
4329	2.45
4330	9.03
4331	11.04
4332	17.44
4333	38.05
4334	16.94
4335	21.65
4336	3.18
4337	15.52
4338	10.45
4339	14.84
4340	9.48
4341	9.89
4342	14.28
4343	8.51
4344	22.04
4345	11.45
4346	9.81
4347	2.54
4348	35.99
4349	17.05
4350	14.91
4351	9.13
4352	3.75
4353	1.77
4354	2.13
4355	3.69
4356	7.58
4357	18.13
4358	5.08
4359	29.8
4360	37.62
4361	4.73
4362	26.46
4363	10.74
4364	20.04
4365	9.26
4366	24.56
4367	17.12
4368	23.43
4369	9.19
4370	10.5
4371	23.99
4372	15.8
4373	12.4
4374	6.44
4375	7.12
4376	6.28
4377	4.43
4378	14.22
4379	17.0
4380	12.74
4381	7.74
4382	11.12
4383	5.03
4384	23.74
4385	10.32
4386	15.63
4387	16.63
4388	7.79
4389	17.23
4390	8.3
4391	0.63
4392	8.9
4393	10.96
4394	7.4
4395	5.92
4396	7.41
4397	3.0
4398	13.25
4399	13.07
4400	0.83
4401	10.31
4402	1.28
4403	14.04
4404	22.48
4405	8.64
4406	10.62
4407	15.21
4408	3.01
4409	1.96
4410	17.88
4411	24.15
4412	2.86
4413	4.19
4414	16.87
4415	0.17
4416	16.03
4417	8.52
4418	20.76
4419	16.79
4420	11.42
4421	2.42
4422	0.19
4423	17.79
4424	5.4
4425	15.52
4426	6.42
4427	13.77
4428	28.37
4429	9.58
4430	13.39
4431	9.09
4432	15.53
4433	2.61
4434	25.38
4435	17.71
4436	20.67
4437	10.86
4438	2.42
4439	23.83
4440	24.5
4441	14.96
4442	10.92
4443	11.14
4444	16.79
4445	4.85
4446	13.63
4447	8.73
4448	0.13
4449	4.12
4450	7.18
4451	15.34
4452	18.12
4453	3.62
4454	13.42
4455	6.73
4456	35.03
4457	2.02
4458	18.29
4459	12.92
4460	12.54
4461	12.41
4462	29.04
4463	8.1
4464	6.24
4465	9.36
4466	20.87
4467	5.62
4468	24.91
4469	19.17
4470	5.01
4471	20.12
4472	24.68
4473	1.41
4474	19.27
4475	6.74
4476	4.73
4477	14.41
4478	11.42
4479	9.7
4480	4.96
4481	21.1
4482	22.26
4483	9.81
4484	3.8
4485	25.23
4486	28.9
4487	7.01
4488	0.14
4489	18.94
4490	3.94
4491	26.15
4492	17.71
4493	1.99
4494	6.08
4495	0.61
4496	4.13
4497	2.31
4498	8.91
4499	9.87
4500	9.25
4501	17.41
4502	1.53
4503	5.42
4504	13.66
4505	6.61
4506	30.73
4507	23.66
4508	0.02
4509	36.35
4510	8.76
4511	12.75
4512	6.75
4513	2.94
4514	11.32
4515	22.83
4516	1.69
4517	6.1
4518	9.78
4519	7.67
4520	9.95
4521	19.76
4522	9.97
4523	9.79
4524	19.88
4525	38.51
4526	33.97
4527	18.58
4528	5.25
4529	16.82
4530	14.92
4531	16.15
4532	2.52
4533	33.72
4534	15.02
4535	27.89
4536	7.53
4537	4.15
4538	1.9
4539	16.12
4540	22.54
4541	9.3
4542	22.79
4543	46.95
4544	1.88
4545	3.77
4546	1.82
4547	21.09
4548	21.83
4549	13.93
4550	12.12
4551	10.33
4552	10.6
4553	6.21
4554	7.04
4555	13.1
4556	18.47
4557	7.5
4558	11.31
4559	3.32
4560	0.14
4561	1.55
4562	25.64
4563	17.51
4564	12.57
4565	3.11
4566	19.93
4567	5.86
4568	17.43
4569	23.81
4570	20.29
4571	1.42
4572	28.64
4573	13.2
4574	13.52
4575	9.22
4576	13.12
4577	6.52
4578	4.71
4579	10.19
4580	17.81
4581	13.36
4582	13.71
4583	1.5
4584	3.86
4585	10.06
4586	17.75
4587	0.77
4588	2.09
4589	8.77
4590	4.56
4591	20.91
4592	0.42
4593	1.57
4594	14.29
4595	23.03
4596	30.48
4597	9.88
4598	8.58
4599	19.78
4600	21.93
4601	0.53
4602	16.31
4603	19.91
4604	1.07
4605	0.95
4606	14.49
4607	23.02
4608	23.97
4609	1.02
4610	28.85
4611	6.98
4612	6.32
4613	12.95
4614	14.41
4615	7.89
4616	22.06
4617	17.61
4618	12.13
4619	13.84
4620	6.96
4621	36.42
4622	27.92
4623	8.87
4624	16.5
4625	18.52
4626	28.18
4627	21.65
4628	6.55
4629	21.94
4630	25.8
4631	12.84
4632	3.5
4633	25.01
4634	2.58
4635	6.5
4636	10.05
4637	15.32
4638	26.88
4639	9.45
4640	2.52
4641	0.74
4642	12.16
4643	0.52
4644	32.66
4645	5.4
4646	6.34
4647	9.87
4648	12.06
4649	5.63
4650	14.85
4651	16.75
4652	11.97
4653	11.71
4654	11.38
4655	8.25
4656	32.88
4657	15.09
4658	12.36
4659	6.75
4660	15.88
4661	11.04
4662	18.39
4663	5.8
4664	2.03
4665	0.9
4666	20.08
4667	17.18
4668	14.28
4669	13.85
4670	12.41
4671	5.26
4672	14.38
4673	8.53
4674	6.67
4675	21.82
4676	1.95
4677	8.8
4678	24.88
4679	24.2
4680	6.18
4681	15.38
4682	5.25
4683	23.52
4684	0.86
4685	13.98
4686	4.46
4687	14.85
4688	9.02
4689	1.77
4690	2.36
4691	19.03
4692	29.8
4693	0.59
4694	10.49
4695	19.65
4696	6.2
4697	7.48
4698	22.74
4699	1.08
4700	2.15
4701	25.14
4702	3.38
4703	19.51
4704	19.4
4705	22.64
4706	10.4
4707	6.9
4708	22.42
4709	21.9
4710	12.37
4711	4.29
4712	3.46
4713	7.85
4714	6.41
4715	15.4
4716	12.01
4717	0.41
4718	7.12
4719	1.24
4720	13.35
4721	14.56
4722	2.38
4723	35.79
4724	20.24
4725	36.83
4726	1.35
4727	5.88
4728	2.95
4729	19.41
4730	2.99
4731	9.79
4732	11.08
4733	16.5
4734	17.75
4735	22.93
4736	13.6
4737	20.74
4738	19.27
4739	17.38
4740	12.27
4741	11.43
4742	12.88
4743	1.22
4744	15.86
4745	33.27
4746	9.12
4747	6.96
4748	20.22
4749	5.64
4750	30.58
4751	18.34
4752	1.1
4753	5.73
4754	5.39
4755	11.87
4756	7.41
4757	3.21
4758	14.84
4759	3.08
4760	2.31
4761	39.58
4762	2.06
4763	3.19
4764	3.08
4765	43.03
4766	13.54
4767	3.54
4768	9.72
4769	23.96
4770	7.42
4771	16.12
4772	19.2
4773	20.74
4774	7.05
4775	4.84
4776	11.55
4777	36.09
4778	2.09
4779	14.71
4780	10.0
4781	31.82
4782	15.93
4783	1.3
4784	16.58
4785	6.74
4786	14.67
4787	12.78
4788	4.35
4789	14.49
4790	2.83
4791	17.0
4792	3.09
4793	15.71
4794	20.9
4795	25.96
4796	9.76
4797	10.81
4798	23.14
4799	17.77
4800	6.9
4801	12.69
4802	21.97
4803	1.81
4804	9.82
4805	6.28
4806	6.4
4807	3.67
4808	21.56
4809	14.78
4810	29.37
4811	4.55
4812	12.09
4813	8.24
4814	27.84
4815	7.23
4816	10.35
4817	9.43
4818	21.67
4819	18.56
4820	12.31
4821	9.14
4822	2.71
4823	1.62
4824	25.99
4825	11.84
4826	6.57
4827	4.61
4828	8.29
4829	16.37
4830	15.09
4831	2.65
4832	6.54
4833	14.32
4834	6.57
4835	28.68
4836	27.91
4837	10.42
4838	0.62
4839	6.45
4840	5.85
4841	2.25
4842	7.61
4843	6.99
4844	0.68
4845	29.63
4846	25.63
4847	45.92
4848	19.04
4849	5.71
4850	10.29
4851	16.66
4852	5.93
4853	13.0
4854	22.62
4855	1.4
4856	15.26
4857	1.96
4858	10.46
4859	4.85
4860	23.07
4861	6.43
4862	22.73
4863	4.39
4864	1.27
4865	20.01
4866	10.09
4867	8.91
4868	18.37
4869	36.43
4870	7.23
4871	2.98
4872	3.58
4873	2.22
4874	11.29
4875	10.26
4876	19.9
4877	28.62
4878	3.35
4879	26.58
4880	24.15
4881	14.05
4882	9.64
4883	4.5
4884	11.45
4885	15.41
4886	21.17
4887	16.47
4888	16.61
4889	14.53
4890	19.2
4891	9.39
4892	5.02
4893	13.2
4894	4.93
4895	16.75
4896	4.44
4897	12.48
4898	23.31
4899	4.04
4900	12.21
4901	11.78
4902	13.8
4903	10.98
4904	4.66
4905	1.74
4906	0.76
4907	7.45
4908	20.65
4909	25.97
4910	3.76
4911	5.18
4912	17.49
4913	0.91
4914	3.47
4915	24.49
4916	1.9
4917	28.63
4918	24.44
4919	13.28
4920	10.33
4921	9.73
4922	27.4
4923	12.22
4924	11.06
4925	17.48
4926	7.02
4927	18.2
4928	0.51
4929	2.16
4930	14.16
4931	25.07
4932	20.64
4933	13.71
4934	3.39
4935	0.47
4936	6.39
4937	8.77
4938	11.84
4939	15.85
4940	8.86
4941	9.3
4942	23.09
4943	19.87
4944	5.79
4945	12.59
4946	9.69
4947	10.42
4948	12.12
4949	16.0
4950	12.31
4951	8.5
4952	8.38
4953	14.62
4954	12.05
4955	16.84
4956	1.24
4957	18.28
4958	5.15
4959	12.45
4960	29.29
4961	9.55
4962	15.91
4963	6.04
4964	11.2
4965	12.2
4966	5.81
4967	9.75
4968	14.0
4969	11.83
4970	6.1
4971	32.8
4972	5.77
4973	5.12
4974	8.08
4975	8.98
4976	13.54
4977	0.7
4978	12.09
4979	10.05
4980	1.98
4981	12.67
4982	16.41
4983	7.12
4984	10.69
4985	18.64
4986	15.16
4987	10.18
4988	3.37
4989	24.34
4990	24.65
4991	11.91
4992	10.19
4993	23.92
4994	23.81
4995	4.69
4996	13.47
4997	10.55
4998	18.26
4999	15.23
5000	12.14
5001	11.04
5002	9.45
5003	3.07
5004	6.27
5005	4.53
5006	14.1
5007	2.44
5008	15.91
5009	13.15
5010	4.42
5011	1.92
5012	9.52
5013	25.63
5014	7.95
5015	17.42
5016	15.55
5017	28.7
5018	15.11
5019	4.38
5020	1.13
5021	14.4
5022	2.15
5023	2.27
5024	29.63
5025	27.07
5026	1.35
5027	2.95
5028	14.86
5029	18.35
5030	19.72
5031	29.74
5032	19.22
5033	5.23
5034	4.39
5035	12.15
5036	7.56
5037	20.19
5038	4.28
5039	27.28
5040	23.39
5041	25.95
5042	6.36
5043	26.01
5044	23.62
5045	15.08
5046	22.96
5047	5.56
5048	11.44
5049	11.5
5050	12.84
5051	3.99
5052	4.27
5053	7.97
5054	5.32
5055	25.81
5056	14.69
5057	7.97
5058	26.67
5059	7.47
5060	9.27
5061	21.21
5062	12.19
5063	3.24
5064	2.2
5065	9.82
5066	8.01
5067	8.45
5068	23.47
5069	17.34
5070	2.78
5071	4.29
5072	18.51
5073	4.68
5074	6.65
5075	12.77
5076	8.29
5077	14.05
5078	22.99
5079	13.3
5080	17.06
5081	2.25
5082	3.51
5083	4.46
5084	15.52
5085	8.35
5086	13.93
5087	8.82
5088	13.02
5089	5.02
5090	8.97
5091	22.27
5092	14.39
5093	10.34
5094	9.55
5095	20.69
5096	15.97
5097	33.45
5098	11.92
5099	9.17
5100	15.49
5101	13.21
5102	1.68
5103	16.42
5104	26.07
5105	1.84
5106	3.68
5107	12.32
5108	15.31
5109	20.07
5110	9.32
5111	1.02
5112	12.18
5113	7.27
5114	21.4
5115	14.76
5116	11.89
5117	3.81
5118	25.49
5119	21.14
5120	14.75
5121	17.59
5122	12.12
5123	16.72
5124	6.0
5125	4.5
5126	17.9
5127	24.45
5128	15.44
5129	7.94
5130	22.81
5131	31.54
5132	6.25
5133	5.5
5134	22.25
5135	23.2
5136	2.24
5137	14.2
5138	28.19
5139	2.23
5140	4.51
5141	10.3
5142	13.22
5143	13.7
5144	11.24
5145	1.27
5146	0.06
5147	8.54
5148	7.03
5149	19.81
5150	0.39
5151	29.71
5152	2.09
5153	16.38
5154	0.81
5155	0.72
5156	13.95
5157	17.52
5158	9.02
5159	14.88
5160	2.95
5161	15.83
5162	11.39
5163	12.17
5164	27.99
5165	36.57
5166	18.17
5167	29.67
5168	30.23
5169	16.09
5170	8.18
5171	9.62
5172	19.4
5173	5.56
5174	9.04
5175	15.46
5176	32.03
5177	0.62
5178	20.63
5179	2.39
5180	10.53
5181	1.74
5182	22.07
5183	20.65
5184	18.43
5185	8.12
5186	14.79
5187	16.86
5188	6.63
5189	25.79
5190	14.16
5191	3.85
5192	0.68
5193	1.78
5194	16.68
5195	8.05
5196	10.94
5197	9.54
5198	19.74
5199	9.59
5200	11.79
5201	11.27
5202	4.65
5203	4.07
5204	10.35
5205	9.79
5206	7.62
5207	23.03
5208	5.26
5209	18.11
5210	23.18
5211	2.22
5212	12.51
5213	9.29
5214	19.36
5215	17.82
5216	5.12
5217	14.59
5218	18.46
5219	26.2
5220	28.78
5221	22.29
5222	16.89
5223	4.88
5224	8.17
5225	9.98
5226	20.34
5227	18.07
5228	11.91
5229	24.05
5230	5.9
5231	2.29
5232	5.19
5233	25.17
5234	2.32
5235	3.98
5236	19.89
5237	19.42
5238	9.58
5239	15.0
5240	0.03
5241	15.07
5242	11.6
5243	15.94
5244	3.89
5245	7.14
5246	7.69
5247	22.18
5248	0.33
5249	9.16
5250	3.6
5251	20.67
5252	15.16
5253	13.08
5254	7.04
5255	10.81
5256	6.78
5257	17.32
5258	14.07
5259	6.52
5260	25.92
5261	22.16
5262	9.91
5263	23.65
5264	14.32
5265	12.39
5266	12.44
5267	5.62
5268	12.88
5269	13.19
5270	8.95
5271	17.53
5272	11.89
5273	22.97
5274	10.64
5275	12.9
5276	14.12
5277	0.19
5278	21.56
5279	15.89
5280	4.52
5281	16.78
5282	18.17
5283	7.3
5284	14.04
5285	4.0
5286	38.07
5287	17.75
5288	5.45
5289	8.53
5290	3.09
5291	2.23
5292	3.54
5293	2.19
5294	5.58
5295	11.8
5296	14.23
5297	6.63
5298	16.31
5299	14.72
5300	9.51
5301	14.98
5302	8.64
5303	7.73
5304	1.59
5305	4.88
5306	3.68
5307	5.51
5308	17.97
5309	18.2
5310	2.23
5311	27.82
5312	11.6
5313	35.28
5314	20.72
5315	11.0
5316	18.05
5317	1.96
5318	26.15
5319	10.85
5320	9.71
5321	0.16
5322	27.08
5323	9.54
5324	11.73
5325	0.02
5326	5.71
5327	17.68
5328	1.7
5329	27.59
5330	9.25
5331	11.7
5332	15.13
5333	1.33
5334	5.15
5335	1.65
5336	2.4
5337	24.8
5338	12.03
5339	2.93
5340	19.08
5341	5.45
5342	10.72
5343	13.95
5344	11.42
5345	3.1
5346	22.55
5347	16.53
5348	15.57
5349	16.76
5350	13.61
5351	15.98
5352	6.99
5353	15.64
5354	20.86
5355	7.49
5356	5.31
5357	9.44
5358	2.78
5359	16.8
5360	5.21
5361	11.88
5362	3.07
5363	24.5
5364	8.6
5365	17.51
5366	9.13
5367	20.66
5368	29.86
5369	9.69
5370	16.63
5371	13.21
5372	3.58
5373	18.96
5374	5.29
5375	14.15
5376	16.94
5377	27.64
5378	22.36
5379	28.35
5380	4.27
5381	11.77
5382	8.19
5383	3.88
5384	22.51
5385	8.41
5386	29.89
5387	17.04
5388	15.94
5389	41.94
5390	18.03
5391	6.23
5392	5.85
5393	13.23
5394	14.24
5395	2.03
5396	25.87
5397	15.48
5398	13.4
5399	4.67
5400	4.1
5401	1.36
5402	0.79
5403	9.2
5404	6.37
5405	17.93
5406	12.23
5407	0.23
5408	4.89
5409	4.49
5410	17.62
5411	22.76
5412	9.11
5413	14.59
5414	15.2
5415	32.04
5416	24.57
5417	17.29
5418	18.08
5419	22.54
5420	9.04
5421	17.59
5422	10.82
5423	7.29
5424	9.26
5425	13.44
5426	10.13
5427	20.4
5428	22.61
5429	5.01
5430	3.52
5431	5.58
5432	1.5
5433	24.26
5434	2.51
5435	21.3
5436	15.17
5437	8.34
5438	8.62
5439	20.81
5440	25.16
5441	6.14
5442	5.82
5443	7.49
5444	9.96
5445	13.67
5446	25.1
5447	25.13
5448	15.71
5449	19.46
5450	18.06
5451	4.06
5452	25.93
5453	23.73
5454	17.38
5455	11.93
5456	21.32
5457	11.57
5458	5.1
5459	13.66
5460	16.0
5461	6.66
5462	2.49
5463	1.52
5464	26.62
5465	0.41
5466	5.05
5467	13.24
5468	22.88
5469	13.18
5470	6.03
5471	15.84
5472	4.59
5473	13.7
5474	12.46
5475	18.76
5476	16.73
5477	40.59
5478	2.21
5479	21.05
5480	13.94
5481	0.16
5482	12.16
5483	11.14
5484	4.9
5485	12.03
5486	8.85
5487	18.31
5488	3.76
5489	3.99
5490	7.4
5491	2.6
5492	14.35
5493	27.51
5494	24.76
5495	24.92
5496	15.23
5497	4.11
5498	14.99
5499	13.04
5500	25.33
5501	18.3
5502	25.96
5503	5.1
5504	12.59
5505	5.32
5506	0.32
5507	6.42
5508	18.06
5509	2.73
5510	38.72
5511	6.75
5512	9.13
5513	13.28
5514	29.76
5515	9.45
5516	3.08
5517	28.0
5518	15.44
5519	19.71
5520	16.16
5521	5.26
5522	4.44
5523	28.99
5524	22.26
5525	11.91
5526	3.9
5527	13.56
5528	14.03
5529	10.16
5530	30.48
5531	6.94
5532	17.59
5533	16.59
5534	14.42
5535	2.03
5536	16.73
5537	14.34
5538	18.63
5539	18.12
5540	14.62
5541	0.77
5542	6.37
5543	6.68
5544	29.02
5545	12.83
5546	14.45
5547	24.46
5548	12.39
5549	1.57
5550	12.21
5551	1.48
5552	3.08
5553	25.84
5554	1.87
5555	6.3
5556	2.64
5557	19.33
5558	27.22
5559	9.31
5560	1.25
5561	14.07
5562	24.12
5563	11.77
5564	7.35
5565	13.6
5566	15.56
5567	6.06
5568	18.23
5569	9.56
5570	0.06
5571	0.54
5572	18.03
5573	1.34
5574	9.7
5575	0.09
5576	9.25
5577	6.12
5578	4.18
5579	29.4
5580	18.85
5581	24.97
5582	8.45
5583	18.21
5584	0.28
5585	11.88
5586	2.91
5587	18.58
5588	13.27
5589	3.39
5590	11.15
5591	1.41
5592	6.71
5593	19.24
5594	3.9
5595	10.33
5596	13.31
5597	8.86
5598	20.12
5599	6.64
5600	3.51
5601	10.26
5602	7.27
5603	6.0
5604	6.57
5605	13.93
5606	23.71
5607	16.22
5608	11.0
5609	11.37
5610	13.99
5611	10.43
5612	9.04
5613	17.49
5614	5.5
5615	13.24
5616	17.47
5617	13.61
5618	14.36
5619	9.75
5620	15.97
5621	5.14
5622	11.36
5623	29.2
5624	26.2
5625	1.15
5626	11.66
5627	3.79
5628	8.67
5629	3.51
5630	12.35
5631	6.9
5632	2.21
5633	5.07
5634	20.86
5635	9.57
5636	12.88
5637	15.24
5638	5.12
5639	43.1
5640	3.23
5641	1.46
5642	23.78
5643	13.81
5644	8.55
5645	1.77
5646	7.71
5647	14.24
5648	39.19
5649	7.66
5650	7.42
5651	14.25
5652	8.78
5653	4.32
5654	19.89
5655	25.08
5656	15.91
5657	12.92
5658	22.06
5659	22.16
5660	13.41
5661	11.38
5662	4.25
5663	13.51
5664	0.85
5665	13.92
5666	10.97
5667	3.17
5668	11.79
5669	12.17
5670	14.12
5671	22.75
5672	18.76
5673	7.06
5674	24.7
5675	16.14
5676	9.47
5677	1.83
5678	20.09
5679	20.4
5680	7.25
5681	13.48
5682	14.44
5683	3.58
5684	0.03
5685	16.07
5686	7.79
5687	24.41
5688	16.92
5689	5.66
5690	27.44
5691	7.99
5692	1.73
5693	26.3
5694	7.42
5695	4.32
5696	23.54
5697	13.4
5698	12.96
5699	5.71
5700	3.61
5701	5.08
5702	4.54
5703	22.19
5704	17.92
5705	8.29
5706	5.54
5707	0.84
5708	5.1
5709	2.99
5710	13.88
5711	13.23
5712	12.93
5713	12.99
5714	3.36
5715	13.14
5716	13.46
5717	7.98
5718	20.91
5719	10.42
5720	11.74
5721	8.51
5722	19.66
5723	6.02
5724	12.23
5725	13.14
5726	31.56
5727	22.45
5728	10.84
5729	4.2
5730	2.5
5731	9.7
5732	14.04
5733	6.31
5734	4.2
5735	10.47
5736	29.73
5737	13.55
5738	31.29
5739	12.29
5740	12.03
5741	3.0
5742	15.38
5743	28.87
5744	23.09
5745	6.74
5746	19.77
5747	16.08
5748	28.56
5749	17.8
5750	26.47
5751	6.56
5752	5.47
5753	17.94
5754	4.5
5755	8.26
5756	9.95
5757	14.46
5758	22.08
5759	11.35
5760	26.52
5761	5.82
5762	2.1
5763	1.89
5764	14.99
5765	17.96
5766	8.03
5767	1.45
5768	3.45
5769	22.87
5770	7.49
5771	20.35
5772	1.74
5773	12.18
5774	13.77
5775	13.18
5776	19.13
5777	4.83
5778	8.16
5779	11.34
5780	8.25
5781	10.93
5782	32.49
5783	6.16
5784	2.02
5785	2.77
5786	20.23
5787	6.85
5788	18.66
5789	31.6
5790	25.8
5791	15.37
5792	12.64
5793	0.54
5794	31.73
5795	9.19
5796	6.7
5797	20.65
5798	3.64
5799	1.96
5800	6.46
5801	12.28
5802	16.55
5803	27.22
5804	16.01
5805	11.7
5806	5.33
5807	42.72
5808	0.4
5809	0.88
5810	15.92
5811	9.38
5812	3.12
5813	2.13
5814	10.84
5815	7.63
5816	11.29
5817	15.05
5818	3.86
5819	14.17
5820	2.37
5821	2.68
5822	17.5
5823	18.08
5824	0.96
5825	1.78
5826	9.79
5827	11.4
5828	30.83
5829	32.5
5830	16.37
5831	8.47
5832	13.74
5833	4.57
5834	24.98
5835	12.35
5836	8.43
5837	7.01
5838	22.85
5839	9.91
5840	4.08
5841	27.2
5842	4.6
5843	21.5
5844	18.31
5845	29.42
5846	7.81
5847	1.56
5848	10.54
5849	1.1
5850	11.63
5851	8.45
5852	4.64
5853	16.07
5854	19.99
5855	22.19
5856	13.36
5857	19.43
5858	6.14
5859	8.38
5860	1.02
5861	6.37
5862	10.34
5863	34.25
5864	11.31
5865	9.0
5866	2.24
5867	10.77
5868	9.43
5869	5.1
5870	9.75
5871	29.72
5872	18.76
5873	6.88
5874	40.49
5875	7.7
5876	18.2
5877	23.74
5878	7.62
5879	20.69
5880	10.89
5881	0.38
5882	0.77
5883	11.19
5884	24.39
5885	13.0
5886	6.47
5887	5.11
5888	22.41
5889	2.44
5890	3.88
5891	10.15
5892	12.8
5893	4.78
5894	20.48
5895	11.2
5896	7.12
5897	19.02
5898	3.58
5899	0.32
5900	3.1
5901	14.96
5902	15.71
5903	15.89
5904	15.51
5905	5.92
5906	2.68
5907	27.99
5908	8.77
5909	4.67
5910	25.24
5911	10.56
5912	36.97
5913	33.19
5914	7.42
5915	4.04
5916	2.55
5917	32.97
5918	13.91
5919	16.65
5920	5.47
5921	16.98
5922	0.51
5923	1.44
5924	13.7
5925	18.45
5926	5.79
5927	21.59
5928	32.72
5929	10.4
5930	30.97
5931	11.15
5932	32.44
5933	1.26
5934	47.87
5935	16.87
5936	13.63
5937	47.32
5938	7.4
5939	23.84
5940	13.1
5941	11.4
5942	11.86
5943	28.63
5944	27.89
5945	11.98
5946	1.54
5947	17.76
5948	2.0
5949	2.12
5950	17.78
5951	13.84
5952	0.06
5953	36.01
5954	4.93
5955	6.77
5956	6.68
5957	0.92
5958	12.01
5959	8.1
5960	5.45
5961	9.65
5962	16.17
5963	28.47
5964	12.32
5965	27.48
5966	17.09
5967	19.09
5968	4.5
5969	28.51
5970	4.97
5971	16.28
5972	13.31
5973	14.22
5974	2.83
5975	12.02
5976	10.98
5977	11.59
5978	7.02
5979	7.12
5980	0.33
5981	20.2
5982	9.0
5983	5.44
5984	23.35
5985	26.31
5986	8.9
5987	6.85
5988	7.85
5989	25.72
5990	11.62
5991	3.62
5992	20.3
5993	11.85
5994	10.27
5995	27.22
5996	6.19
5997	10.97
5998	7.77
5999	31.9
6000	1.99
6001	12.28
6002	13.32
6003	4.21
6004	14.48
6005	8.64
6006	25.1
6007	14.48
6008	5.0
6009	22.09
6010	10.26
6011	16.79
6012	20.16
6013	8.5
6014	21.92
6015	22.17
6016	1.58
6017	0.04
6018	20.14
6019	7.14
6020	10.58
6021	15.03
6022	5.93
6023	0.06
6024	13.85
6025	17.86
6026	0.05
6027	10.16
6028	8.4
6029	11.34
6030	3.83
6031	9.06
6032	10.96
6033	12.97
6034	5.95
6035	40.73
6036	11.37
6037	4.71
6038	12.09
6039	10.28
6040	9.13
6041	3.28
6042	16.51
6043	26.7
6044	8.95
6045	22.05
6046	13.51
6047	16.21
6048	8.17
6049	29.01
6050	5.38
6051	9.37
6052	18.27
6053	17.18
6054	23.85
6055	12.26
6056	11.34
6057	11.13
6058	10.24
6059	29.86
6060	12.46
6061	15.56
6062	26.29
6063	1.03
6064	4.24
6065	20.51
6066	7.84
6067	17.7
6068	16.38
6069	16.63
6070	13.39
6071	0.31
6072	20.1
6073	5.8
6074	15.76
6075	13.66
6076	20.79
6077	8.66
6078	19.71
6079	8.33
6080	14.28
6081	14.76
6082	9.9
6083	13.0
6084	5.72
6085	17.27
6086	14.5
6087	16.64
6088	4.89
6089	29.18
6090	15.62
6091	8.48
6092	35.99
6093	12.94
6094	8.34
6095	0.37
6096	6.01
6097	28.43
6098	2.82
6099	16.98
6100	32.97
6101	8.96
6102	28.04
6103	14.79
6104	1.14
6105	18.74
6106	1.54
6107	25.06
6108	11.37
6109	17.36
6110	2.28
6111	1.2
6112	13.88
6113	16.33
6114	5.24
6115	4.94
6116	10.55
6117	28.08
6118	12.82
6119	3.69
6120	28.77
6121	17.67
6122	5.72
6123	14.84
6124	3.74
6125	11.68
6126	14.73
6127	8.82
6128	8.14
6129	2.46
6130	17.62
6131	14.6
6132	7.63
6133	9.69
6134	20.51
6135	8.15
6136	11.8
6137	28.02
6138	2.27
6139	13.16
6140	6.79
6141	1.5
6142	0.35
6143	10.37
6144	4.66
6145	15.18
6146	10.22
6147	6.66
6148	8.01
6149	21.1
6150	17.21
6151	3.32
6152	3.54
6153	1.61
6154	9.11
6155	6.89
6156	9.05
6157	23.13
6158	18.97
6159	4.18
6160	18.99
6161	5.7
6162	3.81
6163	8.56
6164	7.71
6165	14.03
6166	13.27
6167	11.5
6168	13.2
6169	10.51
6170	8.79
6171	21.45
6172	15.91
6173	5.7
6174	2.58
6175	7.87
6176	19.04
6177	2.47
6178	21.81
6179	12.55
6180	19.28
6181	3.15
6182	2.65
6183	31.88
6184	21.5
6185	14.6
6186	2.36
6187	15.2
6188	10.23
6189	14.55
6190	4.43
6191	17.75
6192	5.33
6193	13.33
6194	1.63
6195	5.34
6196	7.04
6197	17.09
6198	7.98
6199	2.46
6200	5.04
6201	0.06
6202	1.68
6203	8.77
6204	0.46
6205	1.9
6206	15.71
6207	14.23
6208	5.78
6209	13.85
6210	18.09
6211	16.79
6212	10.11
6213	26.96
6214	17.32
6215	1.71
6216	25.96
6217	10.75
6218	10.14
6219	10.84
6220	20.78
6221	10.11
6222	6.37
6223	6.61
6224	1.53
6225	22.67
6226	4.15
6227	14.39
6228	0.47
6229	7.46
6230	3.87
6231	3.75
6232	4.41
6233	16.53
6234	18.5
6235	9.54
6236	17.94
6237	8.65
6238	26.92
6239	11.64
6240	12.11
6241	31.02
6242	3.96
6243	39.83
6244	10.81
6245	21.92
6246	2.05
6247	2.67
6248	6.84
6249	23.09
6250	13.14
6251	4.78
6252	6.52
6253	12.88
6254	13.55
6255	2.05
6256	3.16
6257	6.0
6258	14.54
6259	11.67
6260	11.74
6261	14.93
6262	29.89
6263	6.57
6264	13.57
6265	21.96
6266	14.15
6267	18.43
6268	2.49
6269	2.19
6270	9.06
6271	7.78
6272	8.77
6273	12.08
6274	33.88
6275	13.61
6276	15.37
6277	3.24
6278	20.39
6279	7.72
6280	3.47
6281	15.05
6282	3.26
6283	28.63
6284	36.43
6285	11.53
6286	15.11
6287	2.2
6288	14.58
6289	8.99
6290	5.02
6291	5.52
6292	17.65
6293	15.37
6294	18.98
6295	7.77
6296	13.71
6297	20.85
6298	7.75
6299	16.04
6300	2.8
6301	18.13
6302	9.19
6303	12.5
6304	13.27
6305	7.3
6306	25.29
6307	4.41
6308	15.59
6309	3.79
6310	9.07
6311	3.79
6312	21.01
6313	3.49
6314	8.33
6315	12.75
6316	4.57
6317	30.2
6318	25.46
6319	4.83
6320	30.95
6321	8.05
6322	20.34
6323	11.39
6324	18.23
6325	8.37
6326	16.83
6327	11.69
6328	0.7
6329	14.22
6330	16.76
6331	1.3
6332	6.37
6333	3.89
6334	15.23
6335	17.33
6336	23.06
6337	6.53
6338	21.8
6339	8.03
6340	10.42
6341	4.18
6342	10.59
6343	4.01
6344	17.4
6345	3.12
6346	26.81
6347	6.73
6348	9.8
6349	20.57
6350	11.55
6351	11.5
6352	2.39
6353	7.64
6354	0.74
6355	2.74
6356	11.61
6357	23.22
6358	13.14
6359	7.78
6360	18.2
6361	23.32
6362	12.85
6363	13.22
6364	9.32
6365	17.12
6366	1.74
6367	14.29
6368	13.25
6369	11.59
6370	13.38
6371	25.12
6372	19.36
6373	1.5
6374	15.21
6375	0.34
6376	18.32
6377	9.8
6378	15.32
6379	3.77
6380	5.06
6381	6.93
6382	29.57
6383	2.29
6384	26.35
6385	5.98
6386	29.66
6387	3.67
6388	1.69
6389	0.93
6390	13.81
6391	0.64
6392	11.64
6393	20.63
6394	10.86
6395	8.49
6396	17.65
6397	3.17
6398	12.4
6399	16.27
6400	21.12
6401	14.68
6402	12.28
6403	27.54
6404	2.33
6405	16.95
6406	20.26
6407	11.3
6408	12.1
6409	18.77
6410	4.86
6411	11.04
6412	20.89
6413	27.01
6414	4.1
6415	15.19
6416	1.4
6417	17.95
6418	19.78
6419	19.25
6420	14.81
6421	8.3
6422	13.36
6423	7.73
6424	2.8
6425	29.78
6426	13.66
6427	36.04
6428	13.71
6429	25.32
6430	1.94
6431	8.88
6432	38.61
6433	12.04
6434	1.17
6435	29.86
6436	11.9
6437	16.29
6438	25.94
6439	14.59
6440	9.12
6441	22.64
6442	18.33
6443	30.18
6444	20.27
6445	10.27
6446	18.6
6447	11.51
6448	1.43
6449	9.71
6450	13.25
6451	1.64
6452	5.79
6453	11.06
6454	26.58
6455	19.2
6456	24.91
6457	19.51
6458	7.02
6459	5.33
6460	5.37
6461	8.11
6462	3.66
6463	5.44
6464	17.07
6465	12.5
6466	14.31
6467	12.58
6468	4.46
6469	20.77
6470	9.28
6471	6.81
6472	23.78
6473	4.49
6474	18.61
6475	8.99
6476	15.12
6477	16.3
6478	8.8
6479	1.91
6480	12.93
6481	3.85
6482	24.64
6483	12.29
6484	8.47
6485	9.35
6486	14.76
6487	10.87
6488	8.63
6489	23.66
6490	0.13
6491	3.18
6492	15.22
6493	8.23
6494	23.88
6495	7.31
6496	23.4
6497	9.72
6498	4.27
6499	28.76
6500	10.32
6501	2.26
6502	7.51
6503	10.09
6504	23.11
6505	22.32
6506	3.64
6507	9.2
6508	34.97
6509	15.84
6510	21.36
6511	5.19
6512	1.63
6513	4.18
6514	8.1
6515	12.46
6516	21.81
6517	5.94
6518	6.25
6519	17.64
6520	9.42
6521	4.19
6522	2.8
6523	13.83
6524	5.97
6525	3.77
6526	24.24
6527	30.91
6528	5.53
6529	3.28
6530	10.81
6531	4.71
6532	21.28
6533	7.63
6534	7.9
6535	11.26
6536	18.71
6537	13.1
6538	14.34
6539	17.68
6540	0.97
6541	31.3
6542	6.08
6543	17.11
6544	27.41
6545	14.99
6546	3.07
6547	23.26
6548	8.49
6549	20.32
6550	22.1
6551	9.88
6552	10.38
6553	9.12
6554	17.14
6555	10.49
6556	7.86
6557	2.76
6558	16.2
6559	7.06
6560	16.68
6561	26.94
6562	6.89
6563	13.36
6564	26.82
6565	7.77
6566	4.19
6567	17.73
6568	16.92
6569	12.88
6570	11.54
6571	10.02
6572	27.57
6573	4.82
6574	15.84
6575	15.72
6576	4.09
6577	21.01
6578	2.35
6579	3.04
6580	4.32
6581	13.52
6582	21.02
6583	18.41
6584	10.84
6585	2.93
6586	8.5
6587	1.49
6588	10.82
6589	13.03
6590	10.99
6591	13.55
6592	16.49
6593	5.58
6594	25.43
6595	16.47
6596	4.8
6597	4.5
6598	21.2
6599	10.78
6600	33.45
6601	16.83
6602	3.08
6603	17.88
6604	14.93
6605	0.5
6606	21.09
6607	26.87
6608	12.07
6609	11.39
6610	7.97
6611	10.25
6612	14.1
6613	11.14
6614	12.19
6615	18.42
6616	7.52
6617	17.17
6618	21.91
6619	2.78
6620	11.67
6621	9.64
6622	17.78
6623	23.81
6624	6.36
6625	4.71
6626	18.34
6627	15.48
6628	20.02
6629	19.31
6630	7.24
6631	13.85
6632	27.08
6633	16.19
6634	2.09
6635	31.11
6636	7.71
6637	3.67
6638	0.22
6639	16.84
6640	17.21
6641	11.03
6642	22.74
6643	15.21
6644	1.85
6645	11.96
6646	17.95
6647	20.22
6648	14.59
6649	15.89
6650	20.21
6651	22.06
6652	3.39
6653	6.25
6654	14.41
6655	3.86
6656	15.61
6657	8.64
6658	21.4
6659	11.08
6660	6.63
6661	5.97
6662	13.47
6663	8.43
6664	13.91
6665	23.37
6666	3.9
6667	9.83
6668	1.04
6669	11.6
6670	12.94
6671	8.77
6672	20.02
6673	24.01
6674	14.58
6675	16.99
6676	15.22
6677	15.59
6678	14.23
6679	4.04
6680	4.21
6681	16.23
6682	9.81
6683	2.48
6684	3.9
6685	15.73
6686	5.27
6687	10.34
6688	17.05
6689	12.15
6690	12.79
6691	16.65
6692	16.33
6693	12.06
6694	10.72
6695	1.98
6696	8.61
6697	4.88
6698	7.4
6699	17.82
6700	8.94
6701	28.1
6702	14.01
6703	16.72
6704	14.58
6705	0.77
6706	28.59
6707	21.98
6708	32.75
6709	9.97
6710	5.51
6711	23.2
6712	12.04
6713	14.56
6714	3.23
6715	12.14
6716	15.94
6717	5.84
6718	3.49
6719	22.57
6720	6.08
6721	3.43
6722	12.7
6723	15.0
6724	6.42
6725	15.25
6726	16.86
6727	23.43
6728	9.56
6729	19.03
6730	26.15
6731	17.68
6732	9.36
6733	11.94
6734	9.47
6735	2.83
6736	16.39
6737	14.85
6738	14.75
6739	4.67
6740	8.26
6741	3.34
6742	23.94
6743	12.24
6744	14.69
6745	8.33
6746	7.82
6747	18.61
6748	9.58
6749	0.15
6750	11.6
6751	14.92
6752	10.77
6753	5.33
6754	25.8
6755	8.89
6756	26.6
6757	10.16
6758	11.38
6759	13.74
6760	1.7
6761	15.75
6762	1.89
6763	11.01
6764	9.9
6765	3.95
6766	2.22
6767	30.07
6768	7.83
6769	2.34
6770	21.87
6771	4.7
6772	12.29
6773	1.84
6774	22.94
6775	8.87
6776	10.74
6777	21.71
6778	11.8
6779	10.67
6780	4.85
6781	10.68
6782	14.19
6783	11.06
6784	5.78
6785	25.04
6786	15.73
6787	9.83
6788	3.25
6789	29.55
6790	1.83
6791	18.48
6792	3.96
6793	4.4
6794	6.13
6795	34.49
6796	6.28
6797	1.55
6798	4.19
6799	21.23
6800	14.43
6801	17.92
6802	15.63
6803	24.8
6804	6.68
6805	22.97
6806	14.6
6807	8.75
6808	25.32
6809	7.22
6810	23.29
6811	24.52
6812	8.27
6813	15.49
6814	3.98
6815	16.93
6816	17.07
6817	0.86
6818	3.15
6819	20.57
6820	4.73
6821	7.77
6822	16.18
6823	23.22
6824	8.53
6825	2.16
6826	1.77
6827	8.83
6828	5.87
6829	14.87
6830	15.51
6831	4.83
6832	12.94
6833	37.15
6834	7.12
6835	9.55
6836	19.86
6837	16.7
6838	13.69
6839	14.12
6840	7.55
6841	4.58
6842	10.4
6843	3.52
6844	26.52
6845	14.83
6846	13.52
6847	8.83
6848	10.28
6849	5.2
6850	5.92
6851	17.45
6852	12.02
6853	14.56
6854	7.97
6855	17.61
6856	17.67
6857	1.35
6858	1.17
6859	10.84
6860	11.3
6861	25.75
6862	1.18
6863	9.81
6864	2.26
6865	17.21
6866	5.57
6867	13.55
6868	13.42
6869	15.5
6870	0.56
6871	34.09
6872	24.12
6873	19.4
6874	10.14
6875	7.59
6876	16.11
6877	26.72
6878	0.59
6879	7.62
6880	1.83
6881	1.16
6882	8.79
6883	9.09
6884	7.21
6885	9.54
6886	1.85
6887	17.34
6888	7.84
6889	14.76
6890	13.28
6891	2.29
6892	15.94
6893	10.11
6894	16.95
6895	8.09
6896	19.74
6897	7.61
6898	18.82
6899	16.21
6900	4.84
6901	24.95
6902	16.76
6903	15.29
6904	8.04
6905	21.18
6906	0.27
6907	15.85
6908	8.65
6909	5.1
6910	19.23
6911	5.14
6912	19.37
6913	38.31
6914	5.46
6915	14.09
6916	17.23
6917	13.05
6918	19.96
6919	11.95
6920	22.5
6921	33.09
6922	14.04
6923	0.49
6924	21.06
6925	10.22
6926	10.03
6927	8.25
6928	25.14
6929	9.08
6930	9.63
6931	8.72
6932	19.03
6933	5.05
6934	1.26
6935	8.6
6936	13.54
6937	0.47
6938	7.78
6939	6.7
6940	0.41
6941	22.9
6942	25.38
6943	9.42
6944	23.4
6945	7.87
6946	2.19
6947	8.31
6948	16.0
6949	23.44
6950	12.18
6951	7.92
6952	3.72
6953	6.65
6954	9.26
6955	0.68
6956	0.15
6957	23.42
6958	20.55
6959	3.59
6960	23.47
6961	12.73
6962	17.66
6963	8.7
6964	14.63
6965	5.38
6966	10.11
6967	12.47
6968	3.58
6969	5.74
6970	1.17
6971	2.93
6972	1.43
6973	8.61
6974	15.42
6975	15.02
6976	5.55
6977	7.86
6978	20.5
6979	8.03
6980	4.94
6981	7.01
6982	5.8
6983	13.95
6984	17.66
6985	13.03
6986	15.56
6987	2.65
6988	6.22
6989	20.24
6990	14.09
6991	1.92
6992	15.52
6993	14.91
6994	21.2
6995	10.94
6996	9.37
6997	11.48
6998	0.64
6999	12.91
7000	4.27
7001	27.1
7002	23.6
7003	20.27
7004	2.14
7005	1.71
7006	15.07
7007	3.74
7008	0.85
7009	23.38
7010	31.33
7011	7.63
7012	23.89
7013	3.04
7014	28.47
7015	19.94
7016	11.63
7017	9.01
7018	11.4
7019	12.71
7020	0.04
7021	2.0
7022	8.6
7023	17.13
7024	5.06
7025	14.43
7026	16.77
7027	2.86
7028	10.08
7029	22.87
7030	20.93
7031	18.63
7032	6.08
7033	5.27
7034	13.18
7035	7.53
7036	12.78
7037	5.04
7038	10.24
7039	18.2
7040	21.05
7041	12.05
7042	5.76
7043	9.65
7044	6.16
7045	13.14
7046	9.07
7047	5.56
7048	1.34
7049	32.52
7050	4.49
7051	0.38
7052	38.39
7053	6.46
7054	0.25
7055	2.02
7056	23.26
7057	6.88
7058	13.31
7059	13.71
7060	11.23
7061	0.71
7062	3.31
7063	9.13
7064	6.07
7065	5.14
7066	9.63
7067	2.39
7068	10.32
7069	9.71
7070	0.61
7071	20.6
7072	12.13
7073	19.08
7074	6.82
7075	36.09
7076	3.11
7077	1.12
7078	6.05
7079	0.74
7080	2.89
7081	3.49
7082	7.83
7083	7.31
7084	15.68
7085	8.04
7086	4.12
7087	9.64
7088	19.67
7089	0.3
7090	19.87
7091	18.12
7092	14.27
7093	3.87
7094	6.44
7095	21.08
7096	12.59
7097	16.96
7098	1.57
7099	40.12
7100	26.0
7101	10.15
7102	12.89
7103	3.94
7104	6.64
7105	1.59
7106	2.45
7107	4.55
7108	16.64
7109	16.53
7110	5.49
7111	2.21
7112	13.38
7113	3.59
7114	18.0
7115	11.61
7116	11.51
7117	30.86
7118	7.03
7119	33.62
7120	33.81
7121	20.65
7122	22.06
7123	6.2
7124	22.68
7125	32.15
7126	8.01
7127	17.83
7128	9.73
7129	25.94
7130	23.96
7131	11.35
7132	3.81
7133	8.25
7134	9.43
7135	15.94
7136	2.44
7137	8.42
7138	12.83
7139	7.61
7140	14.01
7141	1.06
7142	3.64
7143	15.72
7144	14.46
7145	21.59
7146	20.29
7147	16.29
7148	12.37
7149	19.42
7150	24.53
7151	3.56
7152	25.41
7153	26.89
7154	16.48
7155	1.32
7156	7.58
7157	53.91
7158	12.38
7159	23.52
7160	3.92
7161	8.44
7162	2.03
7163	2.01
7164	14.64
7165	12.34
7166	11.15
7167	11.89
7168	13.63
7169	18.73
7170	18.47
7171	7.35
7172	25.89
7173	1.21
7174	8.83
7175	15.84
7176	23.01
7177	6.04
7178	7.54
7179	2.26
7180	3.53
7181	2.89
7182	5.46
7183	16.31
7184	35.98
7185	8.66
7186	18.74
7187	16.69
7188	3.72
7189	10.25
7190	12.31
7191	13.09
7192	11.33
7193	21.64
7194	17.37
7195	26.94
7196	8.27
7197	5.4
7198	8.38
7199	13.97
7200	10.59
7201	25.92
7202	6.45
7203	10.92
7204	9.28
7205	1.03
7206	0.91
7207	2.34
7208	18.22
7209	29.03
7210	3.19
7211	3.34
7212	3.74
7213	7.41
7214	9.73
7215	26.32
7216	12.11
7217	12.7
7218	25.73
7219	4.79
7220	6.81
7221	0.45
7222	21.61
7223	6.48
7224	20.26
7225	21.58
7226	28.88
7227	9.17
7228	27.22
7229	8.37
7230	4.23
7231	3.94
7232	29.19
7233	14.46
7234	3.62
7235	1.58
7236	8.07
7237	17.76
7238	10.93
7239	17.14
7240	11.86
7241	17.25
7242	5.2
7243	27.53
7244	16.2
7245	7.21
7246	15.11
7247	13.24
7248	6.14
7249	4.04
7250	19.82
7251	36.09
7252	4.94
7253	18.07
7254	9.54
7255	9.77
7256	7.75
7257	13.11
7258	11.33
7259	27.62
7260	26.99
7261	3.73
7262	8.19
7263	2.63
7264	4.86
7265	15.61
7266	6.13
7267	6.22
7268	9.61
7269	9.7
7270	22.0
7271	10.94
7272	29.94
7273	6.42
7274	13.18
7275	6.65
7276	12.29
7277	11.03
7278	11.06
7279	20.63
7280	16.97
7281	14.9
7282	0.94
7283	40.49
7284	11.71
7285	3.15
7286	28.23
7287	23.11
7288	22.73
7289	1.23
7290	2.76
7291	3.43
7292	17.95
7293	15.04
7294	6.08
7295	8.86
7296	12.12
7297	17.39
7298	10.28
7299	10.6
7300	11.98
7301	32.0
7302	33.22
7303	17.25
7304	12.9
7305	8.26
7306	3.16
7307	5.03
7308	3.5
7309	8.74
7310	21.39
7311	30.51
7312	1.95
7313	16.4
7314	19.31
7315	13.29
7316	0.48
7317	2.31
7318	12.81
7319	7.13
7320	1.14
7321	25.97
7322	5.64
7323	17.9
7324	12.44
7325	28.72
7326	3.17
7327	26.0
7328	21.12
7329	0.63
7330	9.52
7331	33.94
7332	5.34
7333	11.38
7334	9.31
7335	10.42
7336	12.41
7337	4.02
7338	8.85
7339	19.82
7340	14.24
7341	2.68
7342	8.8
7343	16.45
7344	0.05
7345	0.91
7346	19.74
7347	7.85
7348	0.16
7349	13.02
7350	11.95
7351	10.77
7352	3.9
7353	3.86
7354	10.16
7355	12.55
7356	12.46
7357	7.72
7358	13.68
7359	17.61
7360	4.4
7361	23.77
7362	6.95
7363	17.37
7364	17.42
7365	2.66
7366	1.2
7367	13.48
7368	9.65
7369	2.02
7370	4.56
7371	11.21
7372	9.79
7373	5.39
7374	0.54
7375	21.53
7376	11.01
7377	28.83
7378	27.04
7379	8.69
7380	1.08
7381	12.84
7382	15.89
7383	13.12
7384	5.96
7385	10.8
7386	9.66
7387	34.7
7388	4.44
7389	16.87
7390	7.86
7391	6.38
7392	10.48
7393	20.48
7394	9.14
7395	0.97
7396	19.58
7397	15.98
7398	5.68
7399	17.54
7400	6.28
7401	26.09
7402	15.86
7403	5.55
7404	7.76
7405	22.07
7406	19.59
7407	18.03
7408	18.16
7409	33.77
7410	22.46
7411	14.41
7412	4.67
7413	9.7
7414	13.97
7415	11.04
7416	24.19
7417	23.24
7418	5.88
7419	12.34
7420	3.57
7421	15.51
7422	8.23
7423	17.51
7424	2.74
7425	33.51
7426	21.4
7427	2.49
7428	2.49
7429	11.65
7430	7.18
7431	15.23
7432	19.55
7433	8.81
7434	2.6
7435	20.96
7436	9.7
7437	12.92
7438	18.1
7439	11.52
7440	1.84
7441	15.11
7442	5.08
7443	17.72
7444	9.8
7445	14.6
7446	27.23
7447	21.9
7448	28.38
7449	2.53
7450	9.9
7451	13.58
7452	2.16
7453	12.52
7454	27.28
7455	28.68
7456	11.8
7457	14.37
7458	7.75
7459	21.92
7460	12.59
7461	0.68
7462	3.58
7463	16.81
7464	1.29
7465	8.22
7466	6.12
7467	21.28
7468	5.92
7469	0.02
7470	6.92
7471	22.43
7472	0.36
7473	37.03
7474	9.51
7475	14.67
7476	8.82
7477	17.98
7478	9.09
7479	6.26
7480	29.06
7481	14.14
7482	6.24
7483	9.83
7484	6.5
7485	9.41
7486	10.06
7487	3.55
7488	10.06
7489	7.52
7490	18.68
7491	12.18
7492	7.3
7493	27.65
7494	31.46
7495	6.96
7496	50.85
7497	16.11
7498	4.5
7499	2.3
7500	14.21
7501	11.79
7502	6.27
7503	9.72
7504	6.67
7505	19.88
7506	14.84
7507	10.03
7508	0.86
7509	37.18
7510	13.88
7511	7.85
7512	0.06
7513	6.61
7514	10.89
7515	16.98
7516	6.53
7517	6.85
7518	2.08
7519	7.63
7520	5.32
7521	6.6
7522	9.09
7523	25.52
7524	21.37
7525	17.26
7526	12.86
7527	12.65
7528	3.89
7529	8.81
7530	8.51
7531	8.82
7532	19.48
7533	7.99
7534	4.04
7535	12.29
7536	5.39
7537	12.81
7538	17.5
7539	2.58
7540	10.88
7541	15.95
7542	10.13
7543	3.91
7544	17.55
7545	28.46
7546	1.78
7547	6.28
7548	1.38
7549	18.6
7550	0.86
7551	7.21
7552	14.92
7553	10.81
7554	3.13
7555	31.2
7556	36.23
7557	23.42
7558	34.39
7559	30.08
7560	7.27
7561	0.5
7562	9.79
7563	0.92
7564	3.02
7565	43.26
7566	15.99
7567	8.13
7568	50.06
7569	5.76
7570	10.18
7571	15.06
7572	1.84
7573	20.88
7574	9.08
7575	17.02
7576	11.35
7577	15.01
7578	13.8
7579	6.35
7580	2.05
7581	1.14
7582	16.83
7583	5.29
7584	9.9
7585	1.2
7586	7.28
7587	16.9
7588	7.26
7589	6.55
7590	27.22
7591	15.16
7592	3.74
7593	2.87
7594	7.61
7595	23.49
7596	6.25
7597	12.92
7598	6.22
7599	5.96
7600	11.26
7601	16.29
7602	5.9
7603	1.8
7604	18.36
7605	2.36
7606	20.03
7607	22.43
7608	15.4
7609	8.0
7610	1.67
7611	30.38
7612	22.01
7613	2.71
7614	10.71
7615	6.41
7616	12.85
7617	17.21
7618	19.54
7619	1.2
7620	17.64
7621	12.75
7622	1.74
7623	5.86
7624	3.06
7625	4.95
7626	18.52
7627	11.97
7628	18.16
7629	8.58
7630	8.92
7631	11.07
7632	10.21
7633	13.5
7634	33.48
7635	8.22
7636	14.78
7637	2.26
7638	4.09
7639	13.62
7640	17.34
7641	21.21
7642	9.57
7643	3.76
7644	4.41
7645	22.64
7646	15.9
7647	22.23
7648	9.63
7649	6.8
7650	0.95
7651	9.65
7652	5.73
7653	8.69
7654	4.71
7655	4.84
7656	21.38
7657	9.7
7658	7.9
7659	9.09
7660	10.2
7661	1.92
7662	8.64
7663	2.83
7664	0.84
7665	1.33
7666	23.49
7667	18.16
7668	9.09
7669	4.19
7670	1.22
7671	4.01
7672	3.84
7673	5.43
7674	8.03
7675	21.68
7676	10.36
7677	5.1
7678	26.96
7679	2.4
7680	7.99
7681	8.97
7682	16.64
7683	11.56
7684	5.03
7685	32.37
7686	9.15
7687	15.23
7688	4.32
7689	7.92
7690	1.33
7691	1.52
7692	18.0
7693	14.24
7694	11.15
7695	10.64
7696	0.57
7697	7.79
7698	5.71
7699	4.9
7700	6.76
7701	19.72
7702	5.47
7703	14.02
7704	9.57
7705	17.47
7706	7.16
7707	14.96
7708	20.83
7709	15.42
7710	25.6
7711	20.49
7712	14.29
7713	0.12
7714	0.88
7715	10.01
7716	21.38
7717	10.09
7718	23.38
7719	23.05
7720	9.39
7721	30.98
7722	19.15
7723	35.83
7724	0.0
7725	5.36
7726	11.75
7727	17.45
7728	2.03
7729	8.05
7730	7.71
7731	2.68
7732	4.89
7733	21.13
7734	5.92
7735	11.58
7736	15.61
7737	3.66
7738	5.56
7739	11.07
7740	22.09
7741	18.57
7742	5.31
7743	4.76
7744	11.19
7745	3.91
7746	16.02
7747	17.25
7748	9.01
7749	7.33
7750	6.6
7751	8.63
7752	20.11
7753	10.33
7754	32.72
7755	10.48
7756	13.96
7757	18.44
7758	3.76
7759	33.23
7760	19.07
7761	23.37
7762	0.17
7763	5.96
7764	18.28
7765	8.03
7766	21.62
7767	17.43
7768	11.52
7769	13.37
7770	15.42
7771	0.83
7772	29.2
7773	2.86
7774	18.94
7775	4.77
7776	32.68
7777	26.7
7778	15.84
7779	6.38
7780	14.96
7781	22.11
7782	14.28
7783	34.07
7784	14.14
7785	9.19
7786	9.41
7787	27.48
7788	18.15
7789	5.79
7790	2.56
7791	0.93
7792	12.02
7793	3.07
7794	13.83
7795	16.88
7796	19.62
7797	9.94
7798	10.81
7799	5.17
7800	13.51
7801	4.29
7802	12.75
7803	11.14
7804	2.56
7805	19.95
7806	12.81
7807	7.46
7808	0.98
7809	7.82
7810	6.71
7811	11.98
7812	9.5
7813	1.89
7814	4.09
7815	17.67
7816	12.19
7817	10.78
7818	12.44
7819	11.4
7820	11.72
7821	20.1
7822	10.22
7823	2.56
7824	0.32
7825	19.81
7826	6.48
7827	7.05
7828	13.47
7829	16.24
7830	5.93
7831	16.86
7832	23.1
7833	1.71
7834	7.69
7835	11.71
7836	16.64
7837	5.56
7838	6.08
7839	23.7
7840	13.62
7841	1.61
7842	17.76
7843	19.08
7844	17.11
7845	10.52
7846	28.77
7847	0.17
7848	32.85
7849	23.84
7850	6.67
7851	9.64
7852	9.03
7853	20.58
7854	2.57
7855	4.9
7856	15.65
7857	27.53
7858	16.88
7859	12.71
7860	22.31
7861	5.84
7862	17.73
7863	16.8
7864	2.48
7865	14.6
7866	12.64
7867	19.21
7868	23.73
7869	28.27
7870	28.88
7871	7.64
7872	17.26
7873	10.34
7874	1.22
7875	12.69
7876	7.28
7877	17.45
7878	18.37
7879	12.51
7880	6.96
7881	8.06
7882	12.93
7883	23.78
7884	4.56
7885	0.78
7886	3.77
7887	6.27
7888	1.26
7889	11.97
7890	0.78
7891	12.71
7892	25.93
7893	3.4
7894	2.23
7895	4.69
7896	15.67
7897	8.47
7898	17.59
7899	13.22
7900	15.96
7901	10.25
7902	13.61
7903	9.93
7904	23.07
7905	2.71
7906	11.9
7907	18.77
7908	0.79
7909	8.18
7910	10.52
7911	34.85
7912	18.3
7913	1.5
7914	17.65
7915	18.37
7916	27.31
7917	10.95
7918	1.99
7919	2.87
7920	22.25
7921	0.21
7922	6.01
7923	19.56
7924	34.72
7925	0.6
7926	10.29
7927	16.9
7928	17.67
7929	14.28
7930	4.59
7931	9.52
7932	12.71
7933	12.82
7934	9.9
7935	16.17
7936	22.79
7937	4.3
7938	18.49
7939	10.68
7940	5.34
7941	9.97
7942	11.07
7943	7.16
7944	15.27
7945	5.69
7946	9.96
7947	3.08
7948	8.48
7949	19.27
7950	3.77
7951	31.94
7952	12.74
7953	4.08
7954	0.14
7955	11.05
7956	16.34
7957	9.24
7958	6.44
7959	0.12
7960	0.2
7961	11.39
7962	7.71
7963	12.03
7964	4.05
7965	3.82
7966	13.09
7967	21.26
7968	11.64
7969	0.68
7970	12.85
7971	24.66
7972	10.34
7973	25.59
7974	9.18
7975	19.47
7976	1.5
7977	6.22
7978	2.36
7979	4.82
7980	3.82
7981	11.08
7982	28.8
7983	17.46
7984	29.93
7985	4.98
7986	14.65
7987	15.12
7988	7.9
7989	11.66
7990	10.85
7991	11.26
7992	11.03
7993	16.9
7994	10.83
7995	9.45
7996	37.89
7997	2.39
7998	11.28
7999	19.51
8000	7.91
8001	2.15
8002	7.14
8003	7.59
8004	24.82
8005	4.93
8006	18.98
8007	16.94
8008	12.02
8009	1.15
8010	9.57
8011	4.45
8012	0.36
8013	17.13
8014	5.58
8015	2.69
8016	25.67
8017	13.88
8018	10.46
8019	2.48
8020	16.97
8021	17.18
8022	11.46
8023	5.95
8024	24.54
8025	5.74
8026	0.35
8027	8.52
8028	2.05
8029	30.98
8030	19.1
8031	1.09
8032	1.16
8033	10.92
8034	5.74
8035	21.97
8036	27.7
8037	24.7
8038	4.52
8039	13.06
8040	7.33
8041	21.27
8042	39.64
8043	5.48
8044	18.72
8045	12.18
8046	12.94
8047	40.65
8048	7.5
8049	19.8
8050	17.95
8051	10.55
8052	13.02
8053	19.27
8054	9.71
8055	5.11
8056	19.31
8057	13.67
8058	12.34
8059	21.85
8060	10.07
8061	20.75
8062	6.36
8063	8.57
8064	5.43
8065	3.76
8066	2.3
8067	27.27
8068	8.53
8069	21.76
8070	18.17
8071	7.7
8072	16.99
8073	10.06
8074	3.29
8075	2.68
8076	18.73
8077	22.02
8078	19.5
8079	32.42
8080	15.73
8081	7.74
8082	21.27
8083	21.14
8084	16.44
8085	5.52
8086	8.85
8087	17.74
8088	12.28
8089	4.8
8090	8.27
8091	14.52
8092	43.51
8093	8.93
8094	12.88
8095	7.67
8096	11.81
8097	11.38
8098	34.45
8099	17.87
8100	22.44
8101	11.26
8102	14.37
8103	5.83
8104	11.39
8105	4.67
8106	14.79
8107	4.96
8108	9.0
8109	16.09
8110	2.72
8111	21.74
8112	27.39
8113	24.56
8114	0.99
8115	8.04
8116	20.15
8117	16.65
8118	9.06
8119	3.19
8120	34.61
8121	16.21
8122	8.18
8123	14.28
8124	7.2
8125	1.54
8126	7.89
8127	17.46
8128	5.25
8129	7.35
8130	10.31
8131	1.72
8132	7.23
8133	21.74
8134	15.86
8135	3.5
8136	29.5
8137	12.72
8138	2.9
8139	4.19
8140	18.44
8141	8.98
8142	4.8
8143	0.13
8144	8.38
8145	10.73
8146	12.87
8147	3.57
8148	12.29
8149	2.96
8150	19.08
8151	16.33
8152	2.59
8153	17.38
8154	25.57
8155	19.31
8156	19.21
8157	9.33
8158	11.64
8159	5.42
8160	21.74
8161	4.87
8162	22.65
8163	11.32
8164	0.43
8165	5.91
8166	5.15
8167	0.53
8168	4.7
8169	6.92
8170	27.75
8171	13.72
8172	4.45
8173	11.39
8174	19.51
8175	25.5
8176	11.54
8177	2.86
8178	2.07
8179	6.9
8180	14.29
8181	1.62
8182	12.72
8183	17.39
8184	3.05
8185	2.37
8186	20.16
8187	26.34
8188	0.23
8189	10.29
8190	17.21
8191	9.72
8192	11.57
8193	19.74
8194	7.07
8195	20.34
8196	15.85
8197	21.35
8198	24.19
8199	3.33
8200	10.51
8201	20.1
8202	5.21
8203	10.9
8204	0.41
8205	5.07
8206	4.7
8207	2.12
8208	5.09
8209	10.79
8210	13.41
8211	26.85
8212	2.27
8213	10.05
8214	1.13
8215	12.61
8216	14.78
8217	9.89
8218	7.8
8219	28.43
8220	26.01
8221	28.63
8222	23.62
8223	10.86
8224	8.11
8225	21.4
8226	9.88
8227	0.8
8228	4.81
8229	20.8
8230	3.53
8231	2.28
8232	27.64
8233	8.22
8234	13.28
8235	17.09
8236	15.35
8237	14.56
8238	13.32
8239	20.11
8240	5.44
8241	39.92
8242	3.85
8243	23.74
8244	1.14
8245	0.19
8246	7.58
8247	22.46
8248	3.86
8249	1.68
8250	0.3
8251	17.15
8252	14.71
8253	0.22
8254	30.55
8255	17.36
8256	2.2
8257	6.79
8258	17.83
8259	12.61
8260	1.42
8261	23.58
8262	8.61
8263	5.32
8264	15.35
8265	24.88
8266	24.5
8267	13.04
8268	21.05
8269	12.3
8270	20.4
8271	1.24
8272	13.31
8273	14.83
8274	9.94
8275	27.77
8276	5.87
8277	2.02
8278	9.18
8279	17.43
8280	3.32
8281	21.37
8282	7.79
8283	11.51
8284	8.26
8285	2.39
8286	10.92
8287	15.05
8288	0.51
8289	7.03
8290	13.62
8291	18.59
8292	9.52
8293	3.06
8294	13.47
8295	15.35
8296	14.62
8297	13.22
