0	23.3
1	31.29
2	61.84
3	37.77
4	41.8
5	25.96
6	23.8
7	32.23
8	27.89
9	21.51
10	56.92
11	31.18
12	42.38
13	60.78
14	75.2
15	39.67
16	27.53
17	56.42
18	48.62
19	44.61
20	44.59
21	28.03
22	45.16
23	12.35
24	44.72
25	31.43
26	43.44
27	47.37
28	15.95
29	36.33
30	45.53
31	54.96
32	29.41
33	44.74
34	53.5
35	57.45
36	22.93
37	45.87
38	37.79
39	19.48
40	53.92
41	16.59
42	17.77
43	20.86
44	1.1
45	52.99
46	25.61
47	51.35
48	13.81
49	33.39
50	66.31
51	51.68
52	48.28
53	50.85
54	29.02
55	27.46
56	31.2
57	30.25
58	37.21
59	29.81
60	23.76
61	32.33
62	38.22
63	21.37
64	63.11
65	28.12
66	20.62
67	50.3
68	47.62
69	32.91
70	43.91
71	35.17
72	42.61
73	24.48
74	19.4
75	19.42
76	53.62
77	46.02
78	27.79
79	64.52
80	37.99
81	35.3
82	13.4
83	17.63
84	26.08
85	39.98
86	27.57
87	33.98
88	27.53
89	23.05
90	49.05
91	40.63
92	25.75
93	39.13
94	53.14
95	62.87
96	26.22
97	30.28
98	41.99
99	30.93
100	63.04
101	33.22
102	22.19
103	48.42
104	35.37
105	25.97
106	42.4
107	37.7
108	32.55
109	38.15
110	24.62
111	45.84
112	33.21
113	39.41
114	42.48
115	12.91
116	44.98
117	6.99
118	41.52
119	29.85
120	56.03
121	34.89
122	29.15
123	33.29
124	59.7
125	41.82
126	28.63
127	31.33
128	47.39
129	47.46
130	23.97
131	16.98
132	41.81
133	57.18
134	29.87
135	54.18
136	31.84
137	34.93
138	31.15
139	67.75
140	29.86
141	60.11
142	44.29
143	57.77
144	25.43
145	34.56
146	37.12
147	31.73
148	17.97
149	47.49
150	42.1
151	27.55
152	29.3
153	29.3
154	37.49
155	26.41
156	51.45
157	39.45
158	32.78
159	62.01
160	30.25
161	53.82
162	36.24
163	53.04
164	41.51
165	21.34
166	38.38
167	45.04
168	36.0
169	5.39
170	41.05
171	33.3
172	24.38
173	35.81
174	36.01
175	54.37
176	11.91
177	38.47
178	27.14
179	34.45
180	42.88
181	57.14
182	17.8
183	39.54
184	62.4
185	26.29
186	51.27
187	17.47
188	31.79
189	27.83
190	40.02
191	35.24
192	29.12
193	25.22
194	27.61
195	22.91
196	59.84
197	24.54
198	41.74
199	37.59
200	38.53
201	24.69
202	39.72
203	41.85
204	45.31
205	45.02
206	48.83
207	10.57
208	25.27
209	58.68
210	23.73
211	68.41
212	34.96
213	48.87
214	26.26
215	42.6
216	37.98
217	21.2
218	24.03
219	27.62
220	57.0
221	33.11
222	28.06
223	40.88
224	44.89
225	31.24
226	31.61
227	32.12
228	52.68
229	25.03
230	44.21
231	64.13
232	50.33
233	30.88
234	19.72
235	32.27
236	53.56
237	33.34
238	45.07
239	49.01
240	19.77
241	21.75
242	33.37
243	56.01
244	19.09
245	26.58
246	52.03
247	74.23
248	32.14
249	28.62
250	52.11
251	31.32
252	50.03
253	59.22
254	51.22
255	43.68
256	20.49
257	41.38
258	36.01
259	22.84
260	21.78
261	52.69
262	25.23
263	49.65
264	31.56
265	49.53
266	16.26
267	40.61
268	49.45
269	39.31
270	43.1
271	30.85
272	36.09
273	45.89
274	22.33
275	54.65
276	21.41
277	16.69
278	9.9
279	21.76
280	17.72
281	43.64
282	49.12
283	53.03
284	36.22
285	12.1
286	11.3
287	31.97
288	39.95
289	24.15
290	60.12
291	40.47
292	74.15
293	41.44
294	32.97
295	25.33
296	55.58
297	36.68
298	28.18
299	46.35
300	11.38
301	47.5
302	38.67
303	34.81
304	43.92
305	47.46
306	22.35
307	44.3
308	41.73
309	40.25
310	48.22
311	30.33
312	30.18
313	30.39
314	39.92
315	30.02
316	41.81
317	53.23
318	29.52
319	25.2
320	32.41
321	32.19
322	27.07
323	57.94
324	22.88
325	23.72
326	38.77
327	56.79
328	40.94
329	26.01
330	64.04
331	34.27
332	24.14
333	34.06
334	40.66
335	34.91
336	47.54
337	57.28
338	11.6
339	42.98
340	58.83
341	24.54
342	39.99
343	39.96
344	30.42
345	42.63
346	39.31
347	40.14
348	49.37
349	38.66
350	4.81
351	50.14
352	42.07
353	32.06
354	32.93
355	50.43
356	29.69
357	62.16
358	40.59
359	48.5
360	32.23
361	47.85
362	48.84
363	45.19
364	32.99
365	30.75
366	43.35
367	30.97
368	28.5
369	1.7
370	49.37
371	26.99
372	31.75
373	46.49
374	18.92
375	55.83
376	38.2
377	57.88
378	62.2
379	16.95
380	27.05
381	35.22
382	14.57
383	28.97
384	48.55
385	54.53
386	56.74
387	34.08
388	47.98
389	35.33
390	37.82
391	48.31
392	35.54
393	66.05
394	45.13
395	30.38
396	47.05
397	29.17
398	51.35
399	38.32
400	29.71
401	11.91
402	53.66
403	23.19
404	43.2
405	37.55
406	4.51
407	33.35
408	19.32
409	40.06
410	31.96
411	41.38
412	54.36
413	22.96
414	26.33
415	33.97
416	56.61
417	27.42
418	36.14
419	53.24
420	37.97
421	23.28
422	52.52
423	37.88
424	58.21
425	36.91
426	16.34
427	38.07
428	49.17
429	31.92
430	24.7
431	55.14
432	33.88
433	49.38
434	41.81
435	17.4
436	15.0
437	30.94
438	31.75
439	48.75
440	38.74
441	31.22
442	40.34
443	15.24
444	30.36
445	32.79
446	29.2
447	28.58
448	30.82
449	53.42
450	31.1
451	43.73
452	48.75
453	63.54
454	29.48
455	47.21
456	29.29
457	30.11
458	59.3
459	37.61
460	52.75
461	27.54
462	50.93
463	25.19
464	39.51
465	40.87
466	40.05
467	28.29
468	45.91
469	48.63
470	34.73
471	42.59
472	36.44
473	18.22
474	58.62
475	31.24
476	33.26
477	30.88
478	39.11
479	48.55
480	53.17
481	47.95
482	41.2
483	23.15
484	39.92
485	38.63
486	42.36
487	36.63
488	33.52
489	28.63
490	17.43
491	22.81
492	53.83
493	39.07
494	32.13
495	33.77
496	26.57
497	48.79
498	23.02
499	51.89
500	46.76
501	57.6
502	33.21
503	28.91
504	6.82
505	39.44
506	46.95
507	19.76
508	46.71
509	46.93
510	24.52
511	37.42
512	37.2
513	42.72
514	10.04
515	41.11
516	26.79
517	26.74
518	58.55
519	38.6
520	47.26
521	32.42
522	8.81
523	50.88
524	38.72
525	50.67
526	44.35
527	47.7
528	16.0
529	56.24
530	56.88
531	33.73
532	22.75
533	41.04
534	34.44
535	42.08
536	29.54
537	36.21
538	17.33
539	31.96
540	52.01
541	44.6
542	20.13
543	41.7
544	21.18
545	51.87
546	53.86
547	10.25
548	23.19
549	55.66
550	26.42
551	58.21
552	46.53
553	36.28
554	55.34
555	20.85
556	37.03
557	30.36
558	42.2
559	65.51
560	35.9
561	40.96
562	29.07
563	38.21
564	58.74
565	42.4
566	22.97
567	38.95
568	43.25
569	48.73
570	24.45
571	27.89
572	53.89
573	55.82
574	22.54
575	59.94
576	38.27
577	22.76
578	26.52
579	31.92
580	41.49
581	38.92
582	79.22
583	50.28
584	62.68
585	37.9
586	48.9
587	27.9
588	57.15
589	50.76
590	41.81
591	26.68
592	49.48
593	36.44
594	41.91
595	38.31
596	33.29
597	33.42
598	69.08
599	15.67
600	51.67
601	34.27
602	40.37
603	43.99
604	47.97
605	28.47
606	43.67
607	52.91
608	63.28
609	22.59
610	46.27
611	12.53
612	38.46
613	38.53
614	15.95
615	58.8
616	14.95
617	52.2
618	46.2
619	45.6
620	20.29
621	49.73
622	29.55
623	52.2
624	32.47
625	45.14
626	36.28
627	28.39
628	3.79
629	60.18
630	33.68
631	21.83
632	38.9
633	32.73
634	31.44
635	24.7
636	39.53
637	32.41
638	44.84
639	67.64
640	63.01
641	57.26
642	40.34
643	38.73
644	35.81
645	41.98
646	47.94
647	20.74
648	51.36
649	27.67
650	9.26
651	56.24
652	54.5
653	32.16
654	44.67
655	13.96
656	47.25
657	36.16
658	36.85
659	27.11
660	46.16
661	54.93
662	42.73
663	21.81
664	57.87
665	31.35
666	40.23
667	56.39
668	44.02
669	21.02
670	55.89
671	34.06
672	48.41
673	40.27
674	27.87
675	19.73
676	41.43
677	38.38
678	53.33
679	25.93
680	46.05
681	58.44
682	61.81
683	28.87
684	44.42
685	49.68
686	60.61
687	44.73
688	25.93
689	30.56
690	63.49
691	20.38
692	52.1
693	16.8
694	54.59
695	38.59
696	41.35
697	35.74
698	22.23
699	43.89
700	15.04
701	11.23
702	40.57
703	51.47
704	34.28
705	42.02
706	21.06
707	24.67
708	55.9
709	60.81
710	37.71
711	60.7
712	36.9
713	36.64
714	35.22
715	43.01
716	26.05
717	46.56
718	34.93
719	60.39
720	59.36
721	29.5
722	59.3
723	39.77
724	34.78
725	31.44
726	40.24
727	10.28
728	54.09
729	34.03
730	19.42
731	46.07
732	16.98
733	29.55
734	30.96
735	40.26
736	52.62
737	48.84
738	5.56
739	46.89
740	46.75
741	36.26
742	37.58
743	42.12
744	26.57
745	65.53
746	37.86
747	52.77
748	37.65
749	23.77
750	26.21
751	45.33
752	39.07
753	33.66
754	34.35
755	38.2
756	46.57
757	8.62
758	23.12
759	31.54
760	28.47
761	33.41
762	29.29
763	32.83
764	31.79
765	61.02
766	36.05
767	31.04
768	35.06
769	51.63
770	26.6
771	35.85
772	37.02
773	50.45
774	25.01
775	14.89
776	21.92
777	14.25
778	35.75
779	37.96
780	31.95
781	10.88
782	53.27
783	36.22
784	37.11
785	27.59
786	33.14
787	20.97
788	54.5
789	43.78
790	64.62
791	47.27
792	21.55
793	34.7
794	36.13
795	35.25
796	32.79
797	27.71
798	44.26
799	52.13
800	49.63
801	24.94
802	41.95
803	11.6
804	46.44
805	33.39
806	48.05
807	60.34
808	38.11
809	32.99
810	32.39
811	45.46
812	27.36
813	37.1
814	36.12
815	39.31
816	20.02
817	23.78
818	27.3
819	63.06
820	38.16
821	47.49
822	55.99
823	45.09
824	27.12
825	30.81
826	45.06
827	48.13
828	31.35
829	39.73
830	40.85
831	66.09
832	26.86
833	24.07
834	31.66
835	52.1
836	32.69
837	44.73
838	41.4
839	39.07
840	40.95
841	28.82
842	24.8
843	46.15
844	41.22
845	31.79
846	42.77
847	47.45
848	40.5
849	17.04
850	39.61
851	33.49
852	25.53
853	20.99
854	35.58
855	51.34
856	57.2
857	27.17
858	48.21
859	42.9
860	48.89
861	48.08
862	29.95
863	38.64
864	65.51
865	41.26
866	34.04
867	54.32
868	36.22
869	32.79
870	38.83
871	55.2
872	27.07
873	50.68
874	41.8
875	17.08
876	73.17
877	11.36
878	56.61
879	38.64
880	54.15
881	31.3
882	30.61
883	20.12
884	48.92
885	50.3
886	28.65
887	20.04
888	34.78
889	49.12
890	43.61
891	45.42
892	41.39
893	69.07
894	25.17
895	29.44
896	70.55
897	18.53
898	28.69
899	6.9
900	32.17
901	35.02
902	45.15
903	16.68
904	36.62
905	29.37
906	37.76
907	59.21
908	29.03
909	36.35
910	53.41
911	27.22
912	49.34
913	72.92
914	51.49
915	27.1
916	36.04
917	17.7
918	68.9
919	39.83
920	48.38
921	23.4
922	27.48
923	33.61
924	32.77
925	23.0
926	42.99
927	35.83
928	24.35
929	48.9
930	22.63
931	36.87
932	49.63
933	20.64
934	29.34
935	56.97
936	46.25
937	41.95
938	49.27
939	29.65
940	31.59
941	25.89
942	38.29
943	16.83
944	42.96
945	33.62
946	37.84
947	30.35
948	16.38
949	30.32
950	26.13
951	19.17
952	43.15
953	41.66
954	28.54
955	42.41
956	42.06
957	30.32
958	31.11
959	32.21
960	26.48
961	54.15
962	27.37
963	32.93
964	40.36
965	39.09
966	25.79
967	27.03
968	46.93
969	48.22
970	27.63
971	15.93
972	53.05
973	38.61
974	46.56
975	34.82
976	23.4
977	33.92
978	32.86
979	45.3
980	34.99
981	27.97
982	65.0
983	18.43
984	38.23
985	66.19
986	22.3
987	40.12
988	32.1
989	41.07
990	52.74
991	16.98
992	33.35
993	41.15
994	36.33
995	52.57
996	25.9
997	45.8
998	32.88
999	54.7
1000	48.18
1001	18.26
1002	63.45
1003	41.36
1004	40.73
1005	35.13
1006	35.39
1007	32.15
1008	18.51
1009	13.71
1010	62.2
1011	45.18
1012	51.37
1013	22.53
1014	49.28
1015	43.12
1016	56.54
1017	45.1
1018	44.98
1019	24.29
1020	51.55
1021	48.8
1022	17.57
1023	9.8
1024	37.68
1025	57.84
1026	46.51
1027	33.98
1028	43.23
1029	15.01
1030	26.94
1031	54.39
1032	58.84
1033	36.2
1034	57.11
1035	54.17
1036	45.7
1037	38.94
1038	49.31
1039	45.64
1040	36.09
1041	16.93
1042	32.94
1043	15.7
1044	51.25
1045	49.01
1046	42.03
1047	41.17
1048	27.31
1049	33.17
1050	34.48
1051	48.32
1052	12.12
1053	25.46
1054	37.73
1055	45.24
1056	47.79
1057	29.57
1058	18.21
1059	16.42
1060	54.93
1061	25.56
1062	27.18
1063	27.59
1064	30.1
1065	42.96
1066	30.7
1067	48.96
1068	50.21
1069	50.83
1070	33.53
1071	37.95
1072	33.2
1073	21.05
1074	29.15
1075	51.28
1076	26.64
1077	51.59
1078	61.78
1079	39.53
1080	45.36
1081	46.86
1082	35.06
1083	32.08
1084	41.55
1085	42.84
1086	35.62
1087	32.34
1088	51.07
1089	20.32
1090	38.53
1091	28.44
1092	17.85
1093	47.43
1094	44.29
1095	40.66
1096	23.18
1097	41.96
1098	35.13
1099	63.18
1100	25.11
1101	46.41
1102	49.23
1103	62.0
1104	27.23
1105	51.51
1106	27.13
1107	42.0
1108	17.84
1109	29.77
1110	27.23
1111	71.74
1112	21.08
1113	54.59
1114	38.12
1115	39.4
1116	53.11
1117	50.71
1118	16.19
1119	10.01
1120	57.27
1121	66.48
1122	34.39
1123	64.62
1124	31.61
1125	20.75
1126	40.3
1127	30.64
1128	25.1
1129	44.12
1130	36.0
1131	27.05
1132	60.9
1133	26.94
1134	37.7
1135	14.27
1136	31.25
1137	21.67
1138	42.7
1139	50.04
1140	37.54
1141	28.79
1142	53.81
1143	25.15
1144	34.81
1145	37.2
1146	27.83
1147	49.13
1148	28.28
1149	24.63
1150	27.97
1151	35.77
1152	24.05
1153	41.34
1154	23.14
1155	31.73
1156	33.73
1157	49.11
1158	57.08
1159	29.13
1160	17.64
1161	38.45
1162	41.95
1163	40.93
1164	18.66
1165	47.91
1166	34.73
1167	43.98
1168	42.08
1169	34.64
1170	49.26
1171	36.5
1172	35.07
1173	38.05
1174	75.85
1175	45.86
1176	39.75
1177	51.3
1178	34.91
1179	33.59
1180	41.98
1181	34.15
1182	41.76
1183	40.14
1184	22.56
1185	35.27
1186	27.89
1187	24.65
1188	38.41
1189	29.71
1190	27.61
1191	35.29
1192	34.37
1193	40.73
1194	38.69
1195	25.81
1196	54.31
1197	30.55
1198	33.6
1199	33.87
1200	29.33
1201	27.99
1202	22.67
1203	13.59
1204	43.58
1205	33.42
1206	25.84
1207	43.19
1208	62.18
1209	43.24
1210	32.61
1211	44.5
1212	42.98
1213	30.7
1214	53.28
1215	33.54
1216	48.03
1217	55.81
1218	51.12
1219	34.04
1220	40.39
1221	27.06
1222	42.88
1223	45.9
1224	47.3
1225	32.13
1226	48.16
1227	44.0
1228	53.82
1229	45.98
1230	32.02
1231	39.91
1232	29.54
1233	22.41
1234	24.0
1235	24.93
1236	38.41
1237	44.31
1238	58.71
1239	23.1
1240	18.83
1241	58.61
1242	12.61
1243	25.31
1244	40.94
1245	40.26
1246	14.11
1247	16.16
1248	28.83
1249	66.92
1250	22.18
1251	49.18
1252	40.21
1253	33.0
1254	34.89
1255	41.26
1256	48.81
1257	29.25
1258	59.26
1259	45.13
1260	26.04
1261	36.64
1262	35.71
1263	35.64
1264	39.97
1265	61.55
1266	16.9
1267	39.1
1268	69.14
1269	44.97
1270	13.64
1271	43.78
1272	33.32
1273	18.96
1274	44.83
1275	40.4
1276	63.9
1277	6.66
1278	42.05
1279	47.56
1280	38.64
1281	48.65
1282	23.21
1283	57.22
1284	39.21
1285	35.29
1286	30.79
1287	38.11
1288	41.13
1289	37.69
1290	20.7
1291	48.83
1292	38.03
1293	55.15
1294	44.71
1295	45.46
1296	44.26
1297	33.67
1298	25.68
1299	41.36
1300	62.56
1301	42.43
1302	27.4
1303	46.49
1304	40.75
1305	40.58
1306	28.1
1307	34.79
1308	37.67
1309	24.7
1310	31.31
1311	34.46
1312	26.48
1313	24.2
1314	49.49
1315	56.68
1316	21.54
1317	36.69
1318	18.25
1319	38.93
1320	30.02
1321	25.78
1322	24.63
1323	49.19
1324	44.72
1325	29.87
1326	39.76
1327	41.55
1328	15.64
1329	33.9
1330	51.88
1331	33.11
1332	31.69
1333	45.6
1334	55.02
1335	46.74
1336	53.34
1337	13.36
1338	28.2
1339	32.99
1340	31.08
1341	15.51
1342	45.13
1343	61.2
1344	34.52
1345	33.43
1346	30.88
1347	26.78
1348	56.62
1349	21.03
1350	29.74
1351	35.72
1352	62.42
1353	34.56
1354	21.9
1355	51.83
1356	43.76
1357	39.89
1358	47.96
1359	16.31
1360	36.62
1361	49.92
1362	35.62
1363	47.98
1364	36.31
1365	24.05
1366	17.07
1367	38.95
1368	32.92
1369	41.51
1370	73.43
1371	35.45
1372	60.1
1373	29.51
1374	44.03
1375	60.96
1376	34.94
1377	47.39
1378	36.59
1379	42.27
1380	8.66
1381	56.4
1382	54.61
1383	28.23
1384	31.03
1385	37.85
1386	59.31
1387	52.74
1388	60.88
1389	53.3
1390	61.32
1391	32.03
1392	28.27
1393	37.68
1394	52.73
1395	10.67
1396	65.56
1397	51.63
1398	31.28
1399	46.25
1400	23.34
1401	20.06
1402	5.9
1403	45.59
1404	36.49
1405	57.65
1406	19.56
1407	31.26
1408	36.63
1409	46.71
1410	33.88
1411	38.7
1412	53.21
1413	75.02
1414	45.4
1415	40.16
1416	41.12
1417	36.12
1418	40.78
1419	31.06
1420	52.89
1421	61.54
1422	34.12
1423	45.08
1424	56.9
1425	44.45
1426	31.56
1427	58.71
1428	18.3
1429	38.63
1430	51.22
1431	40.42
1432	44.19
1433	52.04
1434	57.83
1435	32.49
1436	51.95
1437	67.16
1438	46.05
1439	54.88
1440	47.71
1441	24.24
1442	42.34
1443	32.54
1444	25.9
1445	40.99
1446	52.96
1447	21.62
1448	55.76
1449	50.84
1450	44.71
1451	28.89
1452	26.91
1453	19.8
1454	29.11
1455	16.21
1456	18.85
1457	23.03
1458	24.18
1459	32.8
1460	36.85
1461	22.89
1462	50.53
1463	46.0
1464	67.19
1465	48.83
1466	46.93
1467	35.23
1468	49.08
1469	75.88
1470	40.77
1471	23.04
1472	28.82
1473	42.01
1474	60.32
1475	45.7
1476	31.56
1477	22.85
1478	21.25
1479	45.2
1480	49.04
1481	28.61
1482	53.08
1483	31.85
1484	36.05
1485	43.69
1486	54.58
1487	40.08
1488	39.13
1489	65.3
1490	48.9
1491	20.63
1492	42.85
1493	58.13
1494	44.15
1495	31.55
1496	38.87
1497	50.2
1498	52.06
1499	35.48
1500	28.32
1501	35.77
1502	30.3
1503	50.52
1504	29.13
1505	48.44
1506	15.51
1507	52.54
1508	41.12
1509	45.46
1510	59.19
1511	31.85
1512	27.86
1513	53.25
1514	72.22
1515	70.76
1516	26.63
1517	38.23
1518	47.92
1519	38.63
1520	54.38
1521	17.68
1522	38.84
1523	27.34
1524	48.61
1525	45.03
1526	20.66
1527	48.79
1528	36.9
1529	33.98
1530	44.91
1531	46.61
1532	43.15
1533	21.59
1534	28.4
1535	71.99
1536	44.69
1537	40.64
1538	34.27
1539	35.55
1540	26.3
1541	51.02
1542	39.24
1543	20.24
1544	67.08
1545	27.36
1546	63.08
1547	47.8
1548	49.27
1549	46.66
1550	49.69
1551	30.04
1552	52.01
1553	55.66
1554	36.39
1555	17.97
1556	47.41
1557	26.66
1558	54.76
1559	43.04
1560	25.82
1561	30.57
1562	56.27
1563	18.44
1564	45.18
1565	36.73
1566	41.95
1567	50.75
1568	15.92
1569	42.25
1570	56.12
1571	40.77
1572	36.96
1573	31.5
1574	58.49
1575	22.56
1576	31.23
1577	27.86
1578	35.05
1579	34.32
1580	23.72
1581	39.11
1582	27.74
1583	62.35
1584	49.88
1585	44.04
1586	35.58
1587	44.42
1588	28.18
1589	40.51
1590	19.28
1591	40.68
1592	21.1
1593	54.51
1594	36.31
1595	36.46
1596	8.46
1597	33.51
1598	36.08
1599	23.49
1600	15.88
1601	54.38
1602	40.59
1603	46.01
1604	51.97
1605	30.08
1606	17.28
1607	32.57
1608	45.94
1609	36.0
1610	38.97
1611	37.47
1612	26.94
1613	51.94
1614	32.44
1615	40.64
1616	43.31
1617	36.72
1618	39.82
1619	34.06
1620	49.0
1621	46.31
1622	48.29
1623	38.91
1624	5.87
1625	37.42
1626	56.33
1627	34.37
1628	32.96
1629	37.27
1630	46.94
1631	50.2
1632	30.86
1633	25.77
1634	26.65
1635	20.01
1636	45.32
1637	32.78
1638	37.82
1639	26.47
1640	24.81
1641	33.52
1642	35.05
1643	24.15
1644	62.76
1645	12.1
1646	52.54
1647	47.13
1648	23.39
1649	35.6
1650	54.13
1651	29.87
1652	18.37
1653	32.31
1654	25.58
1655	24.8
1656	33.48
1657	37.23
1658	25.92
1659	37.43
1660	19.64
1661	37.6
1662	32.0
1663	54.81
1664	46.62
1665	43.32
1666	27.21
1667	45.43
1668	69.34
1669	50.95
1670	48.89
1671	49.79
1672	31.8
1673	46.32
1674	22.44
1675	29.85
1676	37.22
1677	48.14
1678	45.71
1679	57.79
1680	65.92
1681	48.51
1682	9.2
1683	28.97
1684	32.48
1685	24.28
1686	37.42
1687	31.17
1688	33.42
1689	25.32
1690	59.84
1691	41.17
1692	37.84
1693	41.0
1694	34.28
1695	45.67
1696	4.46
1697	35.62
1698	45.27
1699	41.62
1700	17.07
1701	36.16
1702	39.04
1703	43.7
1704	33.08
1705	28.25
1706	35.54
1707	37.4
1708	40.92
1709	40.02
1710	56.86
1711	42.96
1712	43.34
1713	34.74
1714	38.32
1715	52.63
1716	24.61
1717	55.16
1718	34.49
1719	34.21
1720	34.43
1721	32.97
1722	63.53
1723	31.84
1724	35.59
1725	59.2
1726	60.61
1727	48.02
1728	19.08
1729	41.3
1730	12.58
1731	54.8
1732	11.01
1733	28.73
1734	52.13
1735	21.68
1736	43.67
1737	53.02
1738	34.45
1739	29.14
1740	24.88
1741	25.87
1742	51.99
1743	49.66
1744	36.07
1745	35.1
1746	52.18
1747	33.83
1748	29.32
1749	64.89
1750	60.35
1751	39.14
1752	30.01
1753	65.04
1754	48.26
1755	45.35
1756	61.63
1757	49.52
1758	20.27
1759	51.14
1760	21.31
1761	29.59
1762	15.86
1763	41.78
1764	13.99
1765	8.46
1766	33.52
1767	12.48
1768	51.0
1769	29.55
1770	43.8
1771	28.07
1772	57.4
1773	45.98
1774	28.77
1775	23.83
1776	32.12
1777	17.45
1778	44.84
1779	48.08
1780	52.51
1781	25.45
1782	35.42
1783	49.08
1784	37.37
1785	24.72
1786	36.26
1787	31.14
1788	20.68
1789	30.49
1790	30.94
1791	32.91
1792	51.43
1793	44.23
1794	47.12
1795	47.83
1796	29.68
1797	36.39
1798	40.28
1799	44.38
1800	45.48
1801	39.14
1802	44.12
1803	55.82
1804	25.92
1805	10.68
1806	19.48
1807	34.1
1808	36.06
1809	42.74
1810	19.28
1811	18.22
1812	14.58
1813	35.75
1814	52.4
1815	42.35
1816	7.61
1817	45.81
1818	43.6
1819	45.02
1820	22.18
1821	52.44
1822	30.7
1823	21.11
1824	38.04
1825	45.2
1826	35.47
1827	31.7
1828	51.01
1829	42.49
1830	23.94
1831	47.89
1832	39.94
1833	29.55
1834	33.21
1835	23.3
1836	40.39
1837	48.26
1838	20.64
1839	29.33
1840	54.1
1841	23.56
1842	48.19
1843	31.77
1844	50.82
1845	18.25
1846	64.95
1847	44.0
1848	39.62
1849	52.88
1850	45.62
1851	31.39
1852	44.08
1853	32.7
1854	43.36
1855	17.79
1856	69.23
1857	45.38
1858	28.91
1859	37.12
1860	35.22
1861	32.21
1862	24.29
1863	40.43
1864	53.34
1865	64.52
1866	25.03
1867	13.65
1868	50.74
1869	35.54
1870	17.87
1871	34.23
1872	50.19
1873	41.21
1874	54.77
1875	54.17
1876	62.96
1877	30.85
1878	30.59
1879	32.72
1880	34.38
1881	64.2
1882	55.45
1883	34.04
1884	14.79
1885	24.07
1886	36.89
1887	35.76
1888	58.0
1889	19.63
1890	37.11
1891	13.03
1892	31.67
1893	34.6
1894	30.7
1895	48.35
1896	9.66
1897	39.52
1898	15.98
1899	53.77
1900	36.86
1901	27.48
1902	4.56
1903	24.71
1904	27.21
1905	39.11
1906	28.15
1907	41.84
1908	24.05
1909	37.73
1910	51.01
1911	28.61
1912	51.93
1913	12.43
1914	32.12
1915	27.5
1916	35.12
1917	32.52
1918	40.65
1919	34.63
1920	40.89
1921	44.81
1922	36.06
1923	37.47
1924	50.34
1925	29.97
1926	49.58
1927	27.89
1928	55.88
1929	43.07
1930	36.19
1931	36.01
1932	45.33
1933	49.39
1934	30.67
1935	60.84
1936	31.11
1937	38.98
1938	39.92
1939	49.63
1940	43.04
1941	65.83
1942	48.25
1943	72.22
1944	39.73
1945	21.7
1946	40.53
1947	28.02
1948	56.34
1949	49.46
1950	2.87
1951	50.34
1952	46.43
1953	50.23
1954	19.34
1955	51.85
1956	32.37
1957	61.7
1958	47.05
1959	40.97
1960	17.45
1961	40.26
1962	36.5
1963	65.83
1964	25.9
1965	40.49
1966	36.58
1967	24.86
1968	27.74
1969	44.05
1970	52.0
1971	37.58
1972	11.64
1973	45.38
1974	46.55
1975	37.54
1976	31.56
1977	36.93
1978	37.14
1979	59.55
1980	21.81
1981	38.74
1982	24.22
1983	44.16
1984	32.13
1985	37.74
1986	8.67
1987	36.99
1988	39.3
1989	50.75
1990	50.15
1991	57.14
1992	40.29
1993	30.01
1994	42.1
1995	51.58
1996	44.11
1997	42.52
1998	29.31
1999	57.46
2000	47.8
2001	55.31
2002	30.6
2003	44.42
2004	39.46
2005	47.24
2006	41.65
2007	32.33
2008	21.92
2009	43.61
2010	66.37
2011	31.47
2012	19.44
2013	30.94
2014	32.5
2015	43.92
2016	28.99
2017	44.48
2018	24.49
2019	28.89
2020	31.59
2021	44.45
2022	27.11
2023	26.21
2024	49.03
2025	23.55
2026	18.99
2027	23.3
2028	27.35
2029	29.56
2030	51.36
2031	25.88
2032	33.75
2033	42.93
2034	42.31
2035	20.13
2036	38.75
2037	49.95
2038	40.53
2039	67.68
2040	24.43
2041	26.36
2042	29.85
2043	32.06
2044	55.08
2045	43.45
2046	52.78
2047	37.45
2048	45.14
2049	35.37
2050	42.31
2051	46.38
2052	41.2
2053	49.37
2054	29.14
2055	29.0
2056	34.71
2057	38.78
2058	50.07
2059	42.12
2060	32.56
2061	57.58
2062	22.96
2063	35.38
2064	50.99
2065	67.49
2066	66.63
2067	31.53
2068	38.73
2069	30.64
2070	48.68
2071	34.02
2072	27.91
2073	43.27
2074	25.84
2075	37.93
2076	43.42
2077	39.58
2078	42.8
2079	38.09
2080	27.26
2081	27.95
2082	42.66
2083	19.64
2084	34.1
2085	55.42
2086	34.72
2087	34.87
2088	27.1
2089	71.09
2090	48.85
2091	20.99
2092	32.59
2093	42.39
2094	27.75
2095	37.02
2096	54.54
2097	51.47
2098	37.97
2099	29.93
2100	48.94
2101	29.05
2102	57.48
2103	18.51
2104	25.87
2105	29.4
2106	44.12
2107	42.9
2108	19.76
2109	29.18
2110	39.16
2111	44.8
2112	42.38
2113	48.53
2114	21.79
2115	58.04
2116	37.43
2117	54.28
2118	37.26
2119	50.15
2120	51.92
2121	70.45
2122	14.18
2123	26.74
2124	23.58
2125	43.5
2126	48.91
2127	27.63
2128	58.42
2129	46.35
2130	39.51
2131	50.2
2132	32.37
2133	53.74
2134	27.39
2135	20.04
2136	57.59
2137	50.95
2138	37.35
2139	51.17
2140	54.86
2141	49.43
2142	39.82
2143	23.88
2144	52.4
2145	53.47
2146	40.25
2147	44.63
2148	28.42
2149	53.44
2150	34.98
2151	8.6
2152	38.83
2153	11.16
2154	63.32
2155	41.65
2156	28.18
2157	53.33
2158	27.07
2159	41.87
2160	82.42
2161	21.45
2162	48.81
2163	55.41
2164	44.9
2165	53.33
2166	36.58
2167	42.02
2168	56.97
2169	67.06
2170	22.34
2171	25.51
2172	34.72
2173	35.22
2174	35.0
2175	25.89
2176	37.78
2177	55.0
2178	13.64
2179	44.92
2180	42.56
2181	50.56
2182	18.65
2183	33.41
2184	39.04
2185	38.59
2186	28.46
2187	23.95
2188	13.61
2189	31.65
2190	41.39
2191	20.53
2192	30.06
2193	56.53
2194	53.93
2195	36.83
2196	19.08
2197	41.61
2198	45.36
2199	34.5
2200	38.57
2201	55.51
2202	48.42
2203	18.05
2204	37.55
2205	36.51
2206	43.05
2207	40.52
2208	31.13
2209	31.55
2210	42.75
2211	35.18
2212	33.52
2213	41.06
2214	58.14
2215	37.8
2216	30.66
2217	32.7
2218	26.85
2219	44.39
2220	41.13
2221	38.3
2222	31.26
2223	44.9
2224	5.9
2225	27.1
2226	31.71
2227	21.62
2228	33.82
2229	33.69
2230	51.19
2231	50.86
2232	57.24
2233	41.79
2234	42.23
2235	53.94
2236	69.52
2237	54.51
2238	51.95
2239	41.76
2240	27.56
2241	12.71
2242	53.97
2243	53.75
2244	34.79
2245	31.48
2246	52.91
2247	16.63
2248	47.07
2249	33.3
2250	20.79
2251	29.97
2252	34.91
2253	48.8
2254	31.47
2255	52.08
2256	33.99
2257	44.12
2258	46.96
2259	20.28
2260	23.42
2261	59.71
2262	21.61
2263	32.13
2264	21.32
2265	58.37
2266	68.84
2267	34.64
2268	51.44
2269	21.12
2270	35.55
2271	60.18
2272	48.24
2273	32.47
2274	38.21
2275	44.11
2276	3.24
2277	32.13
2278	29.49
2279	31.08
2280	40.01
2281	58.96
2282	35.33
2283	36.26
2284	30.54
2285	29.63
2286	55.47
2287	26.3
2288	24.43
2289	29.05
2290	44.37
2291	36.91
2292	72.85
2293	26.03
2294	34.74
2295	17.16
2296	48.61
2297	12.59
2298	47.78
2299	31.97
2300	32.42
2301	25.76
2302	35.33
2303	20.85
2304	33.45
2305	26.43
2306	39.41
2307	9.03
2308	30.6
2309	37.06
2310	61.9
2311	40.13
2312	42.69
2313	37.53
2314	39.09
2315	15.81
2316	37.2
2317	30.56
2318	56.87
2319	32.36
2320	39.25
2321	47.13
2322	41.09
2323	13.72
2324	26.41
2325	54.34
2326	29.7
2327	26.31
2328	34.34
2329	28.44
2330	45.85
2331	5.88
2332	37.79
2333	30.5
2334	25.15
2335	27.47
2336	27.17
2337	35.59
2338	28.13
2339	41.58
2340	10.97
2341	35.6
2342	67.7
2343	56.31
2344	60.08
2345	61.52
2346	24.88
2347	37.64
2348	31.39
2349	37.98
2350	36.0
2351	26.48
2352	44.28
2353	22.73
2354	11.95
2355	55.54
2356	57.13
2357	56.41
2358	45.87
2359	37.83
2360	41.94
2361	25.41
2362	54.11
2363	31.05
2364	28.71
2365	48.11
2366	27.73
2367	33.01
2368	32.58
2369	52.52
2370	32.74
2371	24.71
2372	18.97
2373	31.98
2374	53.1
2375	40.41
2376	62.18
2377	61.32
2378	24.3
2379	51.08
2380	57.82
2381	42.73
2382	33.95
2383	40.46
2384	22.94
2385	43.46
2386	34.68
2387	46.81
2388	28.33
2389	30.92
2390	20.84
2391	18.55
2392	53.38
2393	15.26
2394	24.27
2395	43.83
2396	26.39
2397	25.41
2398	41.73
2399	24.7
2400	39.47
2401	8.46
2402	20.04
2403	48.81
2404	23.15
2405	32.9
2406	51.58
2407	26.68
2408	21.73
2409	20.8
2410	26.16
2411	51.93
2412	31.01
2413	42.54
2414	34.34
2415	44.84
2416	22.74
2417	41.31
2418	30.7
2419	43.86
2420	57.14
2421	30.57
2422	50.75
2423	41.38
2424	61.08
2425	16.34
2426	35.76
2427	31.2
2428	40.46
2429	31.41
2430	58.75
2431	51.34
2432	42.88
2433	38.24
2434	5.46
2435	27.92
2436	54.98
2437	62.05
2438	41.26
2439	35.64
2440	59.08
2441	41.04
2442	42.98
2443	47.17
2444	40.73
2445	41.48
2446	9.05
2447	34.09
2448	45.38
2449	39.86
2450	33.76
2451	30.04
2452	23.66
2453	34.68
2454	34.86
2455	42.15
2456	34.77
2457	26.06
2458	49.56
2459	30.5
2460	31.32
2461	23.89
2462	50.21
2463	31.07
2464	30.37
2465	21.7
2466	38.82
2467	31.79
2468	32.56
2469	39.57
2470	24.54
2471	33.52
2472	11.82
2473	38.32
2474	29.29
2475	54.38
2476	17.08
2477	15.73
2478	36.79
2479	44.6
2480	50.42
2481	34.01
2482	40.2
2483	30.58
2484	29.19
2485	41.35
2486	47.02
2487	49.38
2488	35.96
2489	18.09
2490	26.33
2491	42.62
2492	23.52
2493	46.32
2494	25.81
2495	53.81
2496	37.21
2497	65.74
2498	49.89
2499	31.83
2500	36.5
2501	31.82
2502	26.39
2503	26.67
2504	44.72
2505	45.89
2506	34.94
2507	11.68
2508	48.81
2509	47.7
2510	31.98
2511	24.5
2512	9.72
2513	11.95
2514	45.4
2515	19.69
2516	51.42
2517	49.48
2518	40.56
2519	43.34
2520	35.55
2521	20.82
2522	36.01
2523	48.84
2524	27.83
2525	7.46
2526	44.95
2527	53.15
2528	30.53
2529	42.15
2530	22.01
2531	39.08
2532	35.22
2533	19.22
2534	35.99
2535	45.77
2536	54.06
2537	16.51
2538	49.35
2539	41.8
2540	35.89
2541	34.47
2542	21.04
2543	17.53
2544	38.56
2545	19.19
2546	47.25
2547	45.77
2548	26.97
2549	30.45
2550	29.56
2551	28.71
2552	28.3
2553	49.12
2554	22.7
2555	55.5
2556	40.77
2557	59.58
2558	52.01
2559	28.24
2560	33.98
2561	43.77
2562	32.4
2563	12.24
2564	36.75
2565	48.38
2566	43.13
2567	42.8
2568	46.43
2569	29.12
2570	61.68
2571	31.21
2572	29.21
2573	19.19
2574	50.76
2575	45.22
2576	46.68
2577	26.19
2578	34.14
2579	38.16
2580	5.46
2581	14.78
2582	37.87
2583	53.84
2584	32.05
2585	15.45
2586	52.55
2587	11.29
2588	33.46
2589	58.8
2590	37.49
2591	38.27
2592	37.62
2593	34.39
2594	27.55
2595	27.95
2596	24.87
2597	31.7
2598	7.75
2599	36.29
2600	19.88
2601	31.5
2602	24.08
2603	55.99
2604	43.05
2605	45.4
2606	38.24
2607	34.33
2608	50.62
2609	45.45
2610	13.93
2611	36.02
2612	44.7
2613	45.86
2614	22.67
2615	48.52
2616	43.93
2617	28.54
2618	53.71
2619	53.6
2620	38.99
2621	26.92
2622	28.58
2623	71.7
2624	52.15
2625	21.77
2626	74.94
2627	35.21
2628	25.88
2629	42.32
2630	45.27
2631	49.5
2632	40.52
2633	9.48
2634	56.34
2635	44.56
2636	33.18
2637	52.08
2638	66.02
2639	32.02
2640	30.83
2641	34.3
2642	36.3
2643	36.51
2644	37.47
2645	45.16
2646	41.78
2647	51.89
2648	55.98
2649	46.21
2650	36.97
2651	37.84
2652	66.86
2653	32.65
2654	15.99
2655	34.57
2656	54.74
2657	45.39
2658	32.12
2659	23.01
2660	31.7
2661	16.87
2662	22.54
2663	21.92
2664	23.18
2665	22.69
2666	45.25
2667	32.25
2668	25.91
2669	37.9
2670	32.08
2671	23.1
2672	26.79
2673	44.49
2674	42.42
2675	54.8
2676	43.65
2677	42.49
2678	60.85
2679	55.97
2680	63.48
2681	36.34
2682	20.53
2683	10.83
2684	30.56
2685	42.98
2686	29.67
2687	31.88
2688	17.29
2689	25.08
2690	35.96
2691	36.78
2692	27.02
2693	46.59
2694	42.89
2695	40.31
2696	40.15
2697	33.92
2698	41.94
2699	59.85
2700	37.25
2701	28.0
2702	45.65
2703	24.22
2704	14.35
2705	14.16
2706	34.01
2707	15.61
2708	39.83
2709	44.62
2710	41.03
2711	44.27
2712	34.39
2713	40.76
2714	55.83
2715	54.45
2716	60.6
2717	44.91
2718	16.8
2719	44.66
2720	56.5
2721	51.7
2722	39.85
2723	23.59
2724	20.8
2725	17.2
2726	33.72
2727	21.95
2728	25.12
2729	54.85
2730	20.2
2731	49.29
2732	46.71
2733	59.46
2734	11.47
2735	44.72
2736	37.32
2737	38.31
2738	49.47
2739	41.19
2740	46.66
2741	72.0
2742	45.44
2743	42.71
2744	24.06
2745	29.07
2746	49.44
2747	26.62
2748	62.13
2749	39.43
2750	46.05
2751	25.98
2752	18.49
2753	48.77
2754	34.28
2755	40.23
2756	33.56
2757	23.61
2758	35.18
2759	40.4
2760	45.25
2761	17.11
2762	49.34
2763	36.94
2764	32.42
2765	17.39
2766	30.65
2767	33.83
2768	33.15
2769	21.83
2770	21.81
2771	34.05
2772	22.79
2773	37.51
2774	27.18
2775	56.53
2776	38.3
2777	37.79
2778	35.78
2779	31.61
2780	40.51
2781	15.94
2782	37.45
2783	31.77
2784	41.86
2785	17.69
2786	58.66
2787	27.14
2788	72.1
2789	35.54
2790	55.18
2791	34.35
2792	42.83
2793	53.41
2794	32.35
2795	42.14
2796	15.45
2797	51.52
2798	58.64
2799	33.7
2800	38.31
2801	41.86
2802	48.75
2803	37.64
2804	19.45
2805	27.23
2806	41.51
2807	50.34
2808	51.59
2809	43.16
2810	44.4
2811	42.99
2812	35.26
2813	33.87
2814	42.45
2815	28.22
2816	48.02
2817	31.85
2818	27.71
2819	40.55
2820	38.52
2821	52.97
2822	46.16
2823	49.79
2824	32.04
2825	47.53
2826	50.85
2827	59.95
2828	27.87
2829	46.89
2830	38.65
2831	36.03
2832	30.95
2833	42.27
2834	33.33
2835	27.61
2836	38.99
2837	38.94
2838	52.62
2839	31.11
2840	42.23
2841	49.44
2842	24.12
2843	25.82
2844	26.23
2845	36.61
2846	29.18
2847	26.26
2848	42.04
2849	46.04
2850	33.61
2851	40.11
2852	46.26
2853	39.18
2854	40.81
2855	42.07
2856	41.36
2857	39.5
2858	26.44
2859	51.32
2860	26.06
2861	16.05
2862	41.39
2863	39.68
2864	31.73
2865	49.03
2866	57.07
2867	41.94
2868	31.47
2869	48.93
2870	58.06
2871	52.96
2872	14.97
2873	30.44
2874	38.01
2875	42.13
2876	42.39
2877	52.67
2878	49.14
2879	16.78
2880	37.45
2881	57.26
2882	14.14
2883	45.71
2884	53.53
2885	37.8
2886	14.38
2887	29.72
2888	46.44
2889	42.86
2890	42.63
2891	50.25
2892	38.29
2893	16.57
2894	36.34
2895	40.97
2896	47.64
2897	39.5
2898	56.24
2899	54.64
2900	32.62
2901	31.4
2902	17.96
2903	53.98
2904	33.01
2905	45.09
2906	34.4
2907	27.2
2908	26.06
2909	27.12
2910	19.67
2911	56.02
2912	48.47
2913	45.13
2914	29.85
2915	67.87
2916	39.05
2917	18.89
2918	41.42
2919	67.12
2920	56.58
2921	41.8
2922	47.88
2923	28.98
2924	30.99
2925	42.36
2926	34.69
2927	57.37
2928	42.7
2929	47.18
2930	46.61
2931	47.09
2932	22.62
2933	31.12
2934	25.85
2935	39.94
2936	38.96
2937	60.93
2938	34.97
2939	71.56
2940	36.29
2941	47.16
2942	32.49
2943	29.77
2944	32.55
2945	32.2
2946	45.96
2947	44.39
2948	28.0
2949	34.4
2950	49.23
2951	33.52
2952	47.7
2953	17.24
2954	55.16
2955	41.83
2956	48.73
2957	45.48
2958	49.89
2959	40.61
2960	24.51
2961	34.7
2962	32.86
2963	22.93
2964	46.96
2965	41.6
2966	38.07
2967	42.19
2968	36.81
2969	20.58
2970	40.58
2971	48.29
2972	38.48
2973	56.97
2974	27.39
2975	55.0
2976	33.11
2977	38.3
2978	8.83
2979	39.16
2980	17.3
2981	47.45
2982	31.71
2983	27.08
2984	28.01
2985	40.84
2986	53.01
2987	70.39
2988	34.49
2989	37.22
2990	16.83
2991	23.9
2992	21.26
2993	47.44
2994	50.0
2995	58.44
2996	30.06
2997	65.15
2998	58.15
2999	58.33
3000	49.11
3001	48.14
3002	48.45
3003	17.05
3004	40.98
3005	16.02
3006	33.48
3007	38.23
3008	51.54
3009	43.4
3010	45.55
3011	68.4
3012	61.63
3013	27.32
3014	49.2
3015	42.88
3016	51.14
3017	38.95
3018	29.79
3019	33.11
3020	39.71
3021	24.88
3022	54.97
3023	21.14
3024	51.31
3025	23.46
3026	19.36
3027	36.15
3028	12.8
3029	73.0
3030	46.72
3031	32.64
3032	8.69
3033	46.93
3034	34.9
3035	47.86
3036	55.03
3037	33.68
3038	22.82
3039	38.52
3040	5.1
3041	53.02
3042	28.15
3043	26.34
3044	27.64
3045	38.87
3046	28.84
3047	22.54
3048	26.63
3049	23.16
3050	35.34
3051	33.65
3052	23.27
3053	36.91
3054	60.48
3055	36.76
3056	32.63
3057	22.92
3058	32.22
3059	38.77
3060	18.62
3061	22.18
3062	28.22
3063	60.22
3064	56.77
3065	24.54
3066	43.0
3067	14.62
3068	24.87
3069	49.85
3070	57.37
3071	41.77
3072	48.98
3073	44.28
3074	42.32
3075	49.66
3076	27.38
3077	40.44
3078	36.32
3079	39.73
3080	13.89
3081	23.86
3082	29.92
3083	24.73
3084	37.96
3085	28.15
3086	33.66
3087	16.99
3088	19.08
3089	48.09
3090	32.73
3091	21.2
3092	51.28
3093	5.65
3094	32.93
3095	58.18
3096	30.79
3097	40.77
3098	31.16
3099	62.36
3100	38.67
3101	44.09
3102	48.32
3103	38.21
3104	57.73
3105	23.09
3106	30.08
3107	50.66
3108	51.21
3109	26.21
3110	36.72
3111	47.36
3112	29.83
3113	40.21
3114	40.62
3115	27.66
3116	33.37
3117	66.96
3118	33.74
3119	23.72
3120	9.09
3121	47.0
3122	20.68
3123	38.86
3124	53.66
3125	25.76
3126	42.43
3127	31.82
3128	27.31
3129	40.75
3130	44.16
3131	30.76
3132	25.64
3133	37.48
3134	23.41
3135	25.27
3136	42.47
3137	9.91
3138	41.43
3139	32.69
3140	45.53
3141	18.64
3142	25.46
3143	49.81
3144	25.75
3145	40.57
3146	36.0
3147	28.82
3148	25.74
3149	73.42
3150	48.38
3151	14.28
3152	42.55
3153	42.92
3154	37.74
3155	44.04
3156	46.21
3157	44.92
3158	29.0
3159	39.23
3160	36.24
3161	54.17
3162	69.04
3163	32.88
3164	32.18
3165	47.27
3166	51.63
3167	36.29
3168	70.79
3169	33.75
3170	21.67
3171	46.79
3172	32.23
3173	51.66
3174	39.74
3175	39.99
3176	65.4
3177	41.16
3178	58.66
3179	35.4
3180	32.11
3181	48.15
3182	9.28
3183	58.1
3184	14.9
3185	22.68
3186	40.67
3187	17.43
3188	44.33
3189	27.99
3190	56.59
3191	41.37
3192	34.26
3193	35.38
3194	20.5
3195	35.87
3196	26.23
3197	42.73
3198	24.39
3199	54.0
3200	20.17
3201	19.21
3202	39.35
3203	31.84
3204	33.2
3205	27.48
3206	33.27
3207	60.95
3208	19.79
3209	40.33
3210	21.61
3211	35.02
3212	44.64
3213	34.71
3214	61.78
3215	47.18
3216	35.95
3217	17.59
3218	41.65
3219	7.79
3220	49.78
3221	29.19
3222	49.83
3223	57.67
3224	36.9
3225	21.77
3226	24.38
3227	26.96
3228	50.88
3229	54.99
3230	24.02
3231	35.67
3232	24.49
3233	12.74
3234	37.66
3235	49.16
3236	34.94
3237	32.11
3238	13.98
3239	60.86
3240	41.84
3241	62.16
3242	11.76
3243	26.76
3244	29.61
3245	47.59
3246	32.45
3247	32.77
3248	41.0
3249	19.55
3250	51.49
3251	37.65
3252	30.15
3253	35.96
3254	53.69
3255	41.18
3256	48.32
3257	46.55
3258	14.05
3259	51.5
3260	33.13
3261	18.17
3262	44.75
3263	26.19
3264	37.29
3265	24.9
3266	32.84
3267	16.84
3268	31.3
3269	13.01
3270	46.09
3271	28.17
3272	43.48
3273	59.56
3274	24.42
3275	36.3
3276	29.83
3277	65.94
3278	55.29
3279	28.3
3280	34.14
3281	26.78
3282	39.81
3283	52.77
3284	39.34
3285	46.38
3286	38.89
3287	38.35
3288	27.75
3289	18.71
3290	33.91
3291	55.99
3292	32.98
3293	66.23
3294	26.62
3295	42.44
3296	42.09
3297	66.44
3298	33.08
3299	24.26
3300	54.87
3301	24.92
3302	25.51
3303	45.91
3304	43.53
3305	11.35
3306	53.82
3307	28.01
3308	4.75
3309	52.2
3310	59.3
3311	58.62
3312	24.72
3313	34.25
3314	12.76
3315	32.62
3316	26.37
3317	34.57
3318	37.06
3319	35.63
3320	30.93
3321	39.22
3322	67.35
3323	25.52
3324	23.93
3325	23.51
3326	45.15
3327	35.16
3328	25.87
3329	35.37
3330	21.43
3331	59.28
3332	26.76
3333	44.33
3334	26.98
3335	40.11
3336	35.37
3337	40.5
3338	37.69
3339	50.37
3340	24.73
3341	27.15
3342	30.54
3343	67.06
3344	49.21
3345	38.32
3346	51.58
3347	31.54
3348	44.68
3349	40.12
3350	19.96
3351	27.81
3352	17.3
3353	22.16
3354	14.99
3355	0.49
3356	44.01
3357	35.01
3358	32.78
3359	40.97
3360	34.05
3361	46.62
3362	25.13
3363	41.89
3364	32.29
3365	14.93
3366	39.65
3367	55.4
3368	31.55
3369	48.02
3370	20.66
3371	36.1
3372	46.86
3373	43.1
3374	16.34
3375	30.71
3376	58.51
3377	22.77
3378	40.23
3379	49.05
3380	20.48
3381	33.28
3382	28.66
3383	52.63
3384	34.45
3385	59.88
3386	50.58
3387	56.29
3388	24.45
3389	26.6
3390	22.1
3391	33.98
3392	49.6
3393	38.81
3394	24.38
3395	39.63
3396	34.97
3397	60.46
3398	42.85
3399	46.49
3400	50.12
3401	28.25
3402	50.76
3403	48.62
3404	46.23
3405	46.85
3406	45.04
3407	25.34
3408	30.95
3409	22.9
3410	41.84
3411	49.4
3412	44.67
3413	42.87
3414	44.36
3415	30.61
3416	37.78
3417	18.39
3418	32.82
3419	49.32
3420	61.33
3421	52.72
3422	50.47
3423	52.11
3424	15.65
3425	56.19
3426	31.95
3427	44.05
3428	31.48
3429	72.09
3430	58.24
3431	50.67
3432	41.38
3433	63.36
3434	50.2
3435	40.4
3436	29.83
3437	55.23
3438	25.85
3439	46.42
3440	40.32
3441	41.23
3442	25.92
3443	26.63
3444	27.0
3445	27.69
3446	23.89
3447	36.92
3448	63.42
3449	38.17
3450	38.98
3451	41.63
3452	56.48
3453	44.35
3454	39.36
3455	44.89
3456	23.88
3457	42.66
3458	52.17
3459	41.01
3460	55.19
3461	35.34
3462	16.57
3463	23.65
3464	23.06
3465	36.28
3466	19.44
3467	39.78
3468	62.02
3469	34.05
3470	49.53
3471	26.69
3472	59.42
3473	42.17
3474	26.41
3475	29.91
3476	22.67
3477	32.93
3478	61.03
3479	36.35
3480	44.98
3481	23.58
3482	41.86
3483	32.1
3484	46.45
3485	14.68
3486	52.83
3487	50.9
3488	58.5
3489	34.66
3490	25.63
3491	34.51
3492	41.83
3493	50.13
3494	43.05
3495	36.22
3496	39.19
3497	28.51
3498	52.44
3499	23.61
3500	33.65
3501	31.94
3502	22.47
3503	11.38
3504	33.11
3505	22.13
3506	46.27
3507	31.1
3508	33.16
3509	38.37
3510	8.91
3511	34.16
3512	50.87
3513	44.02
3514	33.47
3515	35.87
3516	31.28
3517	54.97
3518	40.71
3519	26.56
3520	25.65
3521	47.45
3522	40.95
3523	28.32
3524	26.36
3525	20.82
3526	43.45
3527	56.76
3528	38.46
3529	49.69
3530	35.06
3531	16.16
3532	24.58
3533	27.02
3534	37.74
3535	44.69
3536	59.09
3537	28.11
3538	37.34
3539	38.85
3540	25.27
3541	44.92
3542	39.16
3543	30.73
3544	35.51
3545	34.86
3546	25.11
3547	56.38
3548	41.66
3549	30.95
3550	17.38
3551	39.52
3552	40.46
3553	42.46
3554	66.88
3555	22.0
3556	29.72
3557	49.67
3558	13.33
3559	33.46
3560	24.06
3561	71.51
3562	48.15
3563	35.37
3564	31.1
3565	43.34
3566	53.58
3567	57.01
3568	33.27
3569	37.86
3570	30.64
3571	16.47
3572	37.91
3573	64.78
3574	6.19
3575	30.77
3576	59.2
3577	55.31
3578	64.14
3579	30.61
3580	30.09
3581	16.89
3582	39.88
3583	58.35
3584	20.66
3585	38.28
3586	34.9
3587	18.81
3588	42.02
3589	44.69
3590	31.64
3591	36.39
3592	39.4
3593	37.77
3594	20.27
3595	51.44
3596	29.69
3597	14.57
3598	31.91
3599	50.97
3600	38.96
3601	37.81
3602	52.12
3603	55.0
3604	43.04
3605	18.59
3606	31.28
3607	41.66
3608	29.19
3609	31.73
3610	42.92
3611	20.67
3612	24.03
3613	50.65
3614	33.1
3615	51.47
3616	8.78
3617	30.97
3618	34.34
3619	36.61
3620	30.55
3621	64.28
3622	32.44
3623	49.24
3624	15.05
3625	16.59
3626	36.04
3627	31.4
3628	32.95
3629	40.76
3630	54.2
3631	36.76
3632	18.69
3633	19.11
3634	35.9
3635	38.77
3636	37.48
3637	32.94
3638	45.36
3639	26.64
3640	34.65
3641	29.25
3642	61.24
3643	50.01
3644	47.78
3645	46.33
3646	40.18
3647	50.71
3648	39.51
3649	41.48
3650	48.42
3651	60.48
3652	25.44
3653	73.95
3654	42.86
3655	32.87
3656	40.39
3657	42.17
3658	53.05
3659	58.39
3660	31.03
3661	32.86
3662	36.75
3663	48.83
3664	37.02
3665	37.46
3666	33.22
3667	24.96
3668	24.77
3669	59.67
3670	54.01
3671	26.88
3672	4.01
3673	37.71
3674	29.59
3675	42.83
3676	35.44
3677	38.07
3678	31.0
3679	40.95
3680	42.41
3681	44.16
3682	35.32
3683	25.59
3684	40.23
3685	41.21
3686	39.7
3687	42.33
3688	41.63
3689	54.36
3690	42.04
3691	57.38
3692	34.91
3693	29.51
3694	34.32
3695	47.09
3696	25.85
3697	61.39
3698	42.52
3699	34.43
3700	26.36
3701	39.69
3702	54.28
3703	29.23
3704	60.62
3705	46.19
3706	70.65
3707	58.94
3708	31.3
3709	66.58
3710	32.07
3711	28.12
3712	33.21
3713	30.91
3714	21.75
3715	42.83
3716	37.38
3717	28.41
3718	29.8
3719	45.1
3720	49.47
3721	50.96
3722	36.17
3723	32.85
3724	51.0
3725	25.11
3726	29.69
3727	33.49
3728	30.29
3729	39.99
3730	38.85
3731	36.42
3732	31.99
3733	38.07
3734	61.08
3735	32.13
3736	56.53
3737	52.74
3738	24.36
3739	47.48
3740	53.85
3741	38.1
3742	45.4
3743	37.49
3744	33.74
3745	44.29
3746	35.13
3747	30.95
3748	30.65
3749	25.2
3750	24.91
3751	35.21
3752	49.13
3753	23.49
3754	23.81
3755	26.41
3756	43.99
3757	44.59
3758	38.1
3759	49.95
3760	48.96
3761	47.86
3762	34.85
3763	23.21
3764	33.3
3765	37.87
3766	59.46
3767	38.22
3768	45.18
3769	48.39
3770	58.98
3771	40.45
3772	42.06
3773	38.23
3774	44.16
3775	20.34
3776	26.8
3777	35.86
3778	49.32
3779	39.13
3780	17.07
3781	24.99
3782	27.9
3783	37.46
3784	47.49
3785	38.86
3786	18.84
3787	24.9
3788	61.06
3789	46.41
3790	40.64
3791	46.24
3792	36.48
3793	41.72
3794	43.36
3795	56.98
3796	53.56
3797	45.04
3798	51.69
3799	24.77
3800	54.38
3801	45.51
3802	36.2
3803	56.3
3804	35.94
3805	50.97
3806	45.5
3807	57.84
3808	45.58
3809	18.74
3810	43.87
3811	60.78
3812	33.72
3813	17.61
3814	21.25
3815	44.32
3816	41.52
3817	28.07
3818	20.08
3819	48.81
3820	30.11
3821	41.7
3822	16.32
3823	20.93
3824	47.21
3825	22.56
3826	33.02
3827	16.47
3828	22.52
3829	47.67
3830	40.34
3831	41.47
3832	33.25
3833	29.54
3834	35.75
3835	15.86
3836	58.41
3837	21.76
3838	33.4
3839	37.58
3840	33.99
3841	26.56
3842	45.56
3843	24.74
3844	23.44
3845	39.33
3846	31.25
3847	33.78
3848	37.5
3849	30.81
3850	30.75
3851	46.56
3852	6.94
3853	40.89
3854	33.26
3855	42.45
3856	59.48
3857	38.33
3858	23.44
3859	40.87
3860	56.29
3861	55.88
3862	39.07
3863	28.2
3864	28.88
3865	44.68
3866	48.76
3867	21.19
3868	41.68
3869	21.62
3870	28.97
3871	22.78
3872	77.79
3873	24.2
3874	41.94
3875	46.95
3876	17.8
3877	55.04
3878	41.23
3879	39.24
3880	45.08
3881	32.76
3882	44.12
3883	35.22
3884	31.12
3885	19.35
3886	58.71
3887	25.59
3888	60.25
3889	30.03
3890	54.81
3891	31.33
3892	39.96
3893	35.45
3894	40.41
3895	40.37
3896	57.53
3897	29.44
3898	25.14
3899	52.55
3900	34.39
3901	29.01
3902	28.34
3903	49.49
3904	28.56
3905	33.51
3906	35.91
3907	35.89
3908	57.37
3909	50.21
3910	48.88
3911	38.69
3912	26.73
3913	64.64
3914	43.62
3915	38.52
3916	10.63
3917	58.49
3918	21.62
3919	46.21
3920	28.9
3921	20.88
3922	29.9
3923	19.94
3924	39.92
3925	29.57
3926	29.48
3927	24.22
3928	22.03
3929	32.03
3930	33.89
3931	41.39
3932	24.83
3933	13.05
3934	26.54
3935	47.63
3936	31.42
3937	32.5
3938	14.45
3939	40.32
3940	34.88
3941	36.91
3942	38.93
3943	39.95
3944	44.53
3945	38.28
3946	71.1
3947	35.04
3948	27.29
3949	47.62
3950	38.8
3951	36.22
3952	48.4
3953	56.09
3954	15.63
3955	49.95
3956	48.38
3957	42.64
3958	44.19
3959	39.29
3960	31.15
3961	30.8
3962	36.67
3963	63.34
3964	37.64
3965	39.7
3966	34.16
3967	20.78
3968	42.34
3969	34.78
3970	40.95
3971	56.82
3972	33.48
3973	46.93
3974	63.45
3975	31.04
3976	30.52
3977	53.57
3978	44.52
3979	40.65
3980	49.32
3981	23.42
3982	41.83
3983	46.93
3984	51.84
3985	34.35
3986	27.1
3987	42.56
3988	58.6
3989	41.37
3990	57.3
3991	24.35
3992	20.6
3993	29.64
3994	40.2
3995	34.92
3996	47.51
3997	6.82
3998	65.15
3999	29.22
4000	39.48
4001	38.26
4002	49.24
4003	27.1
4004	61.52
4005	64.47
4006	41.01
4007	46.86
4008	35.13
4009	56.46
4010	48.62
4011	28.01
4012	43.28
4013	21.8
4014	41.39
4015	43.12
4016	25.91
4017	35.42
4018	46.89
4019	37.12
4020	43.21
4021	10.85
4022	40.13
4023	33.1
4024	26.75
4025	53.0
4026	37.39
4027	48.38
4028	47.76
4029	33.03
4030	12.85
4031	28.33
4032	14.45
4033	17.94
4034	23.35
4035	56.38
4036	30.67
4037	29.99
4038	36.3
4039	54.55
4040	33.63
4041	50.61
4042	49.57
4043	19.24
4044	38.78
4045	66.47
4046	30.1
4047	48.56
4048	40.62
4049	51.87
4050	43.13
4051	24.68
4052	41.91
4053	44.27
4054	29.22
4055	35.02
4056	32.55
4057	25.66
4058	41.97
4059	36.75
4060	34.27
4061	14.21
4062	58.54
4063	40.71
4064	61.93
4065	37.81
4066	34.33
4067	67.09
4068	31.38
4069	27.19
4070	34.92
4071	51.49
4072	20.57
4073	49.38
4074	49.32
4075	34.17
4076	87.0
4077	71.3
4078	48.72
4079	39.38
4080	36.82
4081	39.12
4082	36.8
4083	5.92
4084	42.31
4085	34.72
4086	42.23
4087	40.51
4088	38.06
4089	38.22
4090	34.73
4091	49.65
4092	35.88
4093	24.52
4094	44.13
4095	37.95
4096	42.3
4097	54.87
4098	33.62
4099	65.9
4100	37.83
4101	41.32
4102	21.99
4103	33.7
4104	47.15
4105	33.77
4106	31.01
4107	13.94
4108	41.82
4109	21.94
4110	45.14
4111	48.33
4112	38.92
4113	38.89
4114	38.7
4115	40.02
4116	45.19
4117	42.49
4118	45.93
4119	58.47
4120	22.36
4121	60.05
4122	27.52
4123	23.44
4124	6.04
4125	29.34
4126	23.49
4127	34.24
4128	40.46
4129	35.36
4130	68.93
4131	59.37
4132	57.17
4133	32.57
4134	46.85
4135	38.66
4136	36.35
4137	46.67
4138	49.6
4139	28.35
4140	31.4
4141	33.9
4142	46.28
4143	23.69
4144	41.38
4145	20.34
4146	37.76
4147	24.77
4148	37.89
4149	38.49
4150	51.61
4151	37.73
4152	33.72
4153	37.98
4154	49.99
4155	10.79
4156	27.43
4157	38.12
4158	38.11
4159	56.3
4160	28.87
4161	27.66
4162	32.94
4163	30.18
4164	26.99
4165	31.68
4166	21.77
4167	7.81
4168	27.92
4169	25.85
4170	49.29
4171	23.15
4172	50.31
4173	18.92
4174	37.33
4175	57.07
4176	50.81
4177	9.92
4178	49.62
4179	52.9
4180	24.24
4181	63.71
4182	38.01
4183	22.52
4184	42.23
4185	26.57
4186	55.04
4187	14.38
4188	37.76
4189	52.3
4190	32.11
4191	35.14
4192	27.42
4193	42.13
4194	23.01
4195	37.44
4196	20.82
4197	46.96
4198	40.99
4199	34.62
4200	30.19
4201	29.1
4202	55.85
4203	35.58
4204	58.7
4205	53.94
4206	47.25
4207	25.32
4208	40.78
4209	50.35
4210	6.18
4211	38.79
4212	34.57
4213	67.76
4214	48.4
4215	40.78
4216	28.29
4217	54.37
4218	37.51
4219	31.91
4220	48.07
4221	48.17
4222	60.83
4223	17.29
4224	34.33
4225	35.71
4226	49.0
4227	22.0
4228	45.64
4229	34.41
4230	40.07
4231	36.85
4232	76.91
4233	39.33
4234	29.36
4235	51.9
4236	6.33
4237	59.57
4238	52.95
4239	39.29
4240	24.62
4241	34.65
4242	57.82
4243	24.13
4244	33.19
4245	3.08
4246	20.95
4247	33.01
4248	38.51
4249	42.79
4250	50.7
4251	53.6
4252	42.0
4253	40.54
4254	12.73
4255	49.05
4256	21.88
4257	39.91
4258	39.92
4259	30.33
4260	44.94
4261	56.53
4262	28.93
4263	50.91
4264	45.25
4265	52.46
4266	28.8
4267	25.05
4268	7.87
4269	31.56
4270	37.45
4271	17.76
4272	54.73
4273	34.18
4274	26.45
4275	28.67
4276	24.52
4277	40.04
4278	42.99
4279	35.3
4280	55.66
4281	36.7
4282	26.22
4283	45.53
4284	44.43
4285	41.58
4286	48.05
4287	31.02
4288	40.02
4289	60.15
4290	27.57
4291	30.04
4292	44.99
4293	37.28
4294	12.57
4295	24.5
4296	44.08
4297	30.54
4298	33.8
4299	27.1
4300	32.85
4301	19.31
4302	45.03
4303	24.67
4304	17.6
4305	26.2
4306	18.31
4307	26.57
4308	45.74
4309	24.07
4310	44.32
4311	53.71
4312	19.8
4313	17.87
4314	45.73
4315	51.92
4316	33.3
4317	13.94
4318	26.46
4319	41.78
4320	37.68
4321	22.68
4322	60.65
4323	36.44
4324	22.5
4325	27.03
4326	15.63
4327	41.58
4328	43.94
4329	33.77
4330	41.89
4331	40.67
4332	37.76
4333	34.44
4334	45.46
4335	45.27
4336	5.06
4337	38.43
4338	23.76
4339	57.28
4340	31.25
4341	56.79
4342	22.18
4343	27.61
4344	34.53
4345	40.19
4346	32.61
4347	52.12
4348	24.71
4349	18.38
4350	28.46
4351	33.9
4352	48.67
4353	53.83
4354	16.79
4355	52.61
4356	43.68
4357	32.91
4358	45.89
4359	50.12
4360	58.36
4361	33.54
4362	33.64
4363	28.93
4364	24.71
4365	6.75
4366	45.98
4367	37.51
4368	42.32
4369	33.37
4370	63.44
4371	46.43
4372	36.24
4373	65.02
4374	48.56
4375	25.17
4376	15.81
4377	13.26
4378	42.91
4379	48.52
4380	13.73
4381	36.75
4382	37.27
4383	36.65
4384	38.63
4385	51.28
4386	28.55
4387	41.53
4388	23.95
4389	31.8
4390	48.34
4391	37.83
4392	37.63
4393	15.06
4394	30.89
4395	18.75
4396	48.07
4397	38.53
4398	23.52
4399	38.83
4400	52.13
4401	61.08
4402	22.79
4403	50.33
4404	65.88
4405	28.91
4406	31.88
4407	47.53
4408	27.36
4409	23.65
4410	40.54
4411	32.55
4412	37.87
4413	49.15
4414	41.38
4415	37.03
4416	64.09
4417	25.49
4418	33.94
4419	16.15
4420	38.81
4421	33.24
4422	40.75
4423	48.05
4424	39.1
4425	47.01
4426	50.63
4427	28.47
4428	42.47
4429	59.15
4430	47.38
4431	35.62
4432	18.66
4433	42.81
4434	27.54
4435	48.97
4436	63.71
4437	26.7
4438	26.59
4439	25.29
4440	61.34
4441	29.11
4442	26.12
4443	31.4
4444	44.58
4445	24.59
4446	45.2
4447	51.27
4448	32.19
4449	38.01
4450	40.82
4451	34.33
4452	36.19
4453	32.26
4454	46.82
4455	65.12
4456	43.61
4457	43.91
4458	48.62
4459	29.32
4460	20.97
4461	53.7
4462	35.63
4463	67.86
4464	50.05
4465	26.96
4466	19.05
4467	39.71
4468	15.2
4469	39.9
4470	52.64
4471	35.17
4472	32.26
4473	46.13
4474	9.47
4475	24.16
4476	48.75
4477	30.77
4478	48.01
4479	36.62
4480	36.54
4481	37.59
4482	29.77
4483	19.77
4484	36.39
4485	44.71
4486	29.16
4487	22.56
4488	16.58
4489	19.44
4490	45.2
4491	23.09
4492	37.68
4493	60.71
4494	36.24
4495	33.31
4496	27.74
4497	42.85
4498	29.86
4499	58.74
4500	39.73
4501	42.59
4502	35.04
4503	40.1
4504	42.41
4505	21.08
4506	63.29
4507	30.73
4508	27.29
4509	54.08
4510	56.77
4511	49.1
4512	32.86
4513	41.98
4514	46.27
4515	52.12
4516	26.68
4517	51.83
4518	30.87
4519	37.75
4520	20.13
4521	45.71
4522	27.13
4523	61.77
4524	51.23
4525	44.52
4526	42.3
4527	22.59
4528	7.11
4529	36.88
4530	23.84
4531	43.83
4532	23.19
4533	64.66
4534	26.89
4535	39.91
4536	13.22
4537	50.73
4538	38.01
4539	44.69
4540	39.82
4541	28.34
4542	31.04
4543	17.58
4544	29.32
4545	27.31
4546	48.18
4547	21.76
4548	28.05
4549	19.12
4550	29.16
4551	31.32
4552	44.09
4553	34.28
4554	47.0
4555	32.07
4556	23.02
4557	49.35
4558	46.78
4559	49.36
4560	38.2
4561	16.18
4562	48.09
4563	42.77
4564	41.01
4565	38.36
4566	16.6
4567	35.79
4568	51.54
4569	24.17
4570	43.62
4571	30.55
4572	9.41
4573	35.55
4574	59.99
4575	54.3
4576	43.54
4577	47.87
4578	42.38
4579	29.19
4580	30.83
4581	28.01
4582	45.2
4583	40.2
4584	33.53
4585	37.81
4586	23.3
4587	28.97
4588	59.38
4589	32.97
4590	31.42
4591	41.83
4592	39.45
4593	42.68
4594	7.56
4595	32.76
4596	26.17
4597	2.31
4598	19.36
4599	26.81
4600	39.53
4601	38.92
4602	36.38
4603	30.7
4604	34.22
4605	39.03
4606	38.59
4607	16.28
4608	33.15
4609	51.29
4610	34.8
4611	30.11
4612	37.71
4613	35.91
4614	39.14
4615	26.85
4616	44.33
4617	38.17
4618	39.92
4619	56.53
4620	34.93
4621	23.61
4622	14.06
4623	33.13
4624	48.0
4625	32.25
4626	51.29
4627	30.47
4628	50.61
4629	31.69
4630	34.33
4631	34.69
4632	50.66
4633	55.28
4634	45.98
4635	43.88
4636	48.76
4637	49.62
4638	44.48
4639	48.98
4640	33.99
4641	38.58
4642	32.47
4643	30.14
4644	33.45
4645	25.77
4646	19.94
4647	51.15
4648	47.59
4649	53.56
4650	47.2
4651	23.11
4652	59.46
4653	48.79
4654	13.35
4655	35.03
4656	19.16
4657	28.44
4658	34.79
4659	20.11
4660	30.14
4661	35.05
4662	38.74
4663	37.15
4664	39.46
4665	39.61
4666	56.11
4667	44.0
4668	27.97
4669	46.03
4670	33.97
4671	41.49
4672	41.88
4673	44.33
4674	27.89
4675	12.38
4676	24.6
4677	41.33
4678	11.76
4679	35.86
4680	22.38
4681	45.06
4682	41.11
4683	41.87
4684	53.54
4685	32.58
4686	29.8
4687	26.47
4688	26.61
4689	55.8
4690	53.23
4691	36.07
4692	31.07
4693	39.41
4694	29.05
4695	34.44
4696	53.99
4697	28.54
4698	57.41
4699	25.94
4700	31.92
4701	51.42
4702	34.18
4703	43.17
4704	41.55
4705	47.19
4706	12.65
4707	34.76
4708	33.15
4709	46.05
4710	47.02
4711	30.43
4712	45.94
4713	21.47
4714	21.18
4715	54.88
4716	49.42
4717	47.91
4718	55.5
4719	48.69
4720	39.0
4721	46.21
4722	28.6
4723	42.1
4724	48.82
4725	41.99
4726	43.32
4727	58.46
4728	41.72
4729	50.51
4730	20.54
4731	25.38
4732	23.14
4733	32.51
4734	45.5
4735	41.23
4736	53.92
4737	37.51
4738	25.06
4739	23.29
4740	31.84
4741	30.59
4742	33.97
4743	41.06
4744	40.01
4745	41.23
4746	3.81
4747	24.33
4748	43.04
4749	44.57
4750	46.57
4751	34.23
4752	37.73
4753	35.5
4754	52.19
4755	53.17
4756	43.35
4757	31.88
4758	43.45
4759	32.57
4760	52.47
4761	35.38
4762	27.44
4763	38.55
4764	44.96
4765	50.96
4766	31.39
4767	44.25
4768	41.86
4769	35.08
4770	17.2
4771	44.48
4772	30.93
4773	37.9
4774	33.93
4775	50.65
4776	52.25
4777	50.41
4778	15.96
4779	48.64
4780	58.98
4781	29.72
4782	34.99
4783	30.74
4784	65.67
4785	25.45
4786	48.59
4787	36.36
4788	40.93
4789	31.72
4790	37.19
4791	30.08
4792	44.78
4793	48.42
4794	40.62
4795	35.48
4796	32.49
4797	33.51
4798	21.86
4799	46.48
4800	34.56
4801	34.73
4802	48.36
4803	41.92
4804	55.55
4805	33.37
4806	57.43
4807	21.83
4808	49.81
4809	39.35
4810	52.26
4811	25.06
4812	38.82
4813	43.19
4814	40.81
4815	27.84
4816	30.18
4817	61.55
4818	7.79
4819	20.17
4820	58.27
4821	46.66
4822	35.31
4823	59.09
4824	19.77
4825	23.99
4826	30.66
4827	22.55
4828	52.85
4829	48.64
4830	27.76
4831	55.38
4832	33.13
4833	30.81
4834	41.52
4835	41.09
4836	47.26
4837	45.46
4838	68.24
4839	53.35
4840	24.9
4841	22.21
4842	35.86
4843	34.85
4844	47.13
4845	22.69
4846	42.83
4847	38.16
4848	24.81
4849	44.44
4850	39.15
4851	28.73
4852	43.71
4853	45.28
4854	21.68
4855	48.21
4856	44.0
4857	32.31
4858	43.39
4859	67.95
4860	39.65
4861	35.32
4862	51.1
4863	53.01
4864	27.33
4865	56.49
4866	42.4
4867	49.33
4868	44.8
4869	38.45
4870	45.85
4871	8.76
4872	38.58
4873	48.26
4874	31.93
4875	40.24
4876	36.43
4877	35.51
4878	17.19
4879	41.57
4880	44.3
4881	26.57
4882	43.73
4883	59.76
4884	60.0
4885	40.72
4886	57.47
4887	33.69
4888	66.23
4889	17.72
4890	30.84
4891	10.47
4892	23.5
4893	39.5
4894	20.91
4895	38.49
4896	30.81
4897	40.81
4898	30.59
4899	37.84
4900	47.75
4901	49.23
4902	61.48
4903	69.96
4904	38.55
4905	42.35
4906	18.37
4907	42.02
4908	48.52
4909	28.58
4910	59.25
4911	34.14
4912	31.94
4913	38.37
4914	34.39
4915	41.67
4916	59.78
4917	33.93
4918	37.87
4919	36.26
4920	53.4
4921	30.14
4922	30.86
4923	44.19
4924	35.77
4925	42.54
4926	42.17
4927	46.57
4928	51.74
4929	19.74
4930	57.85
4931	33.27
4932	12.81
4933	39.25
4934	55.11
4935	34.2
4936	13.09
4937	61.23
4938	33.1
4939	38.69
4940	33.33
4941	34.24
4942	13.27
4943	41.81
4944	27.45
4945	31.91
4946	32.81
4947	20.51
4948	9.41
4949	8.18
4950	38.66
4951	32.62
4952	33.02
4953	37.35
4954	36.11
4955	49.1
4956	34.21
4957	28.33
4958	41.45
4959	25.44
4960	32.85
4961	44.34
4962	26.55
4963	28.7
4964	34.29
4965	44.82
4966	17.1
4967	15.29
4968	51.48
4969	39.07
4970	27.86
4971	16.97
4972	23.75
4973	44.96
4974	41.08
4975	21.84
4976	51.82
4977	53.14
4978	32.38
4979	77.37
4980	38.49
4981	39.62
4982	69.36
4983	47.81
4984	55.53
4985	41.05
4986	34.81
4987	48.0
4988	33.36
4989	32.33
4990	21.43
4991	24.7
4992	29.29
4993	50.2
4994	46.82
4995	25.87
4996	38.29
4997	17.19
4998	44.69
4999	47.87
5000	43.68
5001	27.41
5002	23.66
5003	37.39
5004	44.53
5005	38.67
5006	45.29
5007	21.59
5008	22.98
5009	49.03
5010	36.05
5011	37.15
5012	25.03
5013	32.95
5014	47.95
5015	40.49
5016	51.53
5017	35.63
5018	27.44
5019	34.34
5020	14.6
5021	34.26
5022	30.11
5023	32.47
5024	27.38
5025	23.05
5026	32.23
5027	45.01
5028	21.73
5029	39.15
5030	62.36
5031	21.67
5032	9.71
5033	42.82
5034	52.88
5035	30.17
5036	50.52
5037	22.75
5038	59.68
5039	34.71
5040	34.01
5041	19.74
5042	41.17
5043	42.64
5044	55.65
5045	18.88
5046	51.17
5047	47.31
5048	15.51
5049	30.47
5050	21.02
5051	62.57
5052	45.46
5053	48.23
5054	33.12
5055	15.28
5056	39.9
5057	37.56
5058	40.68
5059	35.46
5060	51.46
5061	29.8
5062	35.24
5063	18.69
5064	31.92
5065	34.85
5066	34.61
5067	57.19
5068	52.37
5069	61.9
5070	33.99
5071	39.5
5072	52.05
5073	38.38
5074	19.11
5075	49.35
5076	3.76
5077	42.03
5078	50.05
5079	0.34
5080	11.65
5081	37.03
5082	34.45
5083	25.68
5084	29.81
5085	45.37
5086	36.87
5087	29.07
5088	27.41
5089	22.44
5090	44.92
5091	30.62
5092	44.48
5093	39.19
5094	31.75
5095	49.11
5096	32.46
5097	42.46
5098	41.62
5099	37.13
5100	44.05
5101	47.34
5102	44.53
5103	18.37
5104	52.24
5105	33.31
5106	38.71
5107	29.17
5108	49.41
5109	32.58
5110	46.23
5111	50.33
5112	29.24
5113	37.1
5114	56.24
5115	66.41
5116	24.9
5117	42.44
5118	34.27
5119	25.81
5120	34.15
5121	33.75
5122	53.95
5123	30.21
5124	42.15
5125	35.59
5126	62.38
5127	34.03
5128	35.89
5129	45.26
5130	28.86
5131	30.97
5132	11.68
5133	38.56
5134	38.65
5135	41.93
5136	51.22
5137	39.12
5138	24.22
5139	51.74
5140	32.29
5141	37.57
5142	53.09
5143	51.89
5144	27.1
5145	52.32
5146	37.65
5147	24.71
5148	37.94
5149	58.88
5150	13.87
5151	47.05
5152	42.76
5153	67.78
5154	14.13
5155	48.11
5156	49.51
5157	33.99
5158	31.0
5159	42.93
5160	45.33
5161	57.49
5162	16.11
5163	43.9
5164	59.56
5165	56.45
5166	35.88
5167	29.22
5168	53.47
5169	43.25
5170	39.41
5171	36.61
5172	23.51
5173	45.74
5174	34.08
5175	28.03
5176	40.34
5177	24.12
5178	53.19
5179	57.43
5180	46.83
5181	36.75
5182	51.48
5183	48.9
5184	31.28
5185	35.77
5186	24.75
5187	52.88
5188	54.99
5189	26.47
5190	20.48
5191	56.65
5192	49.77
5193	36.25
5194	56.08
5195	26.36
5196	6.11
5197	46.73
5198	51.61
5199	29.55
5200	27.92
5201	29.44
5202	52.16
5203	20.92
5204	38.19
5205	35.79
5206	39.41
5207	53.25
5208	70.66
5209	33.09
5210	32.35
5211	40.09
5212	30.89
5213	31.66
5214	14.38
5215	19.05
5216	32.34
5217	28.25
5218	32.71
5219	6.74
5220	18.51
5221	43.32
5222	51.68
5223	42.71
5224	53.27
5225	37.41
5226	39.62
5227	22.88
5228	48.6
5229	23.85
5230	47.2
5231	60.03
5232	24.14
5233	64.71
5234	31.7
5235	38.08
5236	16.91
5237	68.42
5238	18.65
5239	50.52
5240	54.37
5241	43.87
5242	30.87
5243	17.31
5244	54.96
5245	59.55
5246	47.42
5247	32.55
5248	49.7
5249	22.29
5250	32.78
5251	29.85
5252	40.5
5253	65.46
5254	43.55
5255	48.43
5256	48.83
5257	43.36
5258	22.65
5259	45.55
5260	27.91
5261	40.55
5262	26.51
5263	46.11
5264	44.18
5265	52.94
5266	26.36
5267	28.83
5268	20.08
5269	10.76
5270	60.62
5271	30.24
5272	10.79
5273	35.35
5274	32.28
5275	42.15
5276	16.45
5277	28.17
5278	34.82
5279	18.83
5280	30.45
5281	41.38
5282	36.88
5283	41.74
5284	37.26
5285	45.21
5286	44.24
5287	76.84
5288	46.98
5289	62.49
5290	28.57
5291	40.8
5292	30.55
5293	30.94
5294	29.12
5295	48.19
5296	59.32
5297	23.23
5298	30.14
5299	31.84
5300	37.48
5301	44.73
5302	21.53
5303	43.0
5304	65.96
5305	65.03
5306	41.12
5307	65.12
5308	50.14
5309	35.89
5310	15.25
5311	52.6
5312	26.36
5313	55.71
5314	41.97
5315	46.54
5316	44.54
5317	36.02
5318	35.4
5319	45.6
5320	37.24
5321	43.34
5322	42.06
5323	33.06
5324	48.35
5325	32.67
5326	52.46
5327	32.34
5328	46.56
5329	42.57
5330	52.71
5331	16.5
5332	46.21
5333	35.39
5334	28.55
5335	50.98
5336	35.49
5337	35.19
5338	38.71
5339	31.12
5340	47.34
5341	38.49
5342	38.88
5343	34.3
5344	34.64
5345	31.36
5346	43.81
5347	49.12
5348	47.24
5349	23.18
5350	65.29
5351	39.88
5352	66.56
5353	47.36
5354	36.58
5355	52.74
5356	41.13
5357	66.64
5358	46.91
5359	34.14
5360	47.75
5361	58.46
5362	46.47
5363	55.62
5364	41.9
5365	31.07
5366	20.76
5367	34.33
5368	54.85
5369	38.11
5370	23.65
5371	32.88
5372	31.52
5373	28.14
5374	42.87
5375	12.01
5376	12.7
5377	38.55
5378	38.19
5379	32.67
5380	44.65
5381	28.08
5382	25.31
5383	24.44
5384	44.94
5385	36.17
5386	47.49
5387	39.54
5388	30.91
5389	64.5
5390	47.71
5391	43.9
5392	37.22
5393	32.11
5394	40.6
5395	42.04
5396	32.06
5397	45.99
5398	37.92
5399	49.8
5400	25.34
5401	47.96
5402	56.42
5403	21.4
5404	50.8
5405	30.18
5406	33.25
5407	13.41
5408	51.84
5409	11.0
5410	47.08
5411	40.74
5412	46.77
5413	24.99
5414	49.14
5415	62.17
5416	28.15
5417	27.99
5418	45.11
5419	30.0
5420	49.29
5421	24.65
5422	38.76
5423	38.38
5424	43.34
5425	37.47
5426	20.76
5427	44.38
5428	9.6
5429	20.29
5430	22.32
5431	41.88
5432	31.7
5433	34.46
5434	37.66
5435	42.56
5436	33.36
5437	34.7
5438	61.22
5439	34.27
5440	45.32
5441	28.48
5442	27.4
5443	39.8
5444	26.69
5445	25.99
5446	44.71
5447	29.45
5448	30.49
5449	24.16
5450	38.53
5451	15.4
5452	33.46
5453	34.41
5454	35.32
5455	39.42
5456	35.96
5457	22.58
5458	26.15
5459	44.92
5460	39.61
5461	26.71
5462	48.47
5463	28.23
5464	36.81
5465	33.87
5466	48.93
5467	30.97
5468	62.09
5469	21.21
5470	44.92
5471	29.06
5472	54.68
5473	22.97
5474	36.45
5475	24.63
5476	24.38
5477	55.51
5478	44.28
5479	40.21
5480	45.83
5481	21.6
5482	53.15
5483	54.95
5484	53.14
5485	29.16
5486	27.79
5487	43.14
5488	40.89
5489	32.02
5490	33.23
5491	44.3
5492	58.74
5493	63.03
5494	23.78
5495	35.26
5496	16.1
5497	66.3
5498	54.27
5499	64.98
5500	56.01
5501	79.79
5502	48.66
5503	37.59
5504	39.31
5505	12.2
5506	57.09
5507	47.31
5508	48.71
5509	21.65
5510	38.43
5511	23.58
5512	32.55
5513	30.15
5514	4.19
5515	37.47
5516	35.44
5517	41.83
5518	54.66
5519	39.26
5520	32.07
5521	26.16
5522	51.96
5523	41.56
5524	31.86
5525	45.34
5526	40.97
5527	37.71
5528	17.11
5529	34.73
5530	35.48
5531	22.91
5532	30.31
5533	41.77
5534	47.12
5535	47.18
5536	31.05
5537	53.69
5538	38.16
5539	38.77
5540	42.75
5541	44.42
5542	32.71
5543	51.75
5544	17.09
5545	36.43
5546	52.73
5547	11.95
5548	37.71
5549	50.23
5550	24.49
5551	43.32
5552	36.51
5553	53.19
5554	33.85
5555	13.72
5556	60.59
5557	27.87
5558	49.86
5559	37.98
5560	34.02
5561	53.43
5562	24.29
5563	38.73
5564	45.77
5565	51.55
5566	40.47
5567	21.28
5568	63.87
5569	27.8
5570	33.16
5571	14.79
5572	38.62
5573	45.8
5574	56.08
5575	43.73
5576	51.6
5577	31.07
5578	15.44
5579	23.09
5580	27.54
5581	28.93
5582	42.21
5583	55.7
5584	20.81
5585	78.59
5586	14.27
5587	86.48
5588	25.59
5589	40.93
5590	43.53
5591	31.33
5592	43.57
5593	23.63
5594	41.45
5595	29.38
5596	29.58
5597	22.71
5598	56.21
5599	36.71
5600	44.47
5601	37.97
5602	48.87
5603	43.95
5604	48.27
5605	50.68
5606	35.18
5607	43.76
5608	50.6
5609	25.2
5610	42.08
5611	66.18
5612	21.8
5613	24.97
5614	30.65
5615	22.91
5616	32.38
5617	24.66
5618	51.88
5619	31.4
5620	38.03
5621	22.09
5622	27.05
5623	15.22
5624	31.64
5625	5.59
5626	37.44
5627	45.85
5628	37.8
5629	36.65
5630	34.57
5631	22.5
5632	61.18
5633	39.95
5634	60.01
5635	24.2
5636	23.83
5637	44.35
5638	47.31
5639	50.44
5640	37.37
5641	28.01
5642	56.14
5643	61.6
5644	65.6
5645	4.77
5646	60.84
5647	40.99
5648	40.01
5649	45.49
5650	42.85
5651	26.9
5652	34.25
5653	35.54
5654	33.4
5655	44.46
5656	36.88
5657	43.0
5658	33.4
5659	50.96
5660	62.48
5661	46.69
5662	29.09
5663	60.6
5664	41.64
5665	37.63
5666	34.62
5667	21.56
5668	42.76
5669	67.29
5670	24.4
5671	53.72
5672	51.2
5673	40.44
5674	44.23
5675	59.13
5676	67.57
5677	46.65
5678	51.05
5679	30.67
5680	36.18
5681	34.47
5682	18.11
5683	21.87
5684	53.0
5685	43.7
5686	39.74
5687	56.89
5688	22.95
5689	33.61
5690	52.17
5691	20.5
5692	40.82
5693	34.84
5694	32.74
5695	30.34
5696	25.14
5697	48.98
5698	37.58
5699	35.83
5700	50.62
5701	15.0
5702	39.57
5703	27.88
5704	62.15
5705	38.67
5706	48.91
5707	39.0
5708	46.54
5709	32.13
5710	53.66
5711	38.22
5712	34.42
5713	41.84
5714	41.84
5715	24.15
5716	15.91
5717	29.67
5718	25.8
5719	54.91
5720	23.07
5721	50.18
5722	43.7
5723	18.85
5724	18.77
5725	30.09
5726	50.72
5727	23.67
5728	48.55
5729	59.9
5730	52.14
5731	43.71
5732	24.3
5733	24.23
5734	21.52
5735	44.62
5736	55.31
5737	23.97
5738	33.73
5739	23.45
5740	53.68
5741	27.58
5742	34.47
5743	43.01
5744	51.03
5745	35.92
5746	67.17
5747	44.28
5748	53.64
5749	42.81
5750	43.54
5751	50.12
5752	44.34
5753	43.54
5754	28.66
5755	54.22
5756	34.54
5757	26.78
5758	4.53
5759	36.16
5760	50.47
5761	29.2
5762	31.67
5763	36.94
5764	47.61
5765	55.27
5766	55.39
5767	25.9
5768	63.09
5769	28.52
5770	39.75
5771	27.72
5772	8.97
5773	43.53
5774	33.45
5775	29.08
5776	35.85
5777	35.32
5778	24.28
5779	33.59
5780	20.86
5781	38.45
5782	35.38
5783	29.66
5784	50.48
5785	44.71
5786	23.06
5787	21.81
5788	22.94
5789	42.28
5790	49.1
5791	61.84
5792	43.73
5793	54.14
5794	25.35
5795	32.05
5796	35.28
5797	48.69
5798	48.37
5799	28.51
5800	52.28
5801	52.2
5802	22.45
5803	49.02
5804	28.53
5805	32.18
5806	40.36
5807	35.58
5808	53.02
5809	38.01
5810	38.51
5811	50.02
5812	28.85
5813	48.5
5814	42.51
5815	44.31
5816	24.55
5817	37.49
5818	66.29
5819	39.43
5820	22.3
5821	22.4
5822	63.47
5823	55.82
5824	32.94
5825	54.45
5826	32.04
5827	53.15
5828	58.07
5829	54.87
5830	16.14
5831	33.83
5832	18.98
5833	33.03
5834	44.98
5835	27.28
5836	48.06
5837	50.32
5838	51.29
5839	68.01
5840	50.64
5841	39.53
5842	68.41
5843	22.18
5844	44.27
5845	51.75
5846	49.69
5847	29.92
5848	42.28
5849	22.74
5850	31.79
5851	54.21
5852	10.77
5853	27.96
5854	34.96
5855	33.66
5856	35.24
5857	51.06
5858	27.57
5859	45.16
5860	43.05
5861	30.97
5862	60.3
5863	38.98
5864	49.8
5865	55.03
5866	47.55
5867	15.5
5868	31.24
5869	30.47
5870	27.15
5871	39.99
5872	45.18
5873	39.98
5874	59.5
5875	54.46
5876	31.35
5877	25.9
5878	32.25
5879	44.74
5880	43.29
5881	29.61
5882	33.0
5883	46.26
5884	33.68
5885	29.47
5886	45.95
5887	39.28
5888	16.38
5889	30.3
5890	33.97
5891	33.33
5892	19.58
5893	28.99
5894	55.92
5895	15.79
5896	51.24
5897	53.11
5898	51.08
5899	20.52
5900	23.94
5901	35.81
5902	51.0
5903	46.6
5904	45.85
5905	53.2
5906	21.38
5907	34.41
5908	33.84
5909	23.43
5910	48.03
5911	42.88
5912	65.16
5913	52.87
5914	42.09
5915	44.03
5916	25.43
5917	36.17
5918	19.69
5919	23.75
5920	55.15
5921	37.49
5922	53.03
5923	38.11
5924	41.98
5925	28.89
5926	26.1
5927	21.52
5928	53.42
5929	29.83
5930	27.01
5931	40.53
5932	39.52
5933	48.02
5934	30.83
5935	37.87
5936	65.39
5937	32.17
5938	36.69
5939	24.21
5940	49.7
5941	39.41
5942	24.96
5943	49.43
5944	32.24
5945	37.36
5946	43.76
5947	40.73
5948	31.76
5949	19.88
5950	45.37
5951	44.74
5952	40.07
5953	37.71
5954	34.98
5955	16.55
5956	37.79
5957	12.75
5958	58.36
5959	42.38
5960	16.03
5961	43.83
5962	8.16
5963	15.72
5964	19.16
5965	34.07
5966	38.89
5967	43.82
5968	40.86
5969	26.43
5970	45.46
5971	44.75
5972	31.39
5973	27.2
5974	42.6
5975	34.66
5976	38.13
5977	58.16
5978	30.38
5979	38.79
5980	37.54
5981	23.52
5982	29.96
5983	26.59
5984	43.46
5985	23.96
5986	20.69
5987	48.47
5988	42.02
5989	51.0
5990	40.17
5991	11.71
5992	30.94
5993	46.3
5994	42.27
5995	32.66
5996	20.85
5997	12.6
5998	33.52
5999	56.4
6000	18.92
6001	62.12
6002	41.29
6003	46.15
6004	35.85
6005	22.35
6006	38.22
6007	31.74
6008	19.68
6009	13.93
6010	33.44
6011	22.97
6012	16.86
6013	36.95
6014	37.91
6015	46.11
6016	0.64
6017	30.4
6018	60.76
6019	42.24
6020	40.42
6021	21.93
6022	50.12
6023	45.64
6024	19.28
6025	39.48
6026	11.17
6027	50.44
6028	33.48
6029	26.4
6030	46.46
6031	40.85
6032	52.09
6033	7.68
6034	39.06
6035	39.99
6036	47.3
6037	33.76
6038	43.96
6039	36.57
6040	43.29
6041	34.77
6042	43.54
6043	51.05
6044	33.82
6045	18.73
6046	27.67
6047	31.62
6048	34.87
6049	27.56
6050	33.76
6051	53.23
6052	60.35
6053	47.23
6054	43.83
6055	22.72
6056	16.9
6057	35.12
6058	25.67
6059	36.66
6060	34.1
6061	49.33
6062	43.96
6063	46.72
6064	41.49
6065	52.12
6066	38.6
6067	54.89
6068	41.75
6069	26.65
6070	48.72
6071	36.54
6072	33.3
6073	42.51
6074	40.98
6075	49.58
6076	26.39
6077	29.43
6078	39.02
6079	33.79
6080	55.88
6081	33.88
6082	21.31
6083	37.45
6084	42.47
6085	44.42
6086	34.42
6087	45.23
6088	20.73
6089	38.8
6090	46.13
6091	38.07
6092	32.68
6093	29.31
6094	39.0
6095	32.38
6096	32.52
6097	25.03
6098	17.33
6099	23.59
6100	60.29
6101	12.05
6102	38.98
6103	20.75
6104	46.5
6105	29.53
6106	21.85
6107	43.0
6108	32.7
6109	22.42
6110	29.36
6111	36.99
6112	36.99
6113	47.59
6114	57.19
6115	33.9
6116	39.83
6117	42.98
6118	44.0
6119	26.5
6120	23.96
6121	45.4
6122	53.96
6123	56.95
6124	20.55
6125	27.04
6126	39.53
6127	36.02
6128	43.45
6129	19.51
6130	31.32
6131	56.04
6132	24.95
6133	23.53
6134	52.36
6135	55.98
6136	29.47
6137	61.61
6138	59.38
6139	28.71
6140	30.08
6141	11.7
6142	46.92
6143	33.7
6144	18.72
6145	48.2
6146	36.19
6147	22.71
6148	48.14
6149	26.89
6150	39.62
6151	17.21
6152	18.65
6153	40.1
6154	47.99
6155	66.89
6156	11.81
6157	48.87
6158	44.2
6159	39.74
6160	33.68
6161	28.6
6162	48.25
6163	26.54
6164	28.73
6165	24.41
6166	65.64
6167	30.08
6168	28.77
6169	10.51
6170	24.68
6171	63.52
6172	49.33
6173	54.26
6174	40.63
6175	46.61
6176	52.16
6177	30.32
6178	54.81
6179	46.41
6180	49.95
6181	57.03
6182	37.25
6183	57.31
6184	63.86
6185	47.63
6186	50.63
6187	26.3
6188	40.18
6189	13.14
6190	48.21
6191	35.07
6192	35.41
6193	51.74
6194	57.75
6195	38.01
6196	52.36
6197	30.98
6198	40.59
6199	31.53
6200	22.12
6201	58.68
6202	38.87
6203	62.39
6204	36.58
6205	46.64
6206	69.77
6207	54.32
6208	41.48
6209	38.07
6210	53.34
6211	46.86
6212	11.07
6213	26.66
6214	19.82
6215	41.82
6216	36.74
6217	47.68
6218	38.09
6219	7.25
6220	46.18
6221	60.05
6222	38.95
6223	43.99
6224	27.45
6225	24.03
6226	42.51
6227	54.25
6228	33.78
6229	20.86
6230	24.44
6231	65.48
6232	29.77
6233	32.76
6234	30.04
6235	49.2
6236	49.81
6237	42.37
6238	33.96
6239	54.48
6240	51.48
6241	43.93
6242	46.16
6243	49.72
6244	26.49
6245	46.5
6246	44.1
6247	54.78
6248	30.9
6249	20.46
6250	63.41
6251	45.75
6252	34.33
6253	42.04
6254	46.22
6255	50.15
6256	24.08
6257	29.59
6258	56.44
6259	45.69
6260	31.22
6261	56.67
6262	31.2
6263	17.35
6264	50.06
6265	35.63
6266	45.3
6267	45.65
6268	41.51
6269	37.62
6270	68.29
6271	17.25
6272	54.33
6273	32.01
6274	25.32
6275	42.31
6276	46.83
6277	25.04
6278	45.49
6279	46.21
6280	39.47
6281	40.64
6282	28.34
6283	30.21
6284	45.83
6285	29.17
6286	45.94
6287	28.83
6288	31.75
6289	51.3
6290	26.61
6291	47.92
6292	49.34
6293	52.47
6294	26.58
6295	60.02
6296	24.5
6297	47.46
6298	30.11
6299	13.48
6300	9.43
6301	20.27
6302	27.41
6303	50.48
6304	37.72
6305	45.7
6306	31.93
6307	57.7
6308	23.87
6309	51.79
6310	53.34
6311	82.74
6312	42.54
6313	44.63
6314	29.28
6315	37.25
6316	48.39
6317	43.69
6318	15.55
6319	26.27
6320	48.54
6321	28.0
6322	36.49
6323	50.89
6324	20.77
6325	34.01
6326	30.0
6327	47.33
6328	24.08
6329	65.3
6330	25.36
6331	26.48
6332	35.05
6333	36.47
6334	38.57
6335	38.2
6336	34.83
6337	37.44
6338	43.87
6339	30.62
6340	47.73
6341	13.89
6342	39.5
6343	31.86
6344	54.4
6345	5.79
6346	61.56
6347	20.58
6348	69.08
6349	41.71
6350	39.79
6351	37.0
6352	28.47
6353	30.84
6354	30.6
6355	34.67
6356	51.07
6357	13.74
6358	28.9
6359	36.56
6360	32.7
6361	22.22
6362	52.92
6363	19.32
6364	41.83
6365	62.52
6366	42.6
6367	32.59
6368	40.26
6369	45.92
6370	19.24
6371	31.57
6372	39.03
6373	37.22
6374	39.37
6375	48.56
6376	42.2
6377	23.7
6378	44.49
6379	64.29
6380	26.07
6381	44.42
6382	17.39
6383	32.42
6384	24.77
6385	35.05
6386	35.73
6387	35.05
6388	46.1
6389	52.28
6390	52.85
6391	55.75
6392	17.72
6393	35.84
6394	49.44
6395	28.3
6396	16.43
6397	41.76
6398	31.91
6399	54.02
6400	36.27
6401	37.66
6402	38.82
6403	41.22
6404	9.69
6405	31.94
6406	32.22
6407	36.73
6408	32.39
6409	49.66
6410	35.16
6411	70.87
6412	35.1
6413	42.38
6414	58.37
6415	23.13
6416	44.36
6417	41.79
6418	33.93
6419	49.7
6420	34.85
6421	72.91
6422	37.58
6423	31.02
6424	23.56
6425	32.65
6426	38.5
6427	45.33
6428	35.42
6429	32.05
6430	35.0
6431	50.52
6432	47.36
6433	30.49
6434	41.46
6435	41.37
6436	48.88
6437	21.12
6438	26.04
6439	44.29
6440	43.54
6441	19.12
6442	22.38
6443	28.61
6444	50.43
6445	30.7
6446	27.74
6447	31.79
6448	14.07
6449	24.78
6450	43.65
6451	41.03
6452	53.85
6453	38.53
6454	34.31
6455	32.34
6456	14.93
6457	40.92
6458	25.14
6459	49.19
6460	25.2
6461	48.71
6462	23.2
6463	35.29
6464	31.05
6465	47.39
6466	28.3
6467	53.79
6468	33.19
6469	54.35
6470	14.2
6471	38.39
6472	30.99
6473	41.89
6474	34.81
6475	6.14
6476	38.19
6477	37.2
6478	38.13
6479	18.24
6480	48.61
6481	22.27
6482	56.16
6483	13.87
6484	46.44
6485	56.91
6486	42.99
6487	36.25
6488	57.8
6489	32.74
6490	15.39
6491	34.58
6492	40.24
6493	48.76
6494	30.23
6495	27.83
6496	39.98
6497	60.54
6498	27.25
6499	7.96
6500	19.88
6501	38.77
6502	34.47
6503	44.11
6504	35.34
6505	14.28
6506	27.92
6507	26.85
6508	23.43
6509	17.9
6510	56.57
6511	54.43
6512	21.3
6513	64.27
6514	32.86
6515	43.77
6516	15.79
6517	38.35
6518	52.38
6519	42.46
6520	55.2
6521	51.8
6522	33.58
6523	25.77
6524	34.16
6525	20.05
6526	57.98
6527	28.0
6528	36.1
6529	44.59
6530	33.71
6531	25.96
6532	47.53
6533	34.44
6534	41.2
6535	23.38
6536	54.91
6537	43.45
6538	18.32
6539	35.91
6540	48.99
6541	29.27
6542	51.86
6543	43.37
6544	45.47
6545	54.65
6546	57.35
6547	23.92
6548	44.37
6549	48.31
6550	33.93
6551	51.07
6552	50.53
6553	42.88
6554	41.14
6555	17.16
6556	35.36
6557	41.32
6558	47.22
6559	37.55
6560	37.23
6561	29.71
6562	35.0
6563	35.95
6564	39.99
6565	48.79
6566	39.63
6567	27.24
6568	51.33
6569	25.45
6570	63.16
6571	24.61
6572	38.36
6573	18.08
6574	28.92
6575	46.25
6576	21.17
6577	41.13
6578	45.31
6579	56.79
6580	22.56
6581	64.74
6582	42.27
6583	24.21
6584	19.3
6585	46.24
6586	46.61
6587	11.82
6588	27.07
6589	33.54
6590	47.55
6591	31.01
6592	34.55
6593	55.47
6594	25.43
6595	23.74
6596	51.44
6597	11.11
6598	24.13
6599	55.88
6600	76.73
6601	43.77
6602	45.73
6603	25.59
6604	12.8
6605	35.58
6606	28.98
6607	30.73
6608	19.17
6609	34.87
6610	42.79
6611	38.55
6612	66.75
6613	33.73
6614	41.61
6615	67.66
6616	33.61
6617	34.98
6618	34.74
6619	24.11
6620	23.59
6621	29.62
6622	61.51
6623	32.05
6624	20.75
6625	19.64
6626	54.37
6627	47.62
6628	59.74
6629	25.72
6630	47.72
6631	31.77
6632	35.59
6633	38.78
6634	1.36
6635	47.69
6636	70.27
6637	34.23
6638	53.83
6639	41.18
6640	26.78
6641	57.34
6642	25.21
6643	56.19
6644	35.8
6645	34.17
6646	35.75
6647	48.4
6648	64.73
6649	48.19
6650	37.34
6651	34.42
6652	45.93
6653	46.98
6654	47.98
6655	32.93
6656	14.55
6657	28.76
6658	51.18
6659	34.5
6660	50.13
6661	39.09
6662	40.95
6663	45.67
6664	28.79
6665	36.59
6666	32.78
6667	27.36
6668	32.35
6669	40.45
6670	51.41
6671	26.19
6672	21.89
6673	35.95
6674	39.91
6675	21.91
6676	36.51
6677	32.47
6678	68.3
6679	42.78
6680	44.72
6681	58.56
6682	54.24
6683	41.82
6684	35.72
6685	28.09
6686	29.05
6687	26.82
6688	34.16
6689	61.38
6690	48.37
6691	47.45
6692	51.71
6693	33.38
6694	19.54
6695	44.14
6696	25.8
6697	38.63
6698	47.16
6699	22.46
6700	31.84
6701	24.38
6702	36.52
6703	18.08
6704	31.63
6705	36.55
6706	24.76
6707	48.54
6708	49.6
6709	29.72
6710	24.84
6711	35.7
6712	36.81
6713	45.13
6714	15.31
6715	33.12
6716	25.94
6717	37.24
6718	24.61
6719	43.67
6720	24.05
6721	47.35
6722	27.07
6723	34.19
6724	31.61
6725	37.47
6726	60.46
6727	50.99
6728	23.97
6729	29.75
6730	40.56
6731	35.92
6732	11.95
6733	46.82
6734	38.55
6735	33.9
6736	51.93
6737	52.78
6738	13.75
6739	66.06
6740	44.59
6741	15.18
6742	42.49
6743	53.36
6744	65.54
6745	45.26
6746	43.4
6747	31.46
6748	45.32
6749	38.08
6750	23.45
6751	42.3
6752	22.78
6753	44.2
6754	21.8
6755	35.35
6756	42.91
6757	58.7
6758	40.23
6759	45.98
6760	38.63
6761	12.54
6762	21.44
6763	34.83
6764	23.92
6765	15.55
6766	28.8
6767	40.02
6768	33.62
6769	44.49
6770	19.32
6771	35.83
6772	56.56
6773	25.05
6774	17.31
6775	49.89
6776	39.95
6777	28.15
6778	23.38
6779	38.42
6780	40.18
6781	36.03
6782	44.14
6783	32.0
6784	50.81
6785	48.23
6786	38.41
6787	28.64
6788	35.94
6789	25.8
6790	34.05
6791	29.78
6792	25.29
6793	38.14
6794	48.92
6795	44.72
6796	50.36
6797	39.09
6798	41.87
6799	34.79
6800	34.32
6801	62.83
6802	34.27
6803	27.41
6804	28.67
6805	39.63
6806	36.07
6807	55.59
6808	30.13
6809	31.28
6810	21.55
6811	36.08
6812	76.61
6813	51.87
6814	23.1
6815	37.78
6816	32.24
6817	28.19
6818	49.91
6819	28.94
6820	41.13
6821	7.62
6822	44.92
6823	6.41
6824	30.57
6825	28.04
6826	46.99
6827	26.5
6828	28.91
6829	33.28
6830	47.58
6831	36.09
6832	40.52
6833	11.33
6834	55.1
6835	15.84
6836	26.08
6837	48.0
6838	31.75
6839	57.5
6840	31.1
6841	47.3
6842	47.8
6843	41.5
6844	57.23
6845	52.48
6846	45.4
6847	31.81
6848	19.63
6849	28.36
6850	51.57
6851	44.43
6852	27.07
6853	57.79
6854	31.12
6855	11.2
6856	18.47
6857	45.29
6858	37.78
6859	28.27
6860	51.12
6861	19.08
6862	29.56
6863	48.29
6864	45.16
6865	54.79
6866	27.76
6867	39.91
6868	66.24
6869	15.58
6870	50.9
6871	62.57
6872	52.46
6873	13.69
6874	52.22
6875	43.63
6876	27.92
6877	51.98
6878	58.97
6879	52.18
6880	31.67
6881	20.09
6882	22.27
6883	47.12
6884	20.5
6885	42.36
6886	30.79
6887	25.06
6888	44.34
6889	35.79
6890	44.8
6891	47.76
6892	46.7
6893	47.96
6894	28.02
6895	33.56
6896	16.13
6897	29.57
6898	32.23
6899	42.68
6900	40.19
6901	39.11
6902	46.81
6903	47.55
6904	58.56
6905	29.71
6906	49.08
6907	33.88
6908	45.04
6909	40.06
6910	18.39
6911	21.92
6912	63.16
6913	28.85
6914	36.9
6915	37.55
6916	25.55
6917	33.24
6918	35.85
6919	36.26
6920	59.72
6921	47.21
6922	55.37
6923	37.8
6924	43.79
6925	38.38
6926	44.92
6927	27.37
6928	54.64
6929	20.94
6930	44.66
6931	18.68
6932	32.21
6933	29.28
6934	41.36
6935	24.76
6936	43.57
6937	7.09
6938	37.33
6939	33.15
6940	32.61
6941	28.92
6942	74.22
6943	49.28
6944	36.72
6945	55.6
6946	19.1
6947	66.04
6948	27.23
6949	40.24
6950	10.36
6951	36.42
6952	62.22
6953	31.24
6954	38.83
6955	54.9
6956	17.49
6957	53.84
6958	32.03
6959	60.02
6960	30.68
6961	40.36
6962	6.71
6963	50.03
6964	23.95
6965	37.65
6966	27.79
6967	55.92
6968	55.77
6969	59.95
6970	55.09
6971	58.58
6972	40.59
6973	42.1
6974	2.52
6975	35.8
6976	39.95
6977	32.58
6978	38.55
6979	7.87
6980	30.19
6981	42.1
6982	53.07
6983	25.7
6984	35.99
6985	37.02
6986	45.04
6987	37.75
6988	22.48
6989	43.38
6990	62.69
6991	46.23
6992	60.12
6993	46.86
6994	69.09
6995	29.02
6996	30.87
6997	28.46
6998	40.59
6999	45.19
7000	30.96
7001	28.72
7002	30.05
7003	25.05
7004	49.31
7005	29.46
7006	15.64
7007	52.0
7008	33.2
7009	20.8
7010	41.9
7011	29.92
7012	41.14
7013	39.99
7014	43.71
7015	46.53
7016	54.07
7017	47.62
7018	38.66
7019	60.13
7020	30.73
7021	66.08
7022	26.37
7023	43.66
7024	27.48
7025	57.31
7026	34.13
7027	43.41
7028	45.86
7029	15.63
7030	48.88
7031	53.88
7032	52.54
7033	15.76
7034	39.2
7035	24.69
7036	37.65
7037	29.57
7038	33.02
7039	36.17
7040	57.16
7041	40.75
7042	21.3
7043	29.26
7044	14.92
7045	52.77
7046	22.67
7047	37.7
7048	50.21
7049	45.7
7050	13.95
7051	12.36
7052	36.74
7053	9.05
7054	54.7
7055	51.72
7056	19.51
7057	57.95
7058	33.52
7059	32.07
7060	46.06
7061	43.51
7062	44.22
7063	26.42
7064	42.51
7065	40.55
7066	54.66
7067	47.55
7068	39.34
7069	46.28
7070	31.69
7071	33.09
7072	42.69
7073	34.85
7074	36.46
7075	55.26
7076	41.79
7077	29.36
7078	38.6
7079	30.39
7080	47.49
7081	62.6
7082	29.25
7083	25.0
7084	36.71
7085	51.5
7086	44.27
7087	42.98
7088	49.38
7089	40.03
7090	64.64
7091	33.34
7092	36.58
7093	22.42
7094	53.83
7095	33.47
7096	41.41
7097	51.69
7098	40.15
7099	48.07
7100	53.82
7101	36.3
7102	31.54
7103	38.43
7104	25.01
7105	26.29
7106	36.16
7107	44.15
7108	28.53
7109	36.14
7110	36.84
7111	22.26
7112	46.17
7113	3.35
7114	25.96
7115	45.85
7116	56.01
7117	41.91
7118	35.13
7119	27.23
7120	27.77
7121	56.78
7122	41.63
7123	16.0
7124	53.2
7125	51.71
7126	42.0
7127	21.15
7128	26.47
7129	45.87
7130	30.94
7131	34.11
7132	34.76
7133	30.7
7134	25.19
7135	65.51
7136	22.63
7137	32.19
7138	58.93
7139	13.39
7140	33.19
7141	32.14
7142	36.0
7143	38.39
7144	43.78
7145	34.93
7146	33.75
7147	32.41
7148	58.54
7149	48.31
7150	37.54
7151	55.74
7152	27.73
7153	51.79
7154	47.5
7155	62.92
7156	49.32
7157	49.23
7158	34.61
7159	35.08
7160	39.23
7161	31.05
7162	37.77
7163	45.08
7164	42.28
7165	52.67
7166	47.21
7167	44.61
7168	30.28
7169	45.05
7170	0.35
7171	44.61
7172	64.89
7173	14.12
7174	39.56
7175	21.61
7176	39.55
7177	30.65
7178	40.4
7179	48.23
7180	31.51
7181	57.35
7182	48.73
7183	19.68
7184	34.32
7185	23.85
7186	40.52
7187	37.23
7188	56.34
7189	52.28
7190	44.18
7191	56.42
7192	69.26
7193	19.0
7194	41.26
7195	24.99
7196	37.46
7197	22.82
7198	51.27
7199	58.91
7200	35.71
7201	7.99
7202	63.75
7203	24.18
7204	30.9
7205	47.8
7206	27.0
7207	45.29
7208	36.22
7209	27.08
7210	63.82
7211	35.54
7212	44.39
7213	54.8
7214	33.13
7215	64.46
7216	31.85
7217	52.45
7218	20.13
7219	31.96
7220	43.08
7221	49.61
7222	42.42
7223	42.48
7224	37.35
7225	37.29
7226	26.9
7227	32.33
7228	25.93
7229	26.36
7230	46.38
7231	32.86
7232	37.44
7233	32.9
7234	18.17
7235	20.91
7236	36.88
7237	26.44
7238	19.99
7239	41.71
7240	55.21
7241	34.71
7242	45.19
7243	34.18
7244	50.41
7245	20.45
7246	26.5
7247	27.97
7248	35.9
7249	45.22
7250	8.19
7251	23.44
7252	55.22
7253	32.15
7254	36.12
7255	25.24
7256	23.53
7257	26.75
7258	51.65
7259	32.35
7260	26.1
7261	35.8
7262	30.4
7263	48.71
7264	17.12
7265	23.82
7266	55.12
7267	51.01
7268	13.11
7269	11.8
7270	61.32
7271	43.95
7272	23.0
7273	25.64
7274	25.69
7275	54.97
7276	40.39
7277	49.47
7278	33.26
7279	36.51
7280	29.61
7281	28.0
7282	26.01
7283	51.86
7284	42.45
7285	45.76
7286	13.32
7287	50.62
7288	51.69
7289	33.12
7290	39.57
7291	22.44
7292	24.04
7293	43.03
7294	44.06
7295	12.06
7296	47.9
7297	22.3
7298	49.59
7299	47.19
7300	42.74
7301	39.79
7302	4.54
7303	36.92
7304	45.45
7305	22.86
7306	61.57
7307	57.34
7308	69.94
7309	14.22
7310	40.23
7311	18.52
7312	21.0
7313	51.04
7314	33.26
7315	34.05
7316	20.24
7317	8.97
7318	47.61
7319	23.07
7320	21.13
7321	51.74
7322	53.33
7323	5.75
7324	22.98
7325	36.74
7326	37.82
7327	41.65
7328	36.52
7329	29.61
7330	39.1
7331	36.19
7332	25.7
7333	65.48
7334	44.46
7335	45.27
7336	42.61
7337	45.55
7338	20.99
7339	23.76
7340	40.49
7341	34.93
7342	32.86
7343	22.87
7344	2.67
7345	38.23
7346	22.83
7347	27.24
7348	38.8
7349	55.56
7350	17.35
7351	20.03
7352	66.57
7353	23.07
7354	31.66
7355	53.78
7356	45.02
7357	50.13
7358	29.77
7359	28.82
7360	28.67
7361	8.31
7362	49.49
7363	30.58
7364	32.81
7365	33.83
7366	49.78
7367	26.37
7368	57.05
7369	27.67
7370	15.05
7371	29.39
7372	21.35
7373	42.96
7374	42.93
7375	27.85
7376	25.73
7377	58.82
7378	60.12
7379	43.44
7380	62.76
7381	24.0
7382	33.63
7383	38.76
7384	56.41
7385	29.0
7386	32.37
7387	22.89
7388	12.81
7389	44.79
7390	35.83
7391	30.25
7392	54.05
7393	54.11
7394	30.82
7395	40.32
7396	26.72
7397	57.43
7398	32.89
7399	32.74
7400	20.91
7401	51.02
7402	28.49
7403	20.35
7404	33.57
7405	38.39
7406	14.98
7407	28.66
7408	16.85
7409	41.16
7410	16.28
7411	50.36
7412	30.91
7413	38.04
7414	27.91
7415	24.03
7416	32.94
7417	51.49
7418	25.2
7419	33.68
7420	56.24
7421	45.34
7422	42.55
7423	53.82
7424	55.46
7425	23.91
7426	51.79
7427	38.77
7428	48.38
7429	53.62
7430	45.73
7431	28.07
7432	31.17
7433	41.84
7434	39.53
7435	31.37
7436	9.61
7437	40.83
7438	37.47
7439	36.67
7440	47.97
7441	54.56
7442	34.75
7443	30.75
7444	58.07
7445	35.93
7446	21.68
7447	40.76
7448	26.69
7449	27.55
7450	39.02
7451	48.14
7452	27.21
7453	46.28
7454	47.9
7455	50.7
7456	48.49
7457	41.73
7458	44.53
7459	24.81
7460	49.88
7461	30.04
7462	31.11
7463	54.2
7464	27.45
7465	30.94
7466	16.03
7467	37.18
7468	9.04
7469	44.08
7470	49.99
7471	49.16
7472	21.74
7473	31.51
7474	51.73
7475	23.85
7476	30.05
7477	28.19
7478	16.66
7479	63.56
7480	48.27
7481	28.33
7482	39.71
7483	61.71
7484	26.52
7485	44.44
7486	20.46
7487	32.72
7488	27.32
7489	26.58
7490	41.19
7491	37.65
7492	49.93
7493	31.37
7494	46.69
7495	50.57
7496	48.88
7497	27.17
7498	62.53
7499	27.35
7500	16.42
7501	51.24
7502	46.59
7503	28.06
7504	58.2
7505	42.85
7506	13.07
7507	28.53
7508	36.75
7509	33.19
7510	45.52
7511	60.92
7512	57.32
7513	38.66
7514	62.34
7515	50.9
7516	74.13
7517	59.86
7518	42.93
7519	60.64
7520	30.29
7521	7.21
7522	36.72
7523	21.54
7524	45.0
7525	23.76
7526	58.81
7527	10.93
7528	36.42
7529	44.54
7530	40.74
7531	39.75
7532	48.25
7533	42.62
7534	43.16
7535	52.25
7536	70.24
7537	40.58
7538	24.7
7539	38.37
7540	53.25
7541	27.65
7542	32.56
7543	53.61
7544	54.51
7545	58.04
7546	45.37
7547	23.13
7548	41.29
7549	50.07
7550	35.76
7551	21.37
7552	60.56
7553	36.84
7554	36.61
7555	33.87
7556	34.19
7557	42.57
7558	21.04
7559	44.66
7560	28.56
7561	24.62
7562	27.15
7563	36.29
7564	40.85
7565	24.32
7566	29.35
7567	37.62
7568	23.82
7569	36.03
7570	37.31
7571	7.82
7572	44.77
7573	29.05
7574	65.64
7575	56.15
7576	22.79
7577	40.03
7578	39.48
7579	60.38
7580	49.22
7581	45.92
7582	57.26
7583	37.79
7584	37.56
7585	79.38
7586	41.3
7587	46.97
7588	2.26
7589	45.25
7590	41.54
7591	51.39
7592	33.57
7593	53.56
7594	40.93
7595	17.23
7596	27.61
7597	61.39
7598	33.57
7599	40.04
7600	34.38
7601	52.21
7602	24.63
7603	25.62
7604	24.26
7605	42.06
7606	23.37
7607	48.49
7608	26.72
7609	28.49
7610	34.84
7611	48.19
7612	23.37
7613	60.06
7614	16.5
7615	37.72
7616	30.77
7617	47.23
7618	45.62
7619	40.06
7620	36.47
7621	21.86
7622	43.79
7623	10.11
7624	47.1
7625	40.04
7626	32.9
7627	45.06
7628	45.22
7629	23.68
7630	48.13
7631	16.98
7632	32.35
7633	19.87
7634	27.31
7635	50.59
7636	34.66
7637	14.51
7638	28.78
7639	40.66
7640	41.21
7641	52.03
7642	45.69
7643	53.82
7644	27.41
7645	48.19
7646	28.79
7647	28.1
7648	34.99
7649	50.01
7650	17.69
7651	54.66
7652	47.01
7653	63.63
7654	27.42
7655	35.14
7656	51.47
7657	29.01
7658	34.04
7659	39.52
7660	37.43
7661	2.48
7662	13.16
7663	13.74
7664	17.14
7665	56.99
7666	26.91
7667	28.71
7668	40.51
7669	26.67
7670	25.36
7671	38.55
7672	26.89
7673	37.92
7674	38.52
7675	53.78
7676	33.59
7677	11.19
7678	56.33
7679	56.24
7680	52.6
7681	45.79
7682	48.62
7683	44.31
7684	63.45
7685	38.8
7686	33.43
7687	18.97
7688	45.01
7689	51.12
7690	57.63
7691	42.2
7692	23.25
7693	28.38
7694	28.44
7695	42.71
7696	49.49
7697	46.26
7698	39.38
7699	39.91
7700	15.18
7701	63.89
7702	43.01
7703	34.03
7704	51.72
7705	39.54
7706	33.51
7707	42.39
7708	33.36
7709	30.58
7710	45.09
7711	29.19
7712	47.37
7713	54.82
7714	61.17
7715	22.11
7716	26.65
7717	25.95
7718	62.0
7719	31.28
7720	26.59
7721	27.51
7722	55.71
7723	30.88
7724	34.47
7725	35.31
7726	29.16
7727	44.28
7728	24.15
7729	39.09
7730	47.24
7731	48.16
7732	26.92
7733	41.83
7734	39.06
7735	40.41
7736	23.86
7737	35.12
7738	42.58
7739	34.22
7740	39.5
7741	54.74
7742	41.54
7743	20.39
7744	61.99
7745	33.49
7746	25.27
7747	12.3
7748	41.43
7749	34.5
7750	54.89
7751	36.78
7752	46.25
7753	44.73
7754	27.72
7755	48.09
7756	24.59
7757	32.74
7758	59.7
7759	43.46
7760	30.33
7761	36.07
7762	38.26
7763	33.08
7764	59.61
7765	50.12
7766	52.4
7767	23.11
7768	51.0
7769	13.39
7770	56.96
7771	25.7
7772	52.83
7773	39.94
7774	19.11
7775	37.19
7776	31.91
7777	39.35
7778	29.37
7779	49.72
7780	52.18
7781	49.36
7782	33.68
7783	33.73
7784	39.06
7785	10.66
7786	49.54
7787	30.16
7788	44.52
7789	13.85
7790	37.28
7791	20.97
7792	48.25
7793	49.81
7794	15.92
7795	18.89
7796	33.91
7797	54.34
7798	46.97
7799	35.43
7800	25.97
7801	53.35
7802	41.28
7803	33.87
7804	39.33
7805	64.04
7806	44.02
7807	27.27
7808	57.64
7809	48.91
7810	61.42
7811	39.36
7812	29.95
7813	19.99
7814	35.22
7815	19.72
7816	31.56
7817	22.52
7818	33.07
7819	56.88
7820	59.63
7821	39.2
7822	9.84
7823	28.41
7824	22.18
7825	51.74
7826	45.82
7827	59.84
7828	33.73
7829	40.84
7830	36.12
7831	31.53
7832	24.81
7833	41.61
7834	80.22
7835	28.97
7836	38.61
7837	41.18
7838	39.57
7839	51.61
7840	57.75
7841	28.9
7842	34.73
7843	42.9
7844	46.07
7845	41.48
7846	34.09
7847	50.57
7848	42.04
7849	37.78
7850	35.52
7851	40.95
7852	33.35
7853	57.53
7854	40.26
7855	38.19
7856	10.14
7857	35.87
7858	33.1
7859	38.91
7860	48.47
7861	24.66
7862	32.33
7863	38.15
7864	29.58
7865	25.56
7866	20.54
7867	40.92
7868	41.7
7869	45.36
7870	32.47
7871	13.8
7872	54.42
7873	59.45
7874	38.31
7875	43.98
7876	53.57
7877	60.46
7878	42.82
7879	36.75
7880	44.95
7881	21.77
7882	10.62
7883	26.24
7884	29.02
7885	76.83
7886	16.91
7887	54.48
7888	42.67
7889	37.13
7890	41.04
7891	52.64
7892	28.27
7893	41.46
7894	42.15
7895	4.98
7896	44.44
7897	20.61
7898	37.43
7899	51.76
7900	54.43
7901	38.43
7902	43.88
7903	11.24
7904	35.46
7905	53.6
7906	40.07
7907	44.53
7908	42.5
7909	9.39
7910	61.73
7911	56.35
7912	40.27
7913	37.37
7914	37.85
7915	43.61
7916	26.12
7917	27.58
7918	46.76
7919	27.34
7920	32.14
7921	56.7
7922	50.41
7923	17.63
7924	18.95
7925	29.51
7926	58.28
7927	30.24
7928	35.82
7929	17.52
7930	39.44
7931	47.71
7932	34.16
7933	26.72
7934	42.72
7935	18.65
7936	39.5
7937	43.77
7938	30.32
7939	52.15
7940	23.48
7941	34.8
7942	34.5
7943	47.9
7944	22.61
7945	45.68
7946	24.32
7947	49.07
7948	31.86
7949	36.34
7950	28.82
7951	39.15
7952	21.31
7953	26.8
7954	52.53
7955	43.27
7956	13.68
7957	30.4
7958	18.01
7959	52.36
7960	24.82
7961	64.67
7962	28.06
7963	10.02
7964	69.43
7965	40.36
7966	49.88
7967	28.43
7968	50.19
7969	56.8
7970	38.65
7971	20.42
7972	36.06
7973	49.55
7974	46.02
7975	53.67
7976	69.67
7977	41.95
7978	52.87
7979	52.18
7980	35.85
7981	33.17
7982	29.44
7983	50.34
7984	16.52
7985	48.12
7986	43.16
7987	42.35
7988	24.68
7989	42.93
7990	35.51
7991	34.9
7992	46.28
7993	31.67
7994	51.71
7995	47.64
7996	34.27
7997	44.71
7998	41.25
7999	44.97
8000	44.88
8001	51.56
8002	12.15
8003	3.14
8004	48.81
8005	42.07
8006	47.45
8007	25.28
8008	56.21
8009	34.0
8010	30.47
8011	48.68
8012	27.15
8013	43.45
8014	47.14
8015	19.74
8016	43.69
8017	52.23
8018	25.72
8019	28.38
8020	19.72
8021	27.75
8022	52.45
8023	33.93
8024	41.04
8025	41.63
8026	51.26
8027	37.17
8028	20.88
8029	24.26
8030	40.14
8031	24.86
8032	15.92
8033	18.3
8034	15.7
8035	43.31
8036	19.14
8037	48.41
8038	30.64
8039	31.65
8040	32.29
8041	56.51
8042	45.56
8043	53.57
8044	32.88
8045	40.87
8046	38.22
8047	48.6
8048	22.0
8049	48.16
8050	44.19
8051	54.3
8052	33.02
8053	33.94
8054	29.28
8055	34.66
8056	21.39
8057	28.09
8058	39.99
8059	46.5
8060	36.56
8061	35.34
8062	14.19
8063	21.53
8064	29.43
8065	20.19
8066	27.34
8067	50.56
8068	34.15
8069	52.97
8070	55.95
8071	32.0
8072	55.49
8073	54.34
8074	54.96
8075	38.77
8076	55.13
8077	47.84
8078	44.87
8079	41.67
8080	42.37
8081	33.31
8082	31.1
8083	47.31
8084	36.58
8085	16.91
8086	12.49
8087	53.74
8088	39.0
8089	19.62
8090	15.17
8091	31.21
8092	54.1
8093	40.83
8094	46.59
8095	14.85
8096	33.12
8097	48.75
8098	22.18
8099	48.5
8100	40.36
8101	38.61
8102	47.36
8103	36.61
8104	60.13
8105	51.44
8106	38.1
8107	23.98
8108	11.24
8109	55.93
8110	23.87
8111	49.2
8112	31.02
8113	30.81
8114	49.85
8115	34.43
8116	51.86
8117	55.72
8118	51.74
8119	39.63
8120	42.88
8121	42.44
8122	50.01
8123	37.7
8124	19.15
8125	54.69
8126	54.25
8127	38.02
8128	49.15
8129	34.09
8130	40.28
8131	22.71
8132	36.86
8133	14.31
8134	13.33
8135	25.9
8136	40.91
8137	16.9
8138	66.63
8139	37.85
8140	42.34
8141	25.64
8142	39.28
8143	51.28
8144	33.62
8145	31.85
8146	66.96
8147	54.83
8148	22.22
8149	51.29
8150	37.6
8151	42.38
8152	48.38
8153	24.56
8154	71.68
8155	45.58
8156	35.11
8157	55.93
8158	40.04
8159	30.83
8160	39.16
8161	21.86
8162	45.29
8163	57.47
8164	33.47
8165	31.67
8166	26.01
8167	48.3
8168	43.61
8169	61.85
8170	46.3
8171	38.08
8172	32.73
8173	45.79
8174	41.17
8175	37.98
8176	35.33
8177	44.25
8178	59.72
8179	36.53
8180	59.91
8181	17.22
8182	93.42
8183	55.56
8184	37.39
8185	55.43
8186	71.38
8187	38.99
8188	48.05
8189	20.52
8190	32.75
8191	53.68
8192	36.62
8193	50.08
8194	45.13
8195	49.3
8196	55.81
8197	38.84
8198	24.6
8199	50.83
8200	63.77
8201	65.01
8202	29.75
8203	37.1
8204	29.64
8205	39.92
8206	47.08
8207	45.69
8208	40.27
8209	20.21
8210	48.68
8211	55.71
8212	40.54
8213	45.44
8214	55.07
8215	33.56
8216	35.22
8217	21.4
8218	30.13
8219	40.89
8220	17.46
8221	41.95
8222	29.53
8223	30.23
8224	23.11
8225	45.09
8226	48.32
8227	24.61
8228	38.91
8229	22.94
8230	36.69
8231	45.94
8232	25.28
8233	55.17
8234	54.67
8235	38.35
8236	38.43
8237	36.5
8238	38.14
8239	15.73
8240	45.39
8241	48.47
8242	26.51
8243	38.55
8244	29.67
8245	46.85
8246	66.96
8247	24.71
8248	51.09
8249	40.27
8250	28.72
8251	57.35
8252	42.81
8253	43.94
8254	47.4
8255	22.85
8256	37.49
8257	62.16
8258	27.65
8259	42.37
8260	29.92
8261	53.52
8262	24.13
8263	48.11
8264	48.37
8265	42.42
8266	39.07
8267	37.92
8268	13.29
8269	32.19
8270	46.91
8271	41.75
8272	29.87
8273	60.39
8274	49.84
8275	32.49
8276	40.57
8277	49.53
8278	53.57
8279	7.66
8280	45.88
8281	24.83
8282	26.47
8283	34.6
8284	28.58
8285	57.33
8286	29.34
8287	46.17
8288	41.26
8289	41.13
8290	21.56
8291	29.76
8292	40.62
8293	54.01
8294	35.44
8295	49.05
8296	30.1
8297	31.44
