0	29.65
1	4.99
2	13.48
3	24.74
4	14.37
5	27.78
6	3.14
7	5.79
8	4.03
9	10.14
10	19.9
11	4.7
12	14.29
13	30.86
14	13.28
15	28.49
16	22.87
17	16.06
18	2.47
19	27.16
20	9.75
21	26.58
22	10.73
23	8.44
24	11.65
25	21.08
26	6.71
27	10.39
28	3.04
29	0.5
30	17.62
31	1.34
32	1.64
33	5.06
34	4.5
35	1.6
36	8.43
37	3.79
38	7.73
39	28.91
40	16.26
41	16.21
42	9.36
43	4.51
44	1.13
45	36.44
46	31.46
47	16.72
48	8.97
49	11.39
50	27.82
51	2.96
52	2.35
53	13.54
54	21.7
55	12.66
56	18.16
57	10.88
58	18.1
59	1.41
60	28.12
61	18.47
62	18.23
63	20.78
64	15.83
65	32.38
66	11.16
67	20.77
68	16.71
69	30.17
70	0.76
71	28.41
72	12.85
73	40.7
74	15.91
75	2.99
76	3.54
77	12.37
78	30.79
79	3.41
80	19.04
81	2.86
82	7.92
83	4.9
84	4.69
85	16.63
86	2.28
87	12.81
88	11.7
89	30.45
90	6.26
91	34.24
92	18.12
93	8.88
94	0.77
95	17.58
96	5.33
97	7.85
98	5.68
99	2.66
100	1.7
101	11.06
102	17.25
103	16.33
104	3.75
105	11.67
106	15.3
107	15.36
108	2.88
109	16.49
110	13.44
111	15.78
112	17.3
113	4.58
114	1.46
115	14.52
116	24.48
117	0.54
118	20.28
119	17.24
120	2.5
121	2.53
122	19.96
123	3.32
124	15.26
125	2.21
126	12.07
127	15.9
128	2.72
129	24.42
130	4.26
131	20.99
132	12.3
133	17.08
134	3.4
135	19.97
136	25.18
137	8.83
138	6.88
139	22.31
140	28.0
141	9.45
142	5.35
143	10.24
144	23.14
145	13.37
146	17.91
147	1.72
148	2.38
149	13.26
150	13.73
151	17.44
152	14.26
153	17.42
154	10.55
155	2.56
156	4.38
157	23.9
158	17.91
159	1.45
160	28.28
161	31.69
162	12.37
163	0.22
164	18.51
165	18.36
166	25.08
167	26.23
168	18.32
169	27.99
170	14.47
171	1.58
172	14.83
173	4.61
174	12.7
175	6.28
176	1.88
177	0.67
178	2.04
179	11.81
180	20.38
181	14.69
182	16.32
183	21.27
184	6.21
185	21.04
186	29.79
187	24.58
188	20.34
189	5.09
190	18.58
191	13.75
192	12.12
193	20.36
194	5.92
195	9.28
196	11.34
197	16.56
198	3.77
199	11.87
200	0.3
201	6.91
202	10.39
203	13.62
204	14.27
205	22.28
206	14.55
207	2.99
208	1.03
209	15.0
210	11.73
211	10.5
212	13.85
213	8.7
214	2.5
215	5.79
216	12.68
217	18.14
218	0.91
219	4.05
220	7.46
221	2.21
222	6.71
223	5.75
224	6.51
225	11.73
226	7.55
227	25.21
228	5.29
229	13.62
230	14.21
231	1.82
232	11.83
233	13.03
234	14.81
235	29.79
236	0.05
237	14.08
238	14.96
239	9.43
240	26.89
241	6.17
242	16.62
243	9.5
244	11.59
245	6.16
246	4.63
247	12.2
248	4.14
249	4.5
250	28.04
251	6.63
252	18.44
253	14.04
254	0.33
255	31.41
256	1.3
257	8.26
258	39.95
259	22.5
260	9.14
261	24.11
262	2.96
263	20.05
264	18.57
265	7.36
266	2.75
267	15.48
268	25.49
269	8.8
270	5.19
271	13.65
272	1.31
273	11.68
274	3.03
275	1.41
276	2.57
277	2.35
278	7.74
279	14.61
280	17.06
281	2.09
282	35.2
283	2.24
284	5.81
285	20.79
286	6.84
287	14.64
288	9.98
289	1.18
290	2.09
291	13.87
292	9.05
293	13.97
294	12.49
295	0.94
296	2.83
297	6.88
298	13.36
299	19.99
300	9.47
301	8.66
302	2.67
303	14.98
304	12.52
305	0.82
306	1.14
307	0.34
308	21.75
309	0.33
310	10.56
311	19.03
312	10.59
313	2.29
314	0.17
315	0.47
316	3.84
317	2.01
318	13.46
319	5.15
320	2.96
321	31.74
322	16.87
323	25.4
324	10.56
325	7.54
326	18.56
327	23.52
328	8.83
329	2.57
330	14.51
331	11.96
332	16.76
333	19.37
334	28.14
335	0.87
336	2.33
337	5.76
338	8.98
339	22.25
340	1.99
341	21.96
342	10.77
343	18.25
344	11.98
345	20.16
346	18.78
347	5.47
348	11.79
349	4.06
350	19.04
351	14.74
352	23.7
353	13.28
354	3.17
355	21.98
356	20.72
357	2.39
358	17.72
359	9.83
360	27.43
361	16.33
362	27.45
363	12.56
364	3.37
365	37.38
366	12.37
367	3.04
368	13.18
369	29.8
370	12.68
371	2.9
372	9.22
373	8.7
374	8.71
375	28.79
376	17.62
377	5.65
378	14.58
379	10.24
380	11.6
381	13.58
382	29.13
383	3.76
384	7.88
385	11.09
386	9.9
387	3.61
388	28.07
389	14.82
390	7.95
391	14.34
392	8.82
393	12.04
394	25.0
395	1.01
396	13.79
397	9.25
398	5.28
399	27.93
400	21.54
401	4.67
402	9.59
403	14.87
404	23.37
405	10.23
406	5.24
407	3.94
408	13.43
409	6.67
410	40.47
411	5.64
412	6.82
413	15.38
414	9.47
415	14.11
416	15.94
417	5.3
418	5.57
419	3.14
420	26.21
421	20.92
422	11.22
423	14.05
424	14.93
425	8.15
426	13.51
427	8.85
428	1.93
429	5.51
430	12.17
431	16.97
432	1.07
433	8.51
434	10.04
435	33.66
436	0.71
437	6.67
438	10.39
439	0.66
440	0.79
441	0.6
442	14.1
443	31.76
444	4.39
445	17.79
446	1.66
447	7.57
448	10.07
449	25.0
450	19.49
451	22.66
452	1.64
453	11.11
454	6.7
455	6.56
456	1.79
457	21.33
458	23.87
459	5.33
460	4.66
461	10.85
462	4.85
463	3.96
464	10.26
465	9.64
466	16.84
467	10.78
468	25.84
469	20.04
470	2.61
471	18.68
472	3.64
473	20.22
474	12.74
475	26.41
476	7.28
477	11.88
478	1.59
479	0.38
480	4.49
481	9.81
482	8.83
483	3.66
484	23.84
485	15.02
486	12.48
487	25.98
488	16.75
489	12.68
490	0.52
491	20.18
492	1.1
493	35.03
494	7.61
495	41.56
496	17.2
497	18.53
498	14.19
499	10.02
500	6.56
501	19.55
502	31.98
503	17.94
504	19.4
505	14.26
506	21.38
507	17.09
508	14.39
509	5.16
510	12.98
511	0.02
512	15.82
513	6.44
514	7.41
515	14.1
516	5.14
517	3.55
518	31.41
519	16.77
520	22.73
521	13.95
522	15.5
523	15.03
524	19.41
525	20.08
526	22.11
527	1.5
528	8.97
529	15.42
530	26.82
531	16.07
532	1.06
533	24.32
534	15.13
535	13.23
536	19.83
537	7.65
538	7.33
539	5.51
540	2.79
541	4.13
542	25.96
543	0.55
544	5.61
545	8.15
546	11.11
547	2.21
548	0.74
549	1.52
550	13.09
551	11.6
552	20.66
553	11.78
554	6.76
555	14.39
556	5.68
557	11.54
558	18.26
559	10.05
560	1.33
561	17.65
562	21.19
563	10.13
564	23.59
565	13.93
566	17.37
567	17.59
568	9.98
569	23.72
570	15.47
571	0.72
572	3.79
573	18.06
574	14.57
575	37.4
576	5.45
577	22.14
578	23.41
579	2.84
580	2.11
581	1.39
582	14.22
583	19.89
584	31.33
585	18.64
586	0.93
587	10.58
588	14.99
589	9.51
590	26.65
591	13.34
592	22.22
593	4.67
594	25.47
595	11.34
596	20.53
597	23.1
598	2.68
599	10.68
600	5.19
601	11.19
602	10.75
603	3.64
604	20.79
605	18.96
606	21.03
607	11.0
608	22.91
609	12.33
610	13.34
611	8.8
612	3.82
613	22.3
614	8.74
615	1.95
616	6.98
617	26.18
618	17.07
619	1.25
620	15.8
621	25.29
622	1.95
623	4.23
624	13.17
625	34.14
626	12.6
627	21.3
628	9.46
629	6.63
630	23.2
631	4.07
632	4.3
633	7.15
634	2.5
635	17.9
636	10.22
637	23.71
638	1.14
639	12.85
640	14.78
641	2.15
642	17.29
643	4.52
644	1.28
645	3.55
646	9.65
647	5.87
648	34.88
649	7.71
650	24.02
651	22.39
652	20.96
653	14.34
654	12.23
655	19.24
656	4.15
657	6.12
658	8.77
659	14.44
660	0.49
661	22.05
662	12.55
663	15.52
664	13.05
665	0.71
666	13.04
667	10.81
668	12.96
669	9.57
670	2.25
671	9.36
672	13.78
673	23.84
674	22.96
675	11.81
676	2.92
677	15.75
678	9.82
679	18.0
680	3.92
681	11.57
682	25.62
683	20.24
684	2.9
685	2.91
686	1.04
687	27.52
688	19.11
689	6.36
690	9.1
691	7.07
692	32.83
693	9.13
694	38.91
695	18.93
696	9.97
697	18.79
698	3.03
699	28.97
700	5.93
701	19.72
702	42.57
703	0.4
704	11.19
705	4.81
706	12.56
707	12.74
708	6.58
709	8.8
710	20.67
711	20.56
712	7.97
713	12.26
714	10.32
715	16.18
716	19.32
717	11.16
718	22.39
719	3.19
720	33.07
721	4.66
722	37.33
723	15.83
724	10.31
725	28.3
726	15.4
727	12.24
728	18.0
729	12.18
730	7.38
731	22.73
732	6.12
733	3.84
734	20.88
735	18.56
736	2.04
737	21.33
738	9.99
739	24.18
740	9.22
741	1.49
742	9.25
743	8.18
744	23.09
745	29.07
746	13.19
747	5.73
748	18.08
749	15.31
750	18.9
751	4.29
752	12.36
753	18.69
754	21.54
755	10.12
756	3.96
757	19.85
758	13.6
759	17.18
760	3.26
761	18.22
762	25.58
763	9.1
764	4.8
765	7.39
766	8.76
767	26.04
768	19.44
769	11.53
770	2.9
771	23.88
772	6.47
773	8.11
774	21.19
775	8.51
776	0.62
777	8.44
778	20.35
779	38.16
780	8.93
781	13.23
782	2.82
783	17.34
784	11.4
785	8.96
786	2.36
787	2.68
788	2.63
789	6.52
790	41.41
791	33.0
792	18.23
793	13.65
794	22.52
795	14.89
796	3.14
797	1.2
798	0.87
799	3.64
800	14.86
801	28.62
802	21.59
803	24.67
804	4.62
805	5.02
806	5.39
807	11.47
808	20.03
809	3.68
810	5.67
811	22.06
812	2.37
813	18.89
814	8.85
815	2.46
816	15.04
817	21.58
818	12.95
819	21.43
820	15.43
821	8.22
822	14.99
823	5.44
824	10.95
825	4.93
826	11.22
827	5.84
828	7.07
829	9.35
830	7.17
831	0.67
832	18.44
833	3.84
834	11.84
835	11.45
836	13.0
837	13.43
838	23.9
839	22.32
840	9.35
841	21.85
842	8.38
843	2.07
844	5.02
845	5.48
846	10.11
847	5.18
848	7.17
849	3.23
850	7.1
851	34.39
852	9.85
853	14.03
854	24.2
855	2.76
856	2.77
857	14.04
858	16.57
859	33.14
860	8.87
861	2.08
862	17.56
863	15.62
864	24.61
865	16.77
866	8.15
867	1.41
868	20.88
869	11.6
870	3.71
871	15.13
872	4.45
873	3.88
874	8.23
875	3.67
876	8.76
877	7.82
878	1.67
879	10.89
880	5.73
881	14.89
882	11.46
883	5.24
884	2.43
885	12.67
886	24.07
887	26.06
888	17.61
889	25.07
890	6.24
891	10.61
892	32.22
893	32.48
894	11.9
895	40.21
896	1.58
897	3.51
898	3.52
899	30.71
900	9.71
901	7.99
902	1.23
903	2.41
904	3.33
905	13.81
906	0.16
907	20.91
908	10.08
909	10.9
910	18.08
911	9.17
912	12.81
913	18.7
914	15.72
915	31.01
916	6.87
917	4.75
918	17.42
919	14.35
920	11.72
921	8.4
922	16.26
923	17.82
924	26.8
925	24.59
926	32.41
927	12.32
928	12.56
929	2.62
930	18.41
931	17.73
932	14.15
933	13.14
934	30.39
935	38.7
936	1.62
937	21.97
938	19.05
939	4.71
940	19.42
941	3.92
942	2.38
943	15.24
944	9.65
945	12.17
946	24.51
947	1.66
948	16.58
949	3.13
950	1.4
951	15.66
952	4.84
953	19.68
954	5.1
955	23.84
956	9.85
957	20.98
958	7.87
959	12.83
960	17.5
961	12.82
962	1.42
963	11.67
964	13.84
965	13.75
966	12.76
967	3.08
968	11.08
969	21.33
970	13.65
971	13.7
972	11.92
973	0.81
974	12.12
975	13.94
976	18.11
977	15.93
978	7.9
979	10.79
980	7.33
981	6.75
982	17.04
983	3.2
984	23.84
985	24.44
986	13.72
987	2.36
988	3.27
989	11.16
990	11.18
991	19.76
992	2.85
993	15.14
994	6.04
995	9.84
996	21.61
997	15.19
998	2.24
999	7.98
1000	7.44
1001	8.75
1002	26.5
1003	17.02
1004	6.33
1005	24.07
1006	11.27
1007	5.33
1008	21.21
1009	6.49
1010	18.45
1011	6.62
1012	6.38
1013	15.83
1014	10.16
1015	1.25
1016	7.1
1017	4.03
1018	8.34
1019	15.39
1020	17.43
1021	11.56
1022	10.99
1023	4.3
1024	26.73
1025	6.32
1026	5.68
1027	0.93
1028	9.17
1029	15.48
1030	23.6
1031	7.1
1032	5.57
1033	3.65
1034	23.51
1035	23.93
1036	1.92
1037	21.04
1038	21.61
1039	7.7
1040	4.33
1041	2.89
1042	19.75
1043	16.58
1044	12.29
1045	1.54
1046	9.76
1047	12.23
1048	4.87
1049	9.87
1050	10.21
1051	20.53
1052	22.94
1053	7.82
1054	3.1
1055	30.2
1056	12.47
1057	3.28
1058	3.14
1059	11.67
1060	5.03
1061	7.23
1062	7.23
1063	2.31
1064	4.77
1065	19.78
1066	4.17
1067	14.78
1068	22.13
1069	4.74
1070	8.92
1071	2.11
1072	18.38
1073	23.23
1074	11.41
1075	14.68
1076	4.68
1077	14.56
1078	10.0
1079	23.1
1080	18.4
1081	13.74
1082	6.12
1083	16.42
1084	10.67
1085	12.77
1086	18.93
1087	19.87
1088	0.55
1089	2.18
1090	17.22
1091	12.74
1092	14.06
1093	9.58
1094	2.4
1095	12.6
1096	14.4
1097	12.46
1098	21.08
1099	11.56
1100	23.64
1101	15.42
1102	26.16
1103	13.9
1104	18.85
1105	19.11
1106	4.21
1107	32.31
1108	17.28
1109	19.23
1110	22.26
1111	28.96
1112	5.79
1113	24.32
1114	5.96
1115	24.21
1116	4.54
1117	20.93
1118	15.53
1119	4.22
1120	17.49
1121	16.04
1122	16.09
1123	20.17
1124	2.78
1125	18.32
1126	6.16
1127	23.19
1128	0.84
1129	17.76
1130	7.36
1131	17.29
1132	13.91
1133	19.17
1134	17.11
1135	17.48
1136	2.21
1137	28.66
1138	5.78
1139	2.53
1140	8.07
1141	38.75
1142	2.19
1143	15.88
1144	5.08
1145	10.72
1146	14.39
1147	8.6
1148	26.59
1149	27.49
1150	8.35
1151	8.95
1152	8.82
1153	9.38
1154	23.53
1155	9.48
1156	5.3
1157	20.29
1158	12.44
1159	13.93
1160	15.79
1161	26.91
1162	13.35
1163	20.61
1164	4.6
1165	15.93
1166	24.43
1167	10.94
1168	5.88
1169	3.37
1170	0.14
1171	9.42
1172	1.3
1173	6.11
1174	1.92
1175	13.65
1176	6.09
1177	0.5
1178	15.87
1179	11.64
1180	8.45
1181	18.74
1182	0.21
1183	12.75
1184	11.03
1185	1.46
1186	12.58
1187	17.79
1188	17.89
1189	4.71
1190	2.46
1191	0.99
1192	25.85
1193	23.58
1194	20.1
1195	29.13
1196	23.36
1197	11.82
1198	9.92
1199	9.03
1200	22.82
1201	7.53
1202	5.9
1203	9.41
1204	9.77
1205	19.04
1206	40.01
1207	1.5
1208	15.35
1209	5.23
1210	14.17
1211	3.74
1212	15.73
1213	25.62
1214	3.13
1215	9.9
1216	19.79
1217	2.81
1218	4.36
1219	18.01
1220	5.16
1221	13.94
1222	12.66
1223	8.42
1224	3.43
1225	7.98
1226	6.61
1227	7.76
1228	3.24
1229	31.22
1230	5.21
1231	12.09
1232	0.29
1233	7.41
1234	1.38
1235	14.32
1236	11.2
1237	21.94
1238	1.27
1239	9.08
1240	16.33
1241	7.13
1242	12.07
1243	7.79
1244	44.7
1245	20.27
1246	15.14
1247	1.4
1248	12.85
1249	6.17
1250	15.14
1251	9.4
1252	3.06
1253	12.5
1254	15.94
1255	25.07
1256	20.36
1257	13.91
1258	11.61
1259	9.28
1260	15.32
1261	2.92
1262	13.32
1263	16.48
1264	0.46
1265	20.81
1266	11.42
1267	17.7
1268	8.43
1269	1.5
1270	15.2
1271	34.82
1272	10.39
1273	17.64
1274	1.03
1275	15.53
1276	15.12
1277	6.12
1278	1.62
1279	7.93
1280	7.28
1281	6.44
1282	14.47
1283	21.09
1284	13.37
1285	12.15
1286	10.16
1287	19.66
1288	19.15
1289	2.61
1290	1.62
1291	7.93
1292	10.08
1293	11.89
1294	10.6
1295	16.5
1296	3.91
1297	4.34
1298	23.56
1299	1.71
1300	1.41
1301	1.99
1302	15.96
1303	12.36
1304	4.63
1305	25.78
1306	2.71
1307	32.95
1308	9.29
1309	7.44
1310	6.86
1311	1.59
1312	12.94
1313	27.89
1314	2.94
1315	4.83
1316	19.69
1317	17.59
1318	6.1
1319	13.43
1320	0.49
1321	4.68
1322	24.56
1323	22.0
1324	3.0
1325	8.71
1326	0.17
1327	20.08
1328	7.26
1329	1.43
1330	14.34
1331	6.25
1332	15.97
1333	11.02
1334	4.67
1335	2.71
1336	7.81
1337	4.66
1338	6.23
1339	14.89
1340	32.66
1341	7.28
1342	12.63
1343	3.27
1344	10.99
1345	8.0
1346	14.3
1347	16.81
1348	10.73
1349	6.25
1350	29.1
1351	4.93
1352	11.68
1353	17.5
1354	5.32
1355	15.64
1356	25.22
1357	0.49
1358	6.13
1359	3.22
1360	11.08
1361	2.23
1362	8.68
1363	8.76
1364	2.12
1365	3.43
1366	13.02
1367	20.37
1368	0.39
1369	28.46
1370	10.62
1371	1.15
1372	2.64
1373	11.97
1374	6.67
1375	2.33
1376	18.96
1377	11.93
1378	15.29
1379	5.43
1380	12.8
1381	28.01
1382	13.46
1383	8.53
1384	4.04
1385	1.63
1386	6.55
1387	10.93
1388	6.68
1389	13.59
1390	3.74
1391	8.54
1392	8.87
1393	13.22
1394	4.35
1395	21.2
1396	15.17
1397	14.9
1398	14.49
1399	16.35
1400	13.72
1401	15.68
1402	15.14
1403	13.67
1404	19.12
1405	2.09
1406	2.73
1407	15.59
1408	15.23
1409	23.38
1410	13.76
1411	20.16
1412	0.72
1413	12.1
1414	2.22
1415	17.86
1416	7.85
1417	18.27
1418	1.16
1419	31.55
1420	6.88
1421	14.2
1422	14.22
1423	14.92
1424	4.62
1425	6.74
1426	10.58
1427	8.2
1428	43.23
1429	9.31
1430	37.64
1431	29.02
1432	5.77
1433	5.57
1434	0.61
1435	10.66
1436	6.44
1437	4.89
1438	3.22
1439	29.39
1440	8.03
1441	22.3
1442	24.94
1443	33.85
1444	6.05
1445	6.24
1446	12.6
1447	9.0
1448	19.17
1449	17.17
1450	36.99
1451	11.18
1452	7.93
1453	11.53
1454	10.52
1455	14.43
1456	4.47
1457	34.36
1458	16.07
1459	21.89
1460	0.22
1461	26.27
1462	15.15
1463	8.81
1464	9.09
1465	7.83
1466	8.01
1467	19.4
1468	11.36
1469	6.05
1470	18.39
1471	4.74
1472	23.15
1473	10.23
1474	0.53
1475	18.0
1476	0.17
1477	8.83
1478	37.71
1479	7.23
1480	10.64
1481	1.38
1482	28.52
1483	20.9
1484	3.95
1485	37.38
1486	4.4
1487	5.36
1488	8.22
1489	10.15
1490	7.99
1491	4.76
1492	3.01
1493	5.74
1494	11.24
1495	15.46
1496	5.72
1497	10.4
1498	13.54
1499	6.56
1500	22.72
1501	17.81
1502	14.14
1503	30.96
1504	12.25
1505	10.78
1506	21.97
1507	15.88
1508	14.64
1509	14.86
1510	2.45
1511	17.85
1512	8.54
1513	5.74
1514	21.75
1515	19.31
1516	23.26
1517	6.39
1518	26.54
1519	1.68
1520	9.61
1521	19.35
1522	26.44
1523	6.07
1524	14.31
1525	6.13
1526	12.64
1527	10.68
1528	10.56
1529	20.91
1530	15.22
1531	24.29
1532	9.91
1533	6.73
1534	20.6
1535	11.74
1536	13.36
1537	3.15
1538	14.81
1539	22.26
1540	2.37
1541	0.55
1542	8.22
1543	19.93
1544	25.5
1545	20.84
1546	4.84
1547	10.37
1548	20.81
1549	24.56
1550	20.42
1551	24.59
1552	15.54
1553	8.2
1554	11.87
1555	8.11
1556	7.53
1557	7.31
1558	9.32
1559	0.04
1560	2.52
1561	13.71
1562	21.84
1563	1.79
1564	19.39
1565	6.43
1566	3.25
1567	13.58
1568	30.39
1569	7.88
1570	8.6
1571	17.26
1572	8.73
1573	12.45
1574	3.97
1575	1.99
1576	22.96
1577	23.49
1578	17.35
1579	11.43
1580	13.62
1581	7.95
1582	4.92
1583	15.73
1584	14.23
1585	17.29
1586	10.18
1587	13.86
1588	13.36
1589	7.48
1590	15.41
1591	8.97
1592	6.13
1593	8.42
1594	36.75
1595	9.06
1596	13.74
1597	14.45
1598	2.47
1599	23.11
1600	14.51
1601	2.83
1602	9.17
1603	1.6
1604	3.06
1605	4.42
1606	8.37
1607	7.54
1608	22.75
1609	3.8
1610	9.08
1611	2.03
1612	10.61
1613	0.94
1614	15.79
1615	0.01
1616	2.77
1617	7.67
1618	10.73
1619	9.31
1620	13.62
1621	10.89
1622	12.93
1623	15.42
1624	27.95
1625	21.34
1626	38.86
1627	11.21
1628	0.83
1629	17.62
1630	17.75
1631	26.87
1632	33.69
1633	23.97
1634	34.89
1635	17.93
1636	17.86
1637	24.05
1638	25.38
1639	9.36
1640	0.46
1641	30.06
1642	32.0
1643	2.54
1644	7.98
1645	4.7
1646	9.62
1647	19.74
1648	8.75
1649	13.38
1650	16.16
1651	5.28
1652	34.01
1653	9.17
1654	25.97
1655	25.47
1656	21.91
1657	4.58
1658	4.04
1659	13.66
1660	16.71
1661	18.19
1662	16.37
1663	10.2
1664	30.26
1665	27.43
1666	12.01
1667	2.42
1668	6.27
1669	3.71
1670	13.09
1671	22.81
1672	6.54
1673	4.18
1674	27.93
1675	17.66
1676	24.86
1677	31.77
1678	7.78
1679	14.37
1680	9.27
1681	4.44
1682	32.92
1683	6.69
1684	3.02
1685	19.63
1686	9.37
1687	6.08
1688	45.26
1689	4.37
1690	13.03
1691	8.28
1692	5.79
1693	12.56
1694	23.27
1695	19.29
1696	17.33
1697	11.11
1698	3.39
1699	21.59
1700	5.19
1701	1.66
1702	10.29
1703	9.1
1704	15.73
1705	7.29
1706	25.38
1707	24.46
1708	18.25
1709	19.25
1710	13.08
1711	19.84
1712	7.43
1713	15.68
1714	5.81
1715	21.01
1716	23.44
1717	6.03
1718	4.23
1719	22.22
1720	29.14
1721	19.66
1722	2.26
1723	13.96
1724	0.88
1725	11.56
1726	30.94
1727	11.79
1728	22.5
1729	15.01
1730	5.09
1731	7.06
1732	11.17
1733	0.22
1734	5.94
1735	7.74
1736	13.88
1737	24.88
1738	16.15
1739	4.84
1740	14.33
1741	18.12
1742	1.79
1743	22.63
1744	0.3
1745	15.19
1746	1.25
1747	13.46
1748	20.9
1749	12.06
1750	16.3
1751	24.11
1752	6.21
1753	16.72
1754	14.28
1755	18.66
1756	19.9
1757	21.06
1758	12.39
1759	9.31
1760	6.9
1761	20.7
1762	15.92
1763	4.4
1764	19.74
1765	11.43
1766	8.89
1767	6.75
1768	7.98
1769	18.12
1770	18.39
1771	12.22
1772	29.26
1773	4.61
1774	5.74
1775	22.75
1776	6.29
1777	1.68
1778	20.99
1779	22.81
1780	15.25
1781	8.06
1782	10.62
1783	11.27
1784	1.27
1785	18.01
1786	21.01
1787	5.16
1788	19.04
1789	4.88
1790	13.21
1791	1.68
1792	2.55
1793	22.34
1794	17.49
1795	25.53
1796	11.77
1797	14.58
1798	24.18
1799	20.47
1800	32.36
1801	5.26
1802	22.75
1803	4.86
1804	1.56
1805	3.04
1806	9.02
1807	11.82
1808	16.83
1809	2.53
1810	5.86
1811	4.76
1812	9.22
1813	18.23
1814	21.72
1815	16.61
1816	5.77
1817	18.6
1818	13.88
1819	0.76
1820	6.55
1821	6.59
1822	3.01
1823	20.4
1824	6.87
1825	6.62
1826	3.17
1827	1.29
1828	15.17
1829	12.63
1830	10.38
1831	3.49
1832	9.1
1833	24.51
1834	2.25
1835	7.41
1836	15.67
1837	3.2
1838	2.54
1839	9.43
1840	10.3
1841	7.37
1842	12.15
1843	4.67
1844	16.83
1845	11.38
1846	6.89
1847	11.68
1848	6.14
1849	23.98
1850	19.97
1851	6.73
1852	14.3
1853	20.32
1854	14.25
1855	13.1
1856	7.67
1857	11.0
1858	22.58
1859	10.68
1860	3.34
1861	35.29
1862	23.6
1863	16.29
1864	31.23
1865	17.46
1866	15.87
1867	25.61
1868	3.0
1869	10.33
1870	7.44
1871	18.66
1872	3.3
1873	1.93
1874	24.11
1875	19.8
1876	26.73
1877	23.21
1878	8.69
1879	12.21
1880	14.43
1881	11.66
1882	3.76
1883	6.75
1884	3.54
1885	10.22
1886	19.85
1887	9.05
1888	15.94
1889	1.07
1890	15.24
1891	27.77
1892	13.75
1893	8.2
1894	8.54
1895	3.48
1896	13.46
1897	0.87
1898	10.54
1899	27.52
1900	19.66
1901	28.04
1902	11.44
1903	6.68
1904	13.56
1905	8.61
1906	4.19
1907	20.7
1908	5.9
1909	20.53
1910	18.67
1911	0.39
1912	23.66
1913	6.68
1914	16.87
1915	15.49
1916	14.68
1917	10.38
1918	3.74
1919	23.53
1920	39.27
1921	10.0
1922	14.65
1923	13.05
1924	6.63
1925	5.14
1926	20.32
1927	5.89
1928	27.83
1929	13.78
1930	6.28
1931	4.9
1932	10.43
1933	5.75
1934	18.71
1935	3.54
1936	28.57
1937	12.54
1938	22.88
1939	21.3
1940	0.78
1941	1.01
1942	23.4
1943	0.8
1944	7.5
1945	9.7
1946	11.11
1947	25.21
1948	9.53
1949	27.03
1950	8.64
1951	0.75
1952	13.01
1953	1.23
1954	8.76
1955	13.82
1956	4.88
1957	21.63
1958	7.22
1959	10.97
1960	23.74
1961	12.59
1962	0.23
1963	7.34
1964	19.1
1965	20.46
1966	23.31
1967	10.61
1968	29.08
1969	3.13
1970	1.36
1971	14.24
1972	3.07
1973	4.65
1974	7.23
1975	16.15
1976	6.72
1977	3.32
1978	11.92
1979	6.08
1980	8.24
1981	29.84
1982	11.81
1983	19.18
1984	5.37
1985	11.15
1986	7.32
1987	20.62
1988	3.89
1989	24.45
1990	19.01
1991	25.17
1992	6.01
1993	20.05
1994	17.88
1995	7.54
1996	23.75
1997	6.0
1998	16.43
1999	4.87
2000	22.43
2001	10.78
2002	9.72
2003	28.76
2004	5.6
2005	7.33
2006	22.06
2007	12.34
2008	9.39
2009	21.12
2010	6.09
2011	21.61
2012	28.29
2013	8.92
2014	11.2
2015	11.85
2016	4.5
2017	16.24
2018	10.9
2019	14.98
2020	6.46
2021	16.41
2022	3.22
2023	2.62
2024	19.41
2025	15.91
2026	11.2
2027	0.15
2028	11.45
2029	23.14
2030	16.12
2031	14.44
2032	16.25
2033	1.99
2034	8.16
2035	38.41
2036	12.52
2037	2.81
2038	30.88
2039	7.43
2040	19.57
2041	19.41
2042	2.7
2043	17.67
2044	19.03
2045	18.96
2046	10.66
2047	20.43
2048	16.69
2049	29.23
2050	7.74
2051	19.96
2052	21.86
2053	11.39
2054	12.71
2055	20.94
2056	17.77
2057	7.49
2058	32.03
2059	17.82
2060	18.86
2061	18.74
2062	24.05
2063	9.28
2064	20.81
2065	5.57
2066	27.06
2067	22.17
2068	15.51
2069	9.81
2070	16.38
2071	0.24
2072	10.39
2073	2.83
2074	22.16
2075	4.29
2076	14.76
2077	15.85
2078	4.33
2079	4.92
2080	37.71
2081	16.83
2082	22.0
2083	14.04
2084	12.35
2085	15.29
2086	11.63
2087	2.69
2088	8.14
2089	10.49
2090	20.23
2091	9.58
2092	12.19
2093	7.43
2094	13.41
2095	0.71
2096	3.6
2097	2.31
2098	14.49
2099	0.5
2100	4.68
2101	3.59
2102	14.02
2103	2.94
2104	16.23
2105	5.98
2106	14.65
2107	0.6
2108	0.6
2109	10.85
2110	19.98
2111	14.24
2112	6.04
2113	7.13
2114	4.61
2115	16.22
2116	3.53
2117	0.5
2118	3.7
2119	28.17
2120	3.22
2121	15.0
2122	22.51
2123	13.26
2124	2.59
2125	5.28
2126	3.06
2127	23.53
2128	5.27
2129	20.86
2130	7.24
2131	3.22
2132	13.27
2133	2.69
2134	18.98
2135	17.17
2136	12.34
2137	14.68
2138	9.63
2139	10.22
2140	16.04
2141	23.09
2142	23.42
2143	9.23
2144	12.23
2145	22.91
2146	10.17
2147	10.05
2148	6.97
2149	1.65
2150	0.33
2151	30.07
2152	3.6
2153	15.36
2154	4.96
2155	16.38
2156	24.32
2157	29.52
2158	7.29
2159	14.72
2160	13.14
2161	19.35
2162	12.7
2163	16.07
2164	11.73
2165	9.14
2166	9.63
2167	13.94
2168	17.2
2169	3.63
2170	1.21
2171	26.05
2172	20.94
2173	14.16
2174	5.39
2175	18.66
2176	15.67
2177	2.1
2178	25.58
2179	14.01
2180	23.97
2181	20.2
2182	1.06
2183	14.15
2184	12.8
2185	18.03
2186	2.37
2187	7.15
2188	11.86
2189	10.46
2190	14.14
2191	3.33
2192	15.22
2193	17.51
2194	26.36
2195	7.56
2196	2.28
2197	9.99
2198	12.1
2199	11.1
2200	13.12
2201	13.6
2202	4.43
2203	2.99
2204	9.81
2205	15.12
2206	3.3
2207	0.93
2208	4.33
2209	14.06
2210	11.24
2211	0.39
2212	14.87
2213	9.59
2214	9.25
2215	4.31
2216	4.78
2217	25.37
2218	16.27
2219	13.05
2220	14.28
2221	12.02
2222	2.34
2223	20.11
2224	11.78
2225	23.83
2226	7.22
2227	17.12
2228	23.86
2229	3.39
2230	17.27
2231	21.84
2232	14.24
2233	13.43
2234	2.39
2235	24.37
2236	20.89
2237	3.03
2238	15.01
2239	4.92
2240	21.04
2241	15.26
2242	9.0
2243	15.23
2244	7.61
2245	11.32
2246	6.39
2247	10.47
2248	5.43
2249	12.21
2250	9.72
2251	14.55
2252	11.8
2253	12.43
2254	3.03
2255	10.19
2256	20.41
2257	5.94
2258	14.19
2259	24.97
2260	22.8
2261	15.87
2262	41.89
2263	6.8
2264	19.73
2265	12.48
2266	2.67
2267	8.83
2268	6.93
2269	15.51
2270	16.37
2271	21.26
2272	16.96
2273	20.42
2274	14.21
2275	15.09
2276	0.76
2277	6.47
2278	5.38
2279	19.17
2280	11.04
2281	4.48
2282	20.32
2283	5.43
2284	25.44
2285	14.74
2286	10.1
2287	0.22
2288	1.3
2289	12.06
2290	0.06
2291	3.97
2292	33.56
2293	10.98
2294	26.16
2295	11.56
2296	27.25
2297	19.63
2298	3.55
2299	4.75
2300	21.35
2301	3.08
2302	18.26
2303	31.11
2304	9.84
2305	21.01
2306	31.79
2307	24.3
2308	8.36
2309	6.67
2310	9.11
2311	17.88
2312	2.17
2313	14.99
2314	14.32
2315	22.97
2316	3.51
2317	5.61
2318	19.92
2319	21.75
2320	9.8
2321	30.88
2322	11.59
2323	17.75
2324	18.64
2325	1.48
2326	6.27
2327	1.4
2328	28.83
2329	1.54
2330	14.34
2331	7.18
2332	3.15
2333	31.82
2334	13.4
2335	8.58
2336	15.93
2337	16.99
2338	12.53
2339	6.52
2340	1.89
2341	8.74
2342	1.6
2343	27.99
2344	2.73
2345	21.09
2346	14.02
2347	30.88
2348	9.76
2349	4.32
2350	3.12
2351	20.34
2352	5.69
2353	10.06
2354	18.45
2355	5.79
2356	18.85
2357	33.57
2358	5.07
2359	16.76
2360	5.97
2361	14.64
2362	11.36
2363	6.78
2364	14.63
2365	7.49
2366	14.45
2367	2.65
2368	14.96
2369	4.44
2370	5.5
2371	4.12
2372	17.48
2373	23.66
2374	18.44
2375	23.61
2376	12.56
2377	8.69
2378	35.15
2379	4.41
2380	8.12
2381	3.96
2382	9.02
2383	9.82
2384	3.9
2385	5.37
2386	10.04
2387	20.47
2388	13.8
2389	8.14
2390	31.77
2391	7.97
2392	13.76
2393	8.29
2394	8.81
2395	13.06
2396	8.43
2397	9.46
2398	18.38
2399	8.71
2400	1.99
2401	5.23
2402	4.08
2403	10.56
2404	14.35
2405	2.48
2406	12.62
2407	10.27
2408	6.15
2409	26.64
2410	9.36
2411	5.93
2412	2.21
2413	16.72
2414	4.25
2415	20.4
2416	19.06
2417	0.09
2418	0.52
2419	0.32
2420	13.28
2421	7.6
2422	8.23
2423	12.89
2424	24.49
2425	13.75
2426	20.62
2427	11.83
2428	6.5
2429	2.57
2430	10.92
2431	9.23
2432	2.14
2433	12.53
2434	14.89
2435	10.18
2436	2.66
2437	3.85
2438	6.58
2439	12.0
2440	1.98
2441	10.69
2442	23.81
2443	10.81
2444	1.85
2445	8.02
2446	18.83
2447	7.94
2448	13.32
2449	13.39
2450	18.2
2451	1.89
2452	13.86
2453	5.99
2454	30.02
2455	3.07
2456	14.21
2457	2.96
2458	25.35
2459	14.49
2460	25.62
2461	7.28
2462	29.13
2463	1.8
2464	14.65
2465	12.25
2466	6.89
2467	9.99
2468	2.36
2469	14.61
2470	30.34
2471	16.2
2472	10.77
2473	30.58
2474	4.74
2475	14.01
2476	2.66
2477	4.41
2478	12.68
2479	15.16
2480	4.32
2481	6.94
2482	0.58
2483	11.17
2484	25.09
2485	31.24
2486	13.1
2487	3.76
2488	16.07
2489	1.27
2490	21.36
2491	0.91
2492	10.03
2493	16.39
2494	11.51
2495	11.87
2496	6.76
2497	12.65
2498	15.98
2499	4.42
2500	10.11
2501	11.25
2502	14.36
2503	28.26
2504	15.01
2505	6.16
2506	2.77
2507	27.63
2508	10.86
2509	24.75
2510	6.34
2511	11.23
2512	19.39
2513	18.32
2514	17.69
2515	1.8
2516	16.1
2517	17.95
2518	29.42
2519	0.57
2520	13.28
2521	14.2
2522	12.06
2523	15.99
2524	4.01
2525	6.65
2526	9.2
2527	8.33
2528	7.01
2529	16.57
2530	1.65
2531	17.74
2532	19.81
2533	6.77
2534	4.92
2535	14.15
2536	22.29
2537	11.41
2538	15.49
2539	9.02
2540	19.11
2541	15.13
2542	1.72
2543	5.55
2544	31.23
2545	10.46
2546	17.46
2547	3.97
2548	29.34
2549	3.37
2550	21.07
2551	4.29
2552	8.55
2553	12.11
2554	17.82
2555	7.38
2556	3.02
2557	11.86
2558	16.94
2559	35.12
2560	7.82
2561	0.57
2562	26.27
2563	9.18
2564	1.39
2565	21.15
2566	18.26
2567	33.8
2568	7.03
2569	24.04
2570	2.42
2571	28.6
2572	7.97
2573	24.52
2574	24.76
2575	1.88
2576	19.01
2577	13.19
2578	12.8
2579	13.24
2580	24.41
2581	1.68
2582	14.66
2583	3.5
2584	16.11
2585	21.22
2586	17.62
2587	11.65
2588	12.79
2589	6.19
2590	26.18
2591	2.43
2592	6.62
2593	2.39
2594	23.75
2595	14.5
2596	3.43
2597	2.88
2598	7.36
2599	11.67
2600	14.63
2601	10.7
2602	14.7
2603	14.0
2604	15.6
2605	11.42
2606	16.99
2607	20.7
2608	11.19
2609	9.01
2610	10.32
2611	28.44
2612	7.74
2613	7.2
2614	11.49
2615	15.33
2616	6.94
2617	5.46
2618	3.67
2619	0.84
2620	11.46
2621	6.95
2622	11.71
2623	24.79
2624	3.28
2625	12.4
2626	5.1
2627	35.45
2628	14.11
2629	3.1
2630	4.71
2631	3.47
2632	8.82
2633	15.96
2634	13.99
2635	19.31
2636	15.89
2637	4.32
2638	6.94
2639	17.76
2640	27.12
2641	8.36
2642	26.43
2643	6.85
2644	7.51
2645	9.99
2646	3.03
2647	7.11
2648	8.9
2649	26.11
2650	13.1
2651	9.42
2652	30.68
2653	8.73
2654	3.46
2655	14.07
2656	6.34
2657	11.24
2658	20.72
2659	31.83
2660	31.2
2661	11.3
2662	12.22
2663	8.76
2664	8.7
2665	23.48
2666	16.67
2667	1.48
2668	17.12
2669	17.22
2670	11.78
2671	15.52
2672	4.87
2673	20.18
2674	24.83
2675	18.19
2676	0.48
2677	6.45
2678	0.58
2679	0.41
2680	8.89
2681	1.68
2682	19.17
2683	7.04
2684	26.37
2685	2.4
2686	15.08
2687	3.32
2688	8.6
2689	11.27
2690	0.36
2691	24.83
2692	12.39
2693	10.26
2694	13.96
2695	10.0
2696	16.49
2697	1.55
2698	15.99
2699	1.6
2700	3.05
2701	11.46
2702	23.06
2703	29.74
2704	5.23
2705	4.93
2706	23.79
2707	26.3
2708	23.62
2709	6.87
2710	1.07
2711	10.78
2712	1.75
2713	6.31
2714	18.39
2715	2.07
2716	0.89
2717	3.21
2718	1.21
2719	18.37
2720	25.35
2721	25.37
2722	6.57
2723	9.97
2724	19.6
2725	25.73
2726	3.0
2727	9.08
2728	0.93
2729	16.27
2730	8.03
2731	38.97
2732	17.62
2733	16.79
2734	1.53
2735	15.7
2736	8.82
2737	22.17
2738	14.18
2739	4.03
2740	0.9
2741	7.94
2742	4.64
2743	9.28
2744	10.96
2745	36.04
2746	7.98
2747	14.03
2748	8.22
2749	9.68
2750	12.66
2751	21.03
2752	25.17
2753	12.82
2754	3.35
2755	12.94
2756	3.57
2757	25.32
2758	6.13
2759	7.24
2760	6.1
2761	16.72
2762	19.39
2763	1.54
2764	6.2
2765	23.49
2766	9.86
2767	27.39
2768	12.95
2769	13.69
2770	27.56
2771	12.6
2772	5.58
2773	10.04
2774	26.02
2775	5.72
2776	11.62
2777	7.42
2778	9.51
2779	22.89
2780	21.53
2781	10.5
2782	9.19
2783	11.33
2784	10.33
2785	12.85
2786	4.76
2787	12.11
2788	25.5
2789	6.87
2790	0.52
2791	7.39
2792	11.0
2793	8.08
2794	7.4
2795	11.18
2796	5.25
2797	17.42
2798	6.33
2799	0.44
2800	20.76
2801	11.3
2802	14.56
2803	11.32
2804	9.05
2805	16.42
2806	7.63
2807	21.64
2808	2.73
2809	20.8
2810	10.57
2811	1.64
2812	4.67
2813	20.98
2814	15.43
2815	5.16
2816	4.35
2817	13.19
2818	4.09
2819	9.66
2820	10.48
2821	0.26
2822	25.86
2823	5.38
2824	1.22
2825	20.97
2826	5.97
2827	9.97
2828	6.2
2829	25.96
2830	11.06
2831	21.4
2832	3.7
2833	13.9
2834	5.42
2835	6.18
2836	11.72
2837	4.86
2838	27.13
2839	24.99
2840	20.36
2841	8.66
2842	7.59
2843	23.0
2844	1.3
2845	4.67
2846	6.96
2847	9.61
2848	5.55
2849	29.08
2850	11.8
2851	6.06
2852	14.07
2853	18.85
2854	20.16
2855	2.5
2856	15.35
2857	23.19
2858	11.08
2859	5.59
2860	12.62
2861	17.45
2862	10.93
2863	15.13
2864	18.19
2865	7.27
2866	5.77
2867	21.11
2868	28.0
2869	13.59
2870	13.39
2871	2.27
2872	0.03
2873	14.19
2874	17.43
2875	7.72
2876	12.43
2877	7.38
2878	14.61
2879	23.59
2880	29.7
2881	7.56
2882	11.39
2883	0.94
2884	11.77
2885	8.53
2886	2.3
2887	8.45
2888	8.76
2889	5.13
2890	0.81
2891	10.18
2892	10.56
2893	2.97
2894	30.36
2895	26.27
2896	5.4
2897	11.4
2898	8.69
2899	18.33
2900	14.36
2901	10.59
2902	3.56
2903	8.74
2904	4.92
2905	13.52
2906	9.35
2907	27.59
2908	42.32
2909	27.29
2910	1.14
2911	18.56
2912	12.24
2913	18.33
2914	12.21
2915	7.68
2916	12.69
2917	7.89
2918	1.98
2919	5.95
2920	12.1
2921	9.99
2922	25.1
2923	16.38
2924	13.2
2925	33.08
2926	14.26
2927	5.43
2928	12.2
2929	11.0
2930	7.12
2931	10.35
2932	0.79
2933	23.89
2934	23.65
2935	10.76
2936	24.9
2937	23.2
2938	29.23
2939	19.96
2940	11.67
2941	18.56
2942	24.47
2943	1.32
2944	14.12
2945	15.84
2946	3.77
2947	5.68
2948	1.41
2949	12.82
2950	3.33
2951	16.88
2952	3.76
2953	9.22
2954	7.41
2955	32.17
2956	10.8
2957	33.65
2958	18.22
2959	18.33
2960	3.1
2961	10.37
2962	12.71
2963	7.84
2964	7.68
2965	12.2
2966	2.2
2967	15.5
2968	16.34
2969	9.93
2970	2.63
2971	8.03
2972	7.15
2973	8.5
2974	14.55
2975	9.55
2976	17.71
2977	3.84
2978	31.43
2979	5.73
2980	9.29
2981	16.94
2982	17.78
2983	7.34
2984	6.07
2985	3.92
2986	15.78
2987	6.93
2988	4.38
2989	12.45
2990	22.79
2991	12.9
2992	11.87
2993	21.21
2994	4.56
2995	4.15
2996	0.76
2997	16.86
2998	21.86
2999	13.12
3000	28.34
3001	13.35
3002	25.24
3003	12.42
3004	7.57
3005	6.95
3006	17.0
3007	4.06
3008	24.0
3009	0.1
3010	22.43
3011	3.18
3012	24.41
3013	5.84
3014	24.32
3015	8.56
3016	27.16
3017	38.19
3018	4.43
3019	11.38
3020	19.66
3021	4.39
3022	30.53
3023	5.74
3024	29.09
3025	11.09
3026	15.74
3027	20.35
3028	11.1
3029	5.28
3030	2.67
3031	13.08
3032	8.48
3033	22.46
3034	19.0
3035	19.24
3036	10.27
3037	15.74
3038	12.71
3039	14.61
3040	1.11
3041	21.81
3042	14.11
3043	21.81
3044	18.42
3045	10.28
3046	17.82
3047	11.68
3048	8.47
3049	18.34
3050	34.3
3051	20.51
3052	17.6
3053	4.57
3054	14.74
3055	10.15
3056	6.91
3057	0.56
3058	18.41
3059	9.31
3060	11.94
3061	11.17
3062	6.08
3063	13.27
3064	15.95
3065	16.63
3066	27.45
3067	12.21
3068	23.4
3069	5.39
3070	5.88
3071	2.8
3072	0.79
3073	11.17
3074	22.43
3075	11.38
3076	13.6
3077	10.14
3078	3.64
3079	30.2
3080	1.16
3081	9.66
3082	16.32
3083	28.2
3084	22.1
3085	17.99
3086	2.52
3087	11.39
3088	9.33
3089	6.13
3090	9.97
3091	16.51
3092	20.11
3093	22.16
3094	24.99
3095	12.42
3096	13.0
3097	7.26
3098	3.1
3099	17.89
3100	21.93
3101	27.34
3102	36.72
3103	20.05
3104	10.47
3105	9.44
3106	6.23
3107	7.39
3108	7.19
3109	8.51
3110	2.48
3111	17.63
3112	1.68
3113	11.89
3114	15.53
3115	12.88
3116	1.75
3117	15.44
3118	11.91
3119	7.11
3120	24.26
3121	0.45
3122	21.87
3123	6.14
3124	29.47
3125	17.62
3126	2.71
3127	10.01
3128	4.42
3129	12.6
3130	22.52
3131	8.01
3132	18.56
3133	1.78
3134	3.84
3135	1.74
3136	20.93
3137	24.51
3138	1.43
3139	6.26
3140	12.07
3141	8.52
3142	1.92
3143	4.18
3144	5.25
3145	23.06
3146	15.83
3147	13.71
3148	6.43
3149	1.18
3150	0.43
3151	9.7
3152	15.6
3153	24.58
3154	9.27
3155	6.51
3156	5.0
3157	1.5
3158	1.88
3159	9.77
3160	2.26
3161	5.16
3162	23.13
3163	15.51
3164	6.73
3165	21.5
3166	13.14
3167	27.15
3168	0.82
3169	6.04
3170	27.72
3171	23.7
3172	12.26
3173	4.85
3174	14.69
3175	29.15
3176	16.42
3177	15.43
3178	11.65
3179	22.25
3180	13.05
3181	5.99
3182	7.2
3183	3.24
3184	8.61
3185	9.36
3186	0.94
3187	20.94
3188	14.03
3189	5.48
3190	23.92
3191	3.91
3192	16.28
3193	11.07
3194	10.3
3195	13.65
3196	14.08
3197	26.05
3198	11.97
3199	20.23
3200	0.51
3201	13.57
3202	18.49
3203	5.38
3204	24.25
3205	9.94
3206	24.91
3207	8.84
3208	7.54
3209	9.88
3210	13.07
3211	5.72
3212	19.23
3213	8.47
3214	13.73
3215	27.13
3216	27.33
3217	16.82
3218	29.54
3219	5.67
3220	0.81
3221	9.54
3222	13.97
3223	12.21
3224	26.92
3225	11.86
3226	13.36
3227	10.34
3228	6.97
3229	8.91
3230	10.01
3231	4.61
3232	25.31
3233	16.38
3234	1.82
3235	16.23
3236	15.06
3237	23.71
3238	11.0
3239	9.51
3240	5.88
3241	0.32
3242	28.18
3243	6.16
3244	5.48
3245	25.53
3246	4.81
3247	23.27
3248	14.21
3249	17.23
3250	7.21
3251	1.28
3252	34.13
3253	4.59
3254	13.9
3255	12.32
3256	4.12
3257	7.72
3258	5.22
3259	25.47
3260	13.19
3261	17.99
3262	16.52
3263	12.16
3264	4.57
3265	8.36
3266	4.17
3267	35.58
3268	8.59
3269	26.57
3270	5.17
3271	7.07
3272	14.99
3273	13.67
3274	10.2
3275	5.49
3276	15.9
3277	16.53
3278	13.51
3279	10.79
3280	6.16
3281	14.02
3282	43.34
3283	11.38
3284	2.79
3285	17.09
3286	29.34
3287	16.72
3288	15.56
3289	39.56
3290	8.48
3291	1.01
3292	16.93
3293	3.03
3294	0.3
3295	33.08
3296	12.67
3297	2.55
3298	4.19
3299	23.36
3300	3.51
3301	5.2
3302	8.85
3303	7.41
3304	13.18
3305	8.09
3306	26.3
3307	30.63
3308	8.03
3309	9.19
3310	9.05
3311	1.57
3312	17.37
3313	9.27
3314	11.13
3315	8.72
3316	1.39
3317	6.47
3318	0.26
3319	16.22
3320	19.46
3321	21.92
3322	13.63
3323	3.38
3324	2.24
3325	7.68
3326	19.04
3327	4.14
3328	9.73
3329	0.29
3330	11.84
3331	13.59
3332	18.36
3333	17.85
3334	19.2
3335	19.2
3336	8.41
3337	8.81
3338	15.69
3339	13.41
3340	21.47
3341	19.67
3342	25.34
3343	7.42
3344	13.21
3345	34.12
3346	9.93
3347	8.45
3348	1.52
3349	7.03
3350	12.8
3351	12.11
3352	12.69
3353	11.47
3354	11.23
3355	1.54
3356	8.93
3357	17.22
3358	14.73
3359	21.17
3360	17.71
3361	12.49
3362	32.81
3363	30.76
3364	13.07
3365	23.64
3366	26.65
3367	9.91
3368	11.42
3369	4.47
3370	2.62
3371	16.74
3372	10.15
3373	22.99
3374	8.87
3375	8.52
3376	10.48
3377	19.93
3378	9.96
3379	5.96
3380	29.84
3381	10.64
3382	20.55
3383	1.61
3384	21.75
3385	9.89
3386	17.15
3387	3.02
3388	14.66
3389	6.92
3390	0.8
3391	15.81
3392	32.59
3393	8.18
3394	5.29
3395	1.28
3396	11.79
3397	7.94
3398	14.98
3399	0.31
3400	12.4
3401	17.49
3402	16.1
3403	11.65
3404	12.23
3405	10.55
3406	9.48
3407	15.67
3408	29.04
3409	6.87
3410	5.34
3411	4.0
3412	19.61
3413	22.51
3414	7.19
3415	8.07
3416	14.91
3417	8.34
3418	4.94
3419	17.92
3420	15.55
3421	15.35
3422	20.12
3423	27.94
3424	8.33
3425	13.22
3426	10.89
3427	15.5
3428	33.09
3429	17.19
3430	17.39
3431	2.77
3432	29.23
3433	9.27
3434	8.56
3435	23.96
3436	1.2
3437	24.15
3438	7.2
3439	1.28
3440	24.24
3441	18.55
3442	20.8
3443	2.25
3444	20.11
3445	8.61
3446	9.43
3447	2.26
3448	10.27
3449	8.52
3450	0.24
3451	7.42
3452	13.19
3453	23.97
3454	1.7
3455	32.75
3456	4.77
3457	16.47
3458	11.97
3459	22.19
3460	9.43
3461	6.15
3462	25.01
3463	5.35
3464	11.83
3465	1.23
3466	6.92
3467	8.29
3468	0.62
3469	26.11
3470	6.64
3471	20.6
3472	4.21
3473	2.73
3474	4.65
3475	30.43
3476	22.17
3477	19.81
3478	20.82
3479	16.78
3480	15.27
3481	27.74
3482	8.14
3483	17.51
3484	13.17
3485	7.05
3486	15.33
3487	18.91
3488	8.04
3489	7.19
3490	3.88
3491	12.74
3492	5.97
3493	9.41
3494	17.72
3495	6.8
3496	7.24
3497	2.18
3498	11.43
3499	5.14
3500	7.71
3501	5.24
3502	2.59
3503	27.56
3504	15.6
3505	23.68
3506	6.58
3507	5.68
3508	12.37
3509	20.5
3510	10.07
3511	3.24
3512	13.71
3513	20.41
3514	13.95
3515	5.63
3516	10.27
3517	5.35
3518	11.98
3519	31.25
3520	14.58
3521	8.46
3522	12.52
3523	4.26
3524	20.93
3525	2.22
3526	19.81
3527	3.15
3528	3.41
3529	8.87
3530	17.14
3531	24.31
3532	6.92
3533	14.13
3534	4.14
3535	5.21
3536	43.83
3537	35.02
3538	0.94
3539	11.56
3540	15.61
3541	3.1
3542	17.85
3543	2.06
3544	5.92
3545	10.92
3546	9.81
3547	17.04
3548	6.87
3549	18.49
3550	31.27
3551	8.29
3552	3.13
3553	14.85
3554	18.44
3555	1.7
3556	19.12
3557	22.3
3558	0.89
3559	8.1
3560	1.94
3561	4.56
3562	23.14
3563	19.45
3564	16.53
3565	3.75
3566	9.51
3567	8.57
3568	9.15
3569	20.39
3570	26.09
3571	13.01
3572	45.03
3573	34.85
3574	30.32
3575	24.35
3576	28.99
3577	4.43
3578	12.05
3579	3.04
3580	14.36
3581	22.15
3582	11.33
3583	31.65
3584	10.64
3585	27.32
3586	17.17
3587	4.01
3588	0.71
3589	5.4
3590	12.89
3591	7.82
3592	8.34
3593	17.26
3594	10.17
3595	13.08
3596	27.12
3597	19.98
3598	10.49
3599	3.74
3600	12.57
3601	17.16
3602	7.29
3603	20.42
3604	3.09
3605	20.71
3606	3.67
3607	12.75
3608	11.13
3609	22.97
3610	9.81
3611	12.68
3612	12.19
3613	28.61
3614	24.2
3615	14.19
3616	14.39
3617	16.43
3618	2.23
3619	8.91
3620	3.85
3621	1.34
3622	36.77
3623	11.93
3624	20.74
3625	11.24
3626	4.7
3627	9.43
3628	7.69
3629	19.96
3630	32.96
3631	7.41
3632	17.83
3633	8.19
3634	13.34
3635	14.79
3636	9.1
3637	8.44
3638	11.47
3639	4.38
3640	23.92
3641	33.25
3642	12.34
3643	8.14
3644	6.14
3645	2.49
3646	22.02
3647	8.73
3648	11.93
3649	4.69
3650	15.98
3651	3.16
3652	2.04
3653	5.64
3654	13.91
3655	20.16
3656	3.43
3657	27.55
3658	26.71
3659	7.64
3660	12.45
3661	19.16
3662	2.38
3663	4.81
3664	6.86
3665	10.17
3666	4.12
3667	4.81
3668	16.22
3669	21.16
3670	2.95
3671	22.18
3672	31.95
3673	25.21
3674	26.79
3675	22.64
3676	11.15
3677	1.97
3678	8.86
3679	7.74
3680	6.18
3681	18.91
3682	11.88
3683	1.01
3684	6.07
3685	33.0
3686	1.4
3687	13.89
3688	7.75
3689	1.46
3690	22.27
3691	19.56
3692	53.94
3693	22.74
3694	18.03
3695	1.56
3696	17.74
3697	17.61
3698	16.62
3699	20.36
3700	17.44
3701	36.62
3702	11.23
3703	3.1
3704	12.44
3705	5.71
3706	15.08
3707	14.32
3708	6.59
3709	20.3
3710	13.87
3711	4.89
3712	11.69
3713	19.71
3714	18.53
3715	22.21
3716	18.19
3717	9.21
3718	11.03
3719	0.08
3720	12.76
3721	4.91
3722	9.93
3723	7.01
3724	9.43
3725	3.12
3726	8.17
3727	17.88
3728	3.92
3729	5.3
3730	1.11
3731	18.41
3732	4.52
3733	13.66
3734	15.01
3735	18.61
3736	10.91
3737	2.62
3738	24.59
3739	0.02
3740	21.11
3741	3.14
3742	2.8
3743	23.33
3744	17.28
3745	14.19
3746	13.91
3747	16.41
3748	3.29
3749	9.63
3750	21.96
3751	1.01
3752	6.41
3753	10.44
3754	8.63
3755	9.63
3756	8.31
3757	0.59
3758	9.39
3759	6.45
3760	14.68
3761	26.03
3762	11.73
3763	11.22
3764	12.39
3765	15.06
3766	4.09
3767	4.58
3768	9.77
3769	25.23
3770	16.67
3771	41.35
3772	16.46
3773	24.99
3774	8.1
3775	14.58
3776	4.16
3777	6.73
3778	6.9
3779	0.18
3780	19.28
3781	0.91
3782	12.69
3783	4.01
3784	9.71
3785	10.16
3786	6.58
3787	4.21
3788	3.3
3789	12.23
3790	18.36
3791	5.21
3792	11.71
3793	19.81
3794	27.84
3795	6.85
3796	9.17
3797	17.29
3798	9.82
3799	11.94
3800	3.36
3801	18.8
3802	0.74
3803	7.56
3804	27.94
3805	13.71
3806	5.86
3807	1.21
3808	4.54
3809	15.77
3810	1.4
3811	14.55
3812	4.9
3813	14.26
3814	17.12
3815	16.32
3816	17.48
3817	14.85
3818	10.42
3819	16.4
3820	19.83
3821	28.74
3822	11.39
3823	14.14
3824	16.67
3825	4.33
3826	4.32
3827	1.79
3828	30.91
3829	8.39
3830	13.75
3831	23.64
3832	31.82
3833	10.04
3834	4.18
3835	2.75
3836	26.86
3837	10.36
3838	9.38
3839	5.99
3840	2.29
3841	14.91
3842	12.55
3843	26.57
3844	13.35
3845	1.69
3846	7.1
3847	25.47
3848	4.97
3849	12.28
3850	24.91
3851	2.49
3852	19.7
3853	11.52
3854	13.72
3855	11.86
3856	10.25
3857	9.8
3858	25.45
3859	10.28
3860	1.62
3861	24.03
3862	21.09
3863	4.6
3864	15.41
3865	23.09
3866	7.61
3867	0.18
3868	9.35
3869	0.92
3870	12.37
3871	17.17
3872	15.15
3873	14.49
3874	3.61
3875	22.89
3876	37.51
3877	17.45
3878	7.87
3879	3.6
3880	5.44
3881	29.08
3882	16.04
3883	16.56
3884	23.55
3885	12.12
3886	16.71
3887	13.27
3888	9.1
3889	19.54
3890	31.91
3891	28.23
3892	2.67
3893	14.91
3894	1.27
3895	12.3
3896	16.56
3897	3.3
3898	18.06
3899	17.26
3900	15.58
3901	5.16
3902	5.58
3903	6.09
3904	15.03
3905	25.44
3906	11.18
3907	10.6
3908	7.77
3909	37.61
3910	14.85
3911	18.92
3912	4.1
3913	8.02
3914	18.87
3915	10.38
3916	18.15
3917	25.0
3918	11.01
3919	14.96
3920	16.96
3921	20.47
3922	13.45
3923	0.51
3924	10.85
3925	9.74
3926	25.41
3927	5.78
3928	14.19
3929	5.3
3930	12.43
3931	3.84
3932	18.29
3933	1.8
3934	14.99
3935	11.2
3936	22.46
3937	6.52
3938	8.86
3939	11.85
3940	17.91
3941	14.15
3942	20.62
3943	13.64
3944	10.78
3945	5.4
3946	32.7
3947	24.86
3948	6.67
3949	7.94
3950	23.68
3951	22.85
3952	5.66
3953	20.69
3954	18.56
3955	5.87
3956	4.39
3957	1.31
3958	18.34
3959	22.65
3960	11.21
3961	25.1
3962	1.78
3963	3.55
3964	3.27
3965	33.64
3966	5.6
3967	4.87
3968	3.13
3969	3.26
3970	17.86
3971	17.6
3972	2.18
3973	3.67
3974	17.44
3975	8.15
3976	20.85
3977	9.84
3978	24.55
3979	4.12
3980	23.38
3981	7.98
3982	15.31
3983	4.76
3984	18.88
3985	5.87
3986	12.14
3987	1.99
3988	7.99
3989	13.19
3990	24.53
3991	21.55
3992	3.5
3993	17.78
3994	14.83
3995	2.58
3996	11.17
3997	2.56
3998	8.94
3999	16.98
4000	2.51
4001	13.7
4002	2.53
4003	12.65
4004	12.53
4005	4.25
4006	28.5
4007	3.9
4008	23.64
4009	2.55
4010	1.11
4011	6.58
4012	14.5
4013	12.9
4014	30.29
4015	14.39
4016	17.48
4017	12.73
4018	3.77
4019	8.76
4020	14.89
4021	22.78
4022	8.83
4023	0.35
4024	9.15
4025	12.16
4026	11.2
4027	18.57
4028	21.28
4029	12.17
4030	4.05
4031	11.93
4032	10.85
4033	24.0
4034	6.45
4035	17.4
4036	16.28
4037	10.14
4038	3.77
4039	11.82
4040	30.45
4041	10.54
4042	4.22
4043	35.72
4044	5.83
4045	21.76
4046	33.81
4047	1.35
4048	22.75
4049	10.12
4050	16.42
4051	28.58
4052	7.21
4053	18.41
4054	10.45
4055	3.87
4056	50.31
4057	21.29
4058	18.6
4059	15.93
4060	20.61
4061	22.81
4062	15.02
4063	6.4
4064	15.62
4065	13.99
4066	10.26
4067	7.1
4068	5.66
4069	10.62
4070	5.41
4071	1.42
4072	29.87
4073	6.43
4074	0.24
4075	18.05
4076	14.58
4077	21.6
4078	1.71
4079	2.59
4080	10.71
4081	0.45
4082	2.99
4083	26.06
4084	11.81
4085	7.43
4086	9.53
4087	21.02
4088	5.21
4089	8.4
4090	1.05
4091	1.52
4092	8.92
4093	21.21
4094	9.86
4095	19.68
4096	21.41
4097	13.84
4098	6.92
4099	11.38
4100	20.55
4101	1.61
4102	8.24
4103	3.02
4104	9.28
4105	33.55
4106	9.71
4107	3.91
4108	20.47
4109	3.29
4110	31.96
4111	27.86
4112	0.29
4113	24.15
4114	23.38
4115	6.72
4116	26.48
4117	26.6
4118	16.23
4119	15.32
4120	27.66
4121	9.9
4122	1.58
4123	13.69
4124	2.41
4125	16.85
4126	12.15
4127	6.57
4128	6.26
4129	5.86
4130	5.18
4131	2.98
4132	12.29
4133	2.69
4134	23.87
4135	14.04
4136	0.57
4137	3.23
4138	23.16
4139	31.02
4140	2.04
4141	9.25
4142	7.61
4143	21.19
4144	1.54
4145	0.32
4146	16.65
4147	7.57
4148	25.75
4149	6.53
4150	18.71
4151	9.33
4152	6.5
4153	6.53
4154	33.11
4155	2.55
4156	0.7
4157	16.7
4158	12.09
4159	21.49
4160	3.98
4161	19.82
4162	14.62
4163	3.53
4164	4.57
4165	0.71
4166	19.43
4167	12.64
4168	7.97
4169	1.74
4170	16.45
4171	11.33
4172	12.77
4173	12.8
4174	10.99
4175	12.01
4176	28.89
4177	28.01
4178	20.32
4179	10.7
4180	25.71
4181	21.83
4182	13.78
4183	27.77
4184	4.69
4185	10.2
4186	17.84
4187	1.55
4188	31.0
4189	3.37
4190	24.93
4191	19.94
4192	18.36
4193	6.88
4194	29.84
4195	12.36
4196	19.59
4197	2.25
4198	17.83
4199	15.91
4200	26.03
4201	10.95
4202	17.22
4203	10.71
4204	5.73
4205	17.75
4206	20.21
4207	2.88
4208	12.72
4209	2.92
4210	25.76
4211	4.39
4212	2.3
4213	9.85
4214	11.36
4215	19.42
4216	2.21
4217	7.61
4218	6.49
4219	6.19
4220	19.17
4221	18.33
4222	23.39
4223	4.58
4224	13.61
4225	14.29
4226	16.84
4227	0.86
4228	24.25
4229	7.79
4230	22.19
4231	8.43
4232	25.42
4233	6.49
4234	14.21
4235	17.03
4236	26.06
4237	14.17
4238	27.36
4239	13.39
4240	5.34
4241	9.66
4242	16.84
4243	17.54
4244	13.37
4245	1.37
4246	8.01
4247	2.65
4248	18.29
4249	0.62
4250	2.37
4251	8.77
4252	16.52
4253	29.76
4254	12.87
4255	5.36
4256	7.57
4257	14.03
4258	10.21
4259	16.68
4260	17.38
4261	9.64
4262	3.33
4263	18.3
4264	19.67
4265	1.9
4266	12.21
4267	13.89
4268	8.73
4269	7.72
4270	13.79
4271	27.7
4272	3.22
4273	3.63
4274	1.16
4275	16.64
4276	13.72
4277	14.34
4278	5.92
4279	11.9
4280	14.89
4281	9.57
4282	0.43
4283	9.82
4284	22.81
4285	2.37
4286	18.73
4287	14.94
4288	11.48
4289	2.75
4290	2.29
4291	5.24
4292	12.4
4293	2.16
4294	22.29
4295	15.16
4296	19.37
4297	4.1
4298	5.57
4299	20.52
4300	17.79
4301	2.49
4302	12.62
4303	12.25
4304	21.35
4305	16.03
4306	19.76
4307	4.97
4308	6.99
4309	5.3
4310	11.02
4311	21.06
4312	3.69
4313	13.56
4314	23.68
4315	23.94
4316	0.69
4317	11.56
4318	0.83
4319	3.0
4320	4.29
4321	11.59
4322	0.83
4323	1.37
4324	25.99
4325	10.99
4326	6.32
4327	22.1
4328	1.18
4329	18.16
4330	29.59
4331	17.68
4332	6.05
4333	3.02
4334	7.26
4335	2.19
4336	21.26
4337	11.18
4338	18.39
4339	13.45
4340	23.8
4341	14.1
4342	21.77
4343	16.4
4344	21.15
4345	5.04
4346	21.12
4347	26.29
4348	15.5
4349	14.89
4350	15.45
4351	14.73
4352	1.2
4353	7.66
4354	18.33
4355	3.25
4356	27.48
4357	5.75
4358	36.94
4359	14.77
4360	11.47
4361	0.92
4362	4.17
4363	14.46
4364	2.09
4365	2.29
4366	1.28
4367	23.25
4368	12.53
4369	21.75
4370	6.99
4371	20.9
4372	1.79
4373	15.12
4374	10.71
4375	5.67
4376	10.53
4377	12.7
4378	28.58
4379	27.57
4380	8.96
4381	9.96
4382	21.66
4383	12.79
4384	8.46
4385	22.16
4386	18.26
4387	8.91
4388	3.52
4389	27.74
4390	19.49
4391	3.23
4392	17.61
4393	4.47
4394	10.22
4395	13.86
4396	20.38
4397	2.42
4398	8.16
4399	5.75
4400	41.47
4401	17.02
4402	28.04
4403	2.86
4404	1.59
4405	11.34
4406	9.01
4407	10.13
4408	11.82
4409	8.28
4410	19.55
4411	4.63
4412	1.61
4413	27.88
4414	8.76
4415	2.3
4416	2.65
4417	7.44
4418	30.38
4419	13.03
4420	14.79
4421	2.57
4422	28.45
4423	32.16
4424	14.92
4425	11.85
4426	20.19
4427	8.45
4428	22.57
4429	16.86
4430	2.57
4431	21.38
4432	24.94
4433	7.79
4434	4.39
4435	11.4
4436	1.3
4437	3.27
4438	20.28
4439	16.83
4440	0.92
4441	20.65
4442	5.17
4443	19.14
4444	22.85
4445	9.04
4446	8.92
4447	6.18
4448	29.45
4449	33.53
4450	1.8
4451	12.51
4452	1.38
4453	6.78
4454	8.94
4455	7.23
4456	9.55
4457	10.25
4458	5.49
4459	9.12
4460	1.3
4461	21.54
4462	9.3
4463	2.07
4464	16.9
4465	9.56
4466	29.07
4467	4.44
4468	2.86
4469	2.55
4470	8.28
4471	1.54
4472	12.06
4473	13.09
4474	19.25
4475	22.68
4476	3.34
4477	28.09
4478	3.88
4479	20.83
4480	9.58
4481	22.29
4482	11.72
4483	7.1
4484	23.71
4485	19.91
4486	17.6
4487	17.49
4488	2.02
4489	0.67
4490	3.85
4491	22.65
4492	29.48
4493	0.99
4494	36.39
4495	20.56
4496	13.46
4497	5.9
4498	9.47
4499	38.01
4500	7.78
4501	7.85
4502	6.91
4503	7.55
4504	11.59
4505	26.47
4506	16.27
4507	14.66
4508	14.8
4509	18.63
4510	6.63
4511	1.47
4512	7.31
4513	24.2
4514	7.95
4515	0.14
4516	10.09
4517	18.19
4518	12.9
4519	24.13
4520	3.54
4521	23.68
4522	10.81
4523	9.57
4524	18.93
4525	6.87
4526	20.19
4527	12.97
4528	4.24
4529	19.07
4530	16.9
4531	18.01
4532	21.46
4533	36.15
4534	16.69
4535	18.96
4536	8.33
4537	12.96
4538	5.34
4539	4.15
4540	38.52
4541	0.81
4542	3.0
4543	10.57
4544	13.27
4545	14.51
4546	3.69
4547	6.73
4548	19.23
4549	34.66
4550	0.33
4551	5.19
4552	22.75
4553	5.77
4554	17.79
4555	10.44
4556	3.01
4557	25.06
4558	2.03
4559	3.83
4560	16.86
4561	23.08
4562	8.31
4563	22.33
4564	20.83
4565	27.9
4566	24.84
4567	6.33
4568	1.4
4569	0.01
4570	10.97
4571	10.22
4572	3.2
4573	8.03
4574	18.57
4575	16.54
4576	8.97
4577	15.36
4578	8.02
4579	28.62
4580	8.47
4581	23.69
4582	8.94
4583	4.82
4584	17.84
4585	9.47
4586	20.97
4587	27.3
4588	2.72
4589	6.21
4590	0.23
4591	10.55
4592	17.33
4593	12.4
4594	7.18
4595	11.35
4596	12.81
4597	2.46
4598	2.56
4599	4.44
4600	14.88
4601	12.21
4602	9.96
4603	4.33
4604	9.88
4605	24.29
4606	1.46
4607	21.0
4608	15.88
4609	7.08
4610	4.15
4611	17.32
4612	7.63
4613	22.09
4614	0.75
4615	4.33
4616	6.12
4617	19.23
4618	19.31
4619	16.33
4620	5.12
4621	44.03
4622	9.15
4623	10.02
4624	13.78
4625	9.61
4626	17.29
4627	5.54
4628	3.51
4629	21.93
4630	1.39
4631	31.89
4632	5.64
4633	11.11
4634	1.72
4635	19.77
4636	0.19
4637	0.21
4638	20.84
4639	3.26
4640	0.75
4641	23.0
4642	15.39
4643	10.41
4644	25.26
4645	13.51
4646	0.43
4647	25.13
4648	2.79
4649	0.11
4650	16.55
4651	5.28
4652	11.78
4653	1.9
4654	17.7
4655	18.94
4656	3.8
4657	21.86
4658	1.46
4659	13.72
4660	15.78
4661	3.33
4662	17.95
4663	12.03
4664	21.07
4665	19.9
4666	7.18
4667	23.66
4668	0.66
4669	11.92
4670	7.75
4671	13.74
4672	31.29
4673	11.13
4674	6.47
4675	0.92
4676	2.69
4677	0.08
4678	3.31
4679	11.02
4680	19.15
4681	1.32
4682	4.68
4683	19.94
4684	19.66
4685	5.98
4686	31.88
4687	3.97
4688	21.09
4689	23.37
4690	29.24
4691	18.27
4692	3.52
4693	6.64
4694	23.33
4695	22.11
4696	20.27
4697	3.13
4698	12.63
4699	5.97
4700	1.42
4701	28.6
4702	11.74
4703	12.97
4704	24.91
4705	8.79
4706	14.36
4707	31.54
4708	3.0
4709	7.57
4710	14.96
4711	1.93
4712	8.48
4713	24.34
4714	27.15
4715	15.29
4716	40.4
4717	9.79
4718	12.87
4719	16.97
4720	15.44
4721	8.05
4722	6.82
4723	3.92
4724	21.27
4725	4.72
4726	13.1
4727	21.87
4728	21.81
4729	13.76
4730	22.56
4731	2.13
4732	1.26
4733	4.01
4734	17.19
4735	15.31
4736	6.38
4737	5.65
4738	19.98
4739	16.95
4740	16.53
4741	11.67
4742	4.83
4743	5.46
4744	11.93
4745	12.74
4746	18.32
4747	3.77
4748	1.97
4749	9.15
4750	7.3
4751	20.96
4752	0.11
4753	14.97
4754	28.29
4755	5.44
4756	10.31
4757	12.81
4758	11.77
4759	3.65
4760	2.97
4761	7.8
4762	7.59
4763	9.32
4764	21.57
4765	17.91
4766	1.75
4767	19.73
4768	12.84
4769	10.21
4770	4.77
4771	6.9
4772	24.65
4773	9.46
4774	12.22
4775	9.96
4776	2.89
4777	6.05
4778	2.19
4779	20.82
4780	7.25
4781	7.04
4782	16.35
4783	20.34
4784	3.81
4785	7.39
4786	25.42
4787	1.22
4788	11.97
4789	19.01
4790	12.87
4791	28.39
4792	9.17
4793	23.53
4794	17.37
4795	26.71
4796	16.84
4797	12.02
4798	13.92
4799	16.55
4800	17.28
4801	15.43
4802	13.88
4803	5.87
4804	15.27
4805	12.43
4806	28.45
4807	34.1
4808	10.99
4809	0.79
4810	17.45
4811	17.85
4812	4.37
4813	18.03
4814	5.86
4815	8.32
4816	25.61
4817	13.96
4818	0.79
4819	0.93
4820	15.47
4821	31.43
4822	10.11
4823	2.22
4824	9.35
4825	2.3
4826	10.9
4827	3.06
4828	0.18
4829	18.14
4830	18.11
4831	0.16
4832	24.76
4833	7.16
4834	24.6
4835	17.29
4836	6.9
4837	24.03
4838	4.05
4839	9.87
4840	14.97
4841	4.69
4842	16.93
4843	11.17
4844	5.68
4845	13.44
4846	10.34
4847	1.45
4848	9.1
4849	14.64
4850	20.14
4851	20.51
4852	9.08
4853	1.27
4854	11.89
4855	12.11
4856	1.63
4857	24.92
4858	17.66
4859	23.95
4860	1.77
4861	21.61
4862	25.86
4863	20.34
4864	13.23
4865	42.72
4866	4.28
4867	21.86
4868	22.01
4869	21.42
4870	2.7
4871	25.4
4872	14.9
4873	6.9
4874	22.08
4875	9.91
4876	13.26
4877	9.43
4878	2.76
4879	10.24
4880	4.82
4881	2.96
4882	11.93
4883	2.66
4884	6.05
4885	6.43
4886	0.05
4887	10.22
4888	1.94
4889	4.87
4890	18.78
4891	5.08
4892	8.52
4893	6.32
4894	3.25
4895	5.0
4896	30.8
4897	25.77
4898	6.2
4899	12.7
4900	19.81
4901	16.06
4902	4.49
4903	23.01
4904	12.75
4905	28.27
4906	4.39
4907	10.59
4908	27.54
4909	19.48
4910	5.25
4911	10.35
4912	16.66
4913	5.18
4914	0.71
4915	3.52
4916	3.26
4917	0.33
4918	13.62
4919	4.84
4920	14.12
4921	19.84
4922	3.12
4923	25.38
4924	16.22
4925	15.23
4926	26.77
4927	10.18
4928	2.44
4929	12.23
4930	7.66
4931	22.26
4932	7.34
4933	11.84
4934	11.22
4935	4.01
4936	11.56
4937	16.7
4938	20.09
4939	13.79
4940	0.63
4941	0.92
4942	13.33
4943	4.57
4944	9.13
4945	5.91
4946	11.6
4947	31.1
4948	14.58
4949	9.94
4950	15.86
4951	16.91
4952	16.88
4953	17.35
4954	6.93
4955	7.0
4956	12.41
4957	8.85
4958	21.16
4959	21.08
4960	33.03
4961	30.63
4962	5.52
4963	2.91
4964	28.17
4965	13.12
4966	31.02
4967	15.02
4968	19.37
4969	1.79
4970	8.8
4971	1.69
4972	16.23
4973	16.53
4974	9.14
4975	9.3
4976	9.73
4977	11.04
4978	6.19
4979	6.22
4980	5.25
4981	13.8
4982	7.49
4983	9.95
4984	4.65
4985	3.77
4986	5.87
4987	2.53
4988	11.53
4989	1.38
4990	19.63
4991	13.13
4992	10.45
4993	5.89
4994	3.5
4995	15.08
4996	11.68
4997	9.86
4998	27.38
4999	4.4
5000	23.98
5001	11.67
5002	2.59
5003	14.03
5004	9.27
5005	4.76
5006	19.02
5007	12.52
5008	10.53
5009	2.1
5010	10.63
5011	20.76
5012	3.49
5013	19.94
5014	17.84
5015	13.9
5016	6.0
5017	47.03
5018	8.56
5019	3.5
5020	23.21
5021	7.56
5022	4.17
5023	9.32
5024	11.89
5025	16.09
5026	23.02
5027	24.88
5028	8.24
5029	3.05
5030	8.76
5031	13.84
5032	22.34
5033	8.99
5034	11.46
5035	10.71
5036	1.64
5037	18.1
5038	25.94
5039	23.09
5040	21.16
5041	34.98
5042	2.99
5043	0.45
5044	26.95
5045	10.98
5046	18.63
5047	9.09
5048	35.05
5049	1.85
5050	11.22
5051	14.48
5052	19.53
5053	16.03
5054	34.9
5055	15.9
5056	2.13
5057	19.79
5058	3.78
5059	1.29
5060	13.13
5061	2.08
5062	0.13
5063	1.66
5064	5.33
5065	11.95
5066	11.64
5067	7.22
5068	8.54
5069	12.56
5070	5.22
5071	0.88
5072	3.53
5073	7.71
5074	8.41
5075	12.48
5076	12.58
5077	14.86
5078	16.24
5079	3.57
5080	22.27
5081	16.07
5082	4.59
5083	22.16
5084	16.23
5085	19.71
5086	0.44
5087	15.98
5088	30.86
5089	27.63
5090	7.26
5091	24.02
5092	5.56
5093	22.59
5094	23.33
5095	11.63
5096	26.31
5097	25.35
5098	7.36
5099	14.72
5100	7.74
5101	10.0
5102	1.14
5103	0.91
5104	16.06
5105	10.12
5106	3.23
5107	1.95
5108	25.73
5109	8.9
5110	8.26
5111	16.79
5112	7.24
5113	3.92
5114	7.59
5115	31.15
5116	13.39
5117	14.22
5118	7.83
5119	5.31
5120	6.15
5121	26.83
5122	34.23
5123	30.56
5124	9.03
5125	11.16
5126	8.01
5127	3.83
5128	8.11
5129	1.26
5130	11.27
5131	21.87
5132	2.24
5133	14.46
5134	39.49
5135	16.7
5136	24.71
5137	1.87
5138	6.65
5139	3.8
5140	24.2
5141	5.62
5142	9.11
5143	2.91
5144	4.49
5145	5.29
5146	4.87
5147	10.31
5148	35.32
5149	14.55
5150	12.66
5151	17.93
5152	16.15
5153	14.64
5154	3.19
5155	36.76
5156	8.47
5157	12.92
5158	28.66
5159	12.55
5160	12.83
5161	28.8
5162	3.36
5163	6.98
5164	5.42
5165	0.67
5166	10.22
5167	24.49
5168	13.83
5169	1.69
5170	10.94
5171	18.74
5172	1.3
5173	5.14
5174	8.36
5175	5.09
5176	9.35
5177	9.41
5178	35.46
5179	3.85
5180	17.33
5181	10.85
5182	1.41
5183	6.6
5184	2.83
5185	7.9
5186	14.33
5187	3.4
5188	5.39
5189	10.32
5190	2.69
5191	23.97
5192	5.59
5193	12.45
5194	12.72
5195	17.41
5196	0.62
5197	9.67
5198	6.56
5199	1.12
5200	4.76
5201	25.21
5202	16.66
5203	3.84
5204	22.37
5205	6.28
5206	0.76
5207	4.98
5208	12.87
5209	4.24
5210	23.45
5211	29.4
5212	16.65
5213	44.87
5214	9.72
5215	14.05
5216	12.05
5217	11.43
5218	12.49
5219	12.2
5220	9.34
5221	14.7
5222	7.8
5223	14.25
5224	22.13
5225	4.24
5226	32.62
5227	23.27
5228	8.3
5229	7.92
5230	26.47
5231	8.88
5232	11.26
5233	30.8
5234	4.48
5235	3.02
5236	1.4
5237	18.76
5238	23.08
5239	25.69
5240	30.3
5241	15.55
5242	23.51
5243	24.43
5244	2.64
5245	14.31
5246	20.92
5247	17.73
5248	20.67
5249	7.17
5250	15.51
5251	14.36
5252	9.82
5253	4.05
5254	24.65
5255	2.83
5256	10.6
5257	19.4
5258	8.98
5259	16.01
5260	21.66
5261	20.65
5262	2.8
5263	25.5
5264	8.31
5265	14.09
5266	31.19
5267	13.87
5268	22.08
5269	21.5
5270	13.54
5271	11.77
5272	13.05
5273	5.27
5274	18.4
5275	19.32
5276	0.96
5277	9.13
5278	10.79
5279	32.87
5280	8.21
5281	1.05
5282	6.98
5283	12.88
5284	33.44
5285	20.93
5286	2.73
5287	0.59
5288	24.79
5289	10.01
5290	20.51
5291	8.62
5292	3.73
5293	2.31
5294	19.42
5295	4.14
5296	12.97
5297	32.98
5298	17.25
5299	6.9
5300	4.18
5301	12.98
5302	1.58
5303	13.08
5304	16.37
5305	10.85
5306	7.98
5307	27.48
5308	0.25
5309	14.68
5310	17.82
5311	13.95
5312	22.6
5313	4.78
5314	2.05
5315	4.56
5316	3.34
5317	22.09
5318	29.97
5319	20.06
5320	7.0
5321	9.98
5322	4.73
5323	9.21
5324	3.26
5325	2.7
5326	3.01
5327	12.7
5328	14.04
5329	7.35
5330	18.35
5331	15.88
5332	1.69
5333	5.37
5334	0.31
5335	15.63
5336	4.3
5337	11.52
5338	17.71
5339	3.05
5340	10.75
5341	1.03
5342	6.87
5343	1.92
5344	23.57
5345	4.95
5346	20.87
5347	6.13
5348	20.17
5349	2.52
5350	22.6
5351	1.13
5352	4.27
5353	8.72
5354	10.21
5355	20.69
5356	28.25
5357	7.75
5358	5.72
5359	14.33
5360	3.42
5361	18.04
5362	8.54
5363	10.76
5364	3.24
5365	5.65
5366	30.91
5367	3.13
5368	5.78
5369	25.14
5370	20.1
5371	13.72
5372	12.41
5373	11.59
5374	39.13
5375	21.97
5376	4.0
5377	11.24
5378	16.26
5379	6.25
5380	0.75
5381	13.08
5382	4.28
5383	14.73
5384	7.18
5385	15.24
5386	9.68
5387	17.82
5388	1.77
5389	10.5
5390	21.69
5391	20.0
5392	1.07
5393	29.93
5394	7.27
5395	16.27
5396	17.52
5397	20.39
5398	1.76
5399	12.28
5400	16.05
5401	17.23
5402	14.67
5403	6.18
5404	29.59
5405	14.95
5406	2.93
5407	1.08
5408	0.01
5409	30.2
5410	20.09
5411	6.28
5412	4.67
5413	20.37
5414	22.47
5415	4.35
5416	2.12
5417	8.39
5418	3.45
5419	19.43
5420	24.06
5421	24.0
5422	4.77
5423	9.73
5424	13.49
5425	12.67
5426	6.66
5427	5.83
5428	18.95
5429	16.31
5430	13.24
5431	10.99
5432	4.39
5433	3.16
5434	3.44
5435	27.4
5436	0.52
5437	8.61
5438	3.81
5439	0.97
5440	21.15
5441	2.87
5442	22.82
5443	15.6
5444	7.17
5445	21.94
5446	17.46
5447	18.28
5448	6.14
5449	7.46
5450	20.3
5451	10.14
5452	10.26
5453	10.95
5454	9.9
5455	8.76
5456	20.08
5457	6.24
5458	29.55
5459	9.67
5460	4.96
5461	31.21
5462	14.96
5463	7.5
5464	21.01
5465	2.11
5466	1.35
5467	11.31
5468	1.19
5469	12.85
5470	5.34
5471	5.8
5472	0.94
5473	19.28
5474	1.04
5475	12.27
5476	24.99
5477	3.74
5478	10.22
5479	27.39
5480	15.32
5481	4.79
5482	10.53
5483	3.41
5484	13.24
5485	10.36
5486	27.39
5487	19.52
5488	13.69
5489	8.57
5490	9.08
5491	5.95
5492	25.79
5493	4.76
5494	8.01
5495	17.65
5496	12.93
5497	13.91
5498	6.84
5499	3.27
5500	5.67
5501	11.37
5502	14.58
5503	6.26
5504	11.22
5505	8.83
5506	8.48
5507	16.49
5508	2.81
5509	10.19
5510	7.8
5511	10.07
5512	8.23
5513	6.54
5514	24.41
5515	1.91
5516	7.1
5517	10.5
5518	10.5
5519	12.66
5520	11.3
5521	8.64
5522	6.21
5523	15.38
5524	23.25
5525	18.05
5526	15.38
5527	21.06
5528	21.43
5529	6.03
5530	6.42
5531	3.97
5532	18.49
5533	27.58
5534	8.73
5535	8.55
5536	13.63
5537	19.8
5538	15.07
5539	12.77
5540	39.39
5541	10.45
5542	18.67
5543	8.08
5544	2.03
5545	1.31
5546	10.67
5547	7.53
5548	7.47
5549	11.08
5550	22.25
5551	19.65
5552	13.32
5553	8.15
5554	9.01
5555	11.38
5556	22.17
5557	7.09
5558	15.49
5559	11.79
5560	2.68
5561	16.29
5562	2.3
5563	5.23
5564	20.65
5565	21.67
5566	12.07
5567	6.46
5568	32.18
5569	27.0
5570	14.6
5571	14.64
5572	14.52
5573	6.38
5574	15.16
5575	5.93
5576	3.08
5577	7.15
5578	11.83
5579	30.16
5580	11.59
5581	9.07
5582	3.28
5583	11.21
5584	2.16
5585	13.25
5586	13.68
5587	17.73
5588	21.64
5589	6.97
5590	1.15
5591	2.32
5592	26.32
5593	15.66
5594	2.71
5595	0.51
5596	5.82
5597	13.3
5598	5.71
5599	7.45
5600	22.97
5601	9.2
5602	13.56
5603	16.15
5604	9.09
5605	8.21
5606	18.18
5607	2.67
5608	14.09
5609	34.64
5610	23.95
5611	5.51
5612	3.49
5613	8.78
5614	8.33
5615	13.22
5616	17.63
5617	18.02
5618	10.48
5619	11.71
5620	28.62
5621	15.24
5622	50.69
5623	5.4
5624	15.9
5625	25.7
5626	22.28
5627	25.58
5628	1.19
5629	12.94
5630	29.87
5631	9.12
5632	24.26
5633	9.57
5634	11.03
5635	6.37
5636	14.78
5637	23.45
5638	30.96
5639	11.81
5640	10.82
5641	22.38
5642	10.97
5643	31.19
5644	13.17
5645	11.07
5646	10.81
5647	11.14
5648	29.31
5649	9.89
5650	3.75
5651	8.71
5652	26.22
5653	3.85
5654	9.97
5655	10.79
5656	14.37
5657	18.1
5658	8.48
5659	13.57
5660	17.27
5661	6.59
5662	12.7
5663	15.67
5664	6.36
5665	28.26
5666	5.18
5667	11.71
5668	8.75
5669	31.26
5670	2.59
5671	7.8
5672	6.29
5673	13.23
5674	2.55
5675	19.86
5676	11.47
5677	8.09
5678	8.68
5679	1.83
5680	8.72
5681	8.33
5682	16.32
5683	0.68
5684	25.96
5685	24.36
5686	7.1
5687	0.95
5688	8.75
5689	10.22
5690	32.08
5691	25.27
5692	3.48
5693	7.42
5694	8.32
5695	1.52
5696	11.94
5697	11.2
5698	9.84
5699	36.68
5700	4.12
5701	4.77
5702	18.72
5703	7.98
5704	10.46
5705	16.98
5706	7.17
5707	0.27
5708	3.59
5709	23.88
5710	3.5
5711	11.66
5712	12.99
5713	7.99
5714	10.11
5715	17.16
5716	30.79
5717	21.86
5718	14.15
5719	26.63
5720	2.42
5721	1.75
5722	0.48
5723	10.58
5724	9.69
5725	19.88
5726	7.8
5727	10.91
5728	1.13
5729	10.33
5730	0.5
5731	32.44
5732	0.91
5733	6.81
5734	18.45
5735	5.83
5736	9.0
5737	5.63
5738	4.17
5739	12.47
5740	16.63
5741	45.34
5742	3.42
5743	14.33
5744	9.02
5745	24.07
5746	19.33
5747	3.11
5748	13.57
5749	11.51
5750	14.45
5751	15.99
5752	0.4
5753	7.71
5754	21.54
5755	17.51
5756	4.52
5757	12.93
5758	17.07
5759	5.99
5760	1.49
5761	20.54
5762	15.19
5763	4.0
5764	27.61
5765	22.84
5766	20.46
5767	31.45
5768	13.42
5769	15.42
5770	3.03
5771	0.09
5772	6.84
5773	0.28
5774	23.18
5775	14.75
5776	10.03
5777	15.1
5778	16.17
5779	24.37
5780	10.63
5781	3.61
5782	16.55
5783	7.02
5784	32.89
5785	0.08
5786	5.74
5787	7.69
5788	27.63
5789	4.35
5790	8.76
5791	8.96
5792	19.8
5793	4.43
5794	27.05
5795	4.94
5796	8.2
5797	10.0
5798	4.13
5799	3.6
5800	2.26
5801	6.67
5802	31.71
5803	21.79
5804	10.93
5805	3.06
5806	18.95
5807	2.97
5808	28.04
5809	8.59
5810	13.26
5811	13.79
5812	3.69
5813	11.37
5814	5.37
5815	17.74
5816	10.07
5817	6.26
5818	21.41
5819	13.11
5820	25.74
5821	20.84
5822	12.72
5823	6.06
5824	8.05
5825	5.3
5826	16.58
5827	11.44
5828	23.98
5829	16.33
5830	19.37
5831	1.92
5832	2.58
5833	9.52
5834	0.81
5835	5.87
5836	11.08
5837	22.35
5838	3.87
5839	12.76
5840	20.82
5841	17.33
5842	3.74
5843	7.7
5844	16.48
5845	23.67
5846	2.79
5847	9.15
5848	11.27
5849	14.71
5850	19.43
5851	4.92
5852	5.14
5853	9.05
5854	4.2
5855	28.3
5856	2.07
5857	7.54
5858	8.36
5859	11.62
5860	6.34
5861	8.0
5862	14.89
5863	7.38
5864	6.89
5865	6.57
5866	11.38
5867	2.2
5868	18.41
5869	20.43
5870	21.12
5871	8.99
5872	3.14
5873	8.57
5874	13.12
5875	12.23
5876	28.65
5877	4.27
5878	30.3
5879	20.14
5880	14.22
5881	19.77
5882	7.1
5883	18.6
5884	0.85
5885	33.07
5886	30.53
5887	0.04
5888	12.05
5889	9.09
5890	3.23
5891	7.47
5892	4.39
5893	4.59
5894	21.25
5895	5.13
5896	8.01
5897	4.48
5898	16.42
5899	12.78
5900	10.35
5901	19.85
5902	27.54
5903	17.43
5904	3.54
5905	21.15
5906	7.84
5907	8.99
5908	24.59
5909	11.51
5910	11.54
5911	2.94
5912	9.39
5913	9.3
5914	7.23
5915	18.84
5916	19.14
5917	13.23
5918	6.29
5919	17.23
5920	11.5
5921	5.73
5922	14.87
5923	9.19
5924	15.04
5925	17.89
5926	12.47
5927	8.95
5928	17.45
5929	13.6
5930	2.17
5931	3.65
5932	20.93
5933	10.32
5934	12.9
5935	11.83
5936	17.7
5937	9.09
5938	9.29
5939	21.59
5940	4.72
5941	1.28
5942	16.55
5943	8.8
5944	1.16
5945	16.24
5946	24.76
5947	21.14
5948	6.74
5949	2.88
5950	15.54
5951	7.79
5952	19.94
5953	18.91
5954	4.9
5955	3.94
5956	7.2
5957	3.47
5958	5.27
5959	3.33
5960	5.74
5961	27.31
5962	9.0
5963	2.64
5964	16.55
5965	20.48
5966	8.62
5967	6.98
5968	9.52
5969	10.02
5970	6.21
5971	12.99
5972	13.86
5973	7.14
5974	26.72
5975	3.46
5976	8.14
5977	26.88
5978	9.6
5979	23.75
5980	2.64
5981	38.74
5982	8.6
5983	1.4
5984	6.5
5985	10.64
5986	0.63
5987	15.72
5988	22.77
5989	15.63
5990	7.3
5991	19.88
5992	33.84
5993	20.86
5994	10.98
5995	13.95
5996	7.01
5997	14.03
5998	37.33
5999	1.88
6000	20.42
6001	3.72
6002	10.16
6003	5.88
6004	17.06
6005	19.29
6006	8.01
6007	6.96
6008	13.75
6009	2.64
6010	10.57
6011	13.83
6012	18.69
6013	2.03
6014	1.77
6015	26.09
6016	11.28
6017	23.42
6018	4.12
6019	12.56
6020	5.61
6021	27.22
6022	16.73
6023	5.24
6024	5.83
6025	11.48
6026	9.68
6027	2.94
6028	33.84
6029	5.11
6030	9.62
6031	23.9
6032	24.06
6033	10.73
6034	6.36
6035	4.08
6036	23.46
6037	3.07
6038	10.08
6039	28.94
6040	9.7
6041	1.73
6042	3.37
6043	11.46
6044	5.02
6045	15.49
6046	4.34
6047	5.13
6048	15.14
6049	8.77
6050	6.98
6051	19.5
6052	13.02
6053	20.34
6054	23.16
6055	18.21
6056	21.45
6057	5.36
6058	6.01
6059	20.91
6060	16.65
6061	9.17
6062	6.02
6063	4.88
6064	9.58
6065	9.79
6066	37.15
6067	11.49
6068	16.44
6069	6.3
6070	9.93
6071	12.55
6072	16.45
6073	9.2
6074	24.86
6075	12.46
6076	3.3
6077	32.48
6078	22.91
6079	24.65
6080	20.97
6081	18.16
6082	18.57
6083	10.42
6084	3.88
6085	7.37
6086	6.42
6087	13.73
6088	12.23
6089	21.97
6090	19.07
6091	5.8
6092	6.01
6093	23.32
6094	8.24
6095	6.26
6096	12.07
6097	13.95
6098	11.31
6099	8.02
6100	3.22
6101	20.51
6102	13.28
6103	22.22
6104	5.81
6105	2.89
6106	27.91
6107	7.63
6108	16.84
6109	17.27
6110	23.23
6111	18.44
6112	25.31
6113	16.13
6114	33.03
6115	1.22
6116	19.41
6117	2.08
6118	29.87
6119	1.42
6120	5.28
6121	25.06
6122	32.94
6123	13.75
6124	25.48
6125	2.54
6126	6.45
6127	5.89
6128	27.36
6129	7.95
6130	6.72
6131	13.11
6132	4.1
6133	6.08
6134	9.54
6135	16.09
6136	31.73
6137	3.37
6138	17.59
6139	1.87
6140	1.91
6141	13.82
6142	11.57
6143	6.21
6144	1.05
6145	16.0
6146	1.23
6147	25.74
6148	2.99
6149	5.52
6150	5.91
6151	3.72
6152	1.32
6153	5.86
6154	11.72
6155	20.41
6156	21.96
6157	11.6
6158	14.39
6159	6.94
6160	10.77
6161	2.56
6162	14.64
6163	33.12
6164	7.15
6165	0.06
6166	29.17
6167	10.7
6168	4.95
6169	0.02
6170	3.45
6171	19.56
6172	13.36
6173	15.06
6174	5.37
6175	1.79
6176	7.9
6177	19.05
6178	15.92
6179	17.41
6180	9.35
6181	12.5
6182	16.52
6183	28.73
6184	9.17
6185	2.75
6186	26.08
6187	8.23
6188	1.34
6189	15.46
6190	13.69
6191	14.73
6192	5.66
6193	9.18
6194	16.67
6195	1.41
6196	13.76
6197	34.42
6198	9.66
6199	2.94
6200	28.15
6201	9.64
6202	14.21
6203	11.31
6204	6.27
6205	31.25
6206	2.33
6207	12.01
6208	16.21
6209	5.9
6210	9.99
6211	6.67
6212	18.54
6213	14.57
6214	10.74
6215	6.63
6216	13.1
6217	17.14
6218	0.87
6219	7.94
6220	12.38
6221	2.39
6222	8.91
6223	10.79
6224	3.49
6225	31.29
6226	1.99
6227	4.24
6228	26.16
6229	28.22
6230	8.46
6231	12.75
6232	10.96
6233	11.37
6234	0.85
6235	5.63
6236	2.53
6237	7.01
6238	10.83
6239	24.83
6240	7.21
6241	17.07
6242	5.6
6243	16.03
6244	2.01
6245	8.23
6246	9.88
6247	1.84
6248	12.92
6249	4.04
6250	9.69
6251	25.46
6252	20.96
6253	4.66
6254	6.55
6255	22.6
6256	6.26
6257	2.97
6258	18.58
6259	21.15
6260	48.09
6261	4.78
6262	14.56
6263	11.98
6264	3.98
6265	1.76
6266	9.23
6267	3.86
6268	5.38
6269	6.18
6270	14.55
6271	5.88
6272	5.73
6273	2.47
6274	22.96
6275	2.8
6276	31.46
6277	1.93
6278	0.8
6279	1.09
6280	10.63
6281	31.93
6282	20.84
6283	7.1
6284	29.88
6285	10.66
6286	8.76
6287	2.54
6288	21.24
6289	6.31
6290	3.49
6291	9.15
6292	11.79
6293	3.26
6294	15.79
6295	3.32
6296	12.82
6297	1.58
6298	13.09
6299	10.89
6300	8.06
6301	7.82
6302	19.61
6303	8.54
6304	23.8
6305	17.69
6306	2.05
6307	12.58
6308	16.31
6309	9.97
6310	34.27
6311	8.84
6312	19.92
6313	8.52
6314	20.2
6315	19.24
6316	17.38
6317	1.77
6318	2.82
6319	7.93
6320	1.59
6321	10.75
6322	22.54
6323	8.53
6324	15.29
6325	16.93
6326	7.14
6327	3.69
6328	1.63
6329	7.99
6330	17.22
6331	0.7
6332	1.37
6333	22.65
6334	16.68
6335	20.3
6336	19.67
6337	8.83
6338	16.62
6339	10.77
6340	12.5
6341	17.04
6342	4.85
6343	4.89
6344	27.54
6345	18.69
6346	20.02
6347	4.98
6348	21.34
6349	22.77
6350	9.31
6351	17.71
6352	37.89
6353	4.69
6354	0.92
6355	7.67
6356	12.81
6357	13.17
6358	22.41
6359	12.84
6360	5.29
6361	12.56
6362	2.69
6363	8.86
6364	40.67
6365	1.54
6366	24.97
6367	3.13
6368	5.42
6369	20.7
6370	0.56
6371	23.68
6372	2.34
6373	34.96
6374	9.99
6375	1.47
6376	1.03
6377	19.66
6378	9.26
6379	4.89
6380	11.04
6381	13.02
6382	5.97
6383	19.6
6384	7.9
6385	7.77
6386	4.59
6387	21.43
6388	3.18
6389	14.57
6390	28.03
6391	14.62
6392	16.63
6393	2.1
6394	14.36
6395	12.8
6396	3.89
6397	2.14
6398	17.55
6399	7.77
6400	0.47
6401	9.29
6402	31.34
6403	13.81
6404	24.76
6405	31.52
6406	7.23
6407	1.42
6408	19.2
6409	4.7
6410	25.45
6411	10.62
6412	4.31
6413	20.74
6414	1.34
6415	19.4
6416	19.26
6417	0.61
6418	12.97
6419	12.43
6420	11.5
6421	4.02
6422	12.87
6423	6.18
6424	28.08
6425	6.05
6426	16.94
6427	5.55
6428	2.82
6429	14.19
6430	3.29
6431	8.65
6432	18.01
6433	14.59
6434	15.85
6435	1.65
6436	0.7
6437	20.96
6438	1.1
6439	5.82
6440	23.49
6441	8.2
6442	51.39
6443	3.75
6444	16.89
6445	16.15
6446	7.24
6447	23.21
6448	9.92
6449	19.51
6450	5.94
6451	22.82
6452	6.25
6453	13.08
6454	25.41
6455	25.95
6456	24.13
6457	6.17
6458	5.85
6459	11.87
6460	7.62
6461	4.26
6462	2.71
6463	16.33
6464	3.13
6465	0.85
6466	2.75
6467	0.69
6468	4.54
6469	13.48
6470	18.1
6471	11.14
6472	21.3
6473	3.97
6474	10.34
6475	0.55
6476	10.29
6477	28.42
6478	11.5
6479	36.77
6480	13.16
6481	10.65
6482	18.77
6483	25.48
6484	22.43
6485	15.94
6486	4.16
6487	5.9
6488	11.72
6489	10.12
6490	17.81
6491	16.86
6492	0.36
6493	3.22
6494	5.54
6495	0.93
6496	7.44
6497	25.52
6498	23.43
6499	7.09
6500	1.58
6501	4.74
6502	1.84
6503	14.63
6504	23.01
6505	4.18
6506	19.54
6507	26.06
6508	6.27
6509	5.44
6510	24.7
6511	17.03
6512	4.0
6513	16.37
6514	7.57
6515	3.14
6516	6.5
6517	2.48
6518	2.5
6519	1.9
6520	4.84
6521	3.45
6522	11.25
6523	13.16
6524	21.17
6525	11.97
6526	9.88
6527	8.05
6528	22.04
6529	3.66
6530	4.08
6531	23.79
6532	3.3
6533	8.91
6534	2.89
6535	1.38
6536	2.22
6537	11.25
6538	11.87
6539	5.28
6540	31.17
6541	1.9
6542	14.35
6543	9.03
6544	32.92
6545	6.72
6546	6.74
6547	2.35
6548	3.37
6549	11.75
6550	13.04
6551	3.8
6552	13.47
6553	6.3
6554	21.0
6555	9.35
6556	10.91
6557	21.94
6558	10.67
6559	1.05
6560	21.63
6561	18.44
6562	2.24
6563	2.3
6564	15.67
6565	14.43
6566	1.82
6567	6.06
6568	13.25
6569	16.21
6570	6.35
6571	6.93
6572	25.9
6573	16.7
6574	36.26
6575	3.87
6576	15.97
6577	0.79
6578	4.92
6579	11.52
6580	19.44
6581	19.2
6582	3.17
6583	3.27
6584	35.85
6585	35.68
6586	10.75
6587	13.56
6588	12.57
6589	3.19
6590	2.81
6591	11.36
6592	1.89
6593	17.15
6594	21.19
6595	33.14
6596	9.05
6597	16.72
6598	18.16
6599	13.38
6600	14.98
6601	25.47
6602	13.53
6603	5.08
6604	16.51
6605	0.22
6606	11.62
6607	4.92
6608	21.02
6609	12.69
6610	13.26
6611	24.31
6612	24.76
6613	2.35
6614	5.07
6615	2.5
6616	38.22
6617	5.43
6618	2.07
6619	8.41
6620	18.53
6621	2.53
6622	11.59
6623	3.59
6624	7.82
6625	0.29
6626	13.53
6627	0.57
6628	4.39
6629	7.41
6630	21.49
6631	6.6
6632	13.43
6633	2.71
6634	12.22
6635	5.56
6636	4.13
6637	12.48
6638	8.1
6639	17.72
6640	17.06
6641	11.01
6642	24.69
6643	23.92
6644	15.06
6645	3.41
6646	12.55
6647	6.41
6648	6.13
6649	12.03
6650	5.36
6651	24.28
6652	0.5
6653	3.21
6654	1.27
6655	4.76
6656	8.04
6657	13.04
6658	23.57
6659	9.71
6660	10.34
6661	6.26
6662	19.33
6663	24.52
6664	4.02
6665	16.32
6666	4.36
6667	35.38
6668	6.41
6669	3.31
6670	3.21
6671	22.49
6672	8.91
6673	5.78
6674	9.55
6675	13.89
6676	12.11
6677	3.55
6678	7.88
6679	22.62
6680	3.23
6681	2.89
6682	19.23
6683	21.45
6684	14.92
6685	2.06
6686	27.58
6687	5.02
6688	7.86
6689	5.64
6690	0.61
6691	10.45
6692	10.01
6693	3.47
6694	2.8
6695	13.14
6696	14.89
6697	10.69
6698	7.06
6699	16.14
6700	15.27
6701	20.28
6702	7.72
6703	2.01
6704	0.73
6705	1.46
6706	5.0
6707	12.51
6708	34.92
6709	23.85
6710	8.87
6711	17.02
6712	12.74
6713	13.18
6714	24.65
6715	7.05
6716	12.71
6717	11.5
6718	18.48
6719	3.59
6720	15.03
6721	5.65
6722	0.86
6723	26.69
6724	1.3
6725	14.59
6726	1.54
6727	6.08
6728	4.39
6729	7.64
6730	10.79
6731	13.95
6732	14.43
6733	9.21
6734	0.66
6735	16.24
6736	21.88
6737	8.31
6738	19.31
6739	2.95
6740	15.5
6741	12.77
6742	14.12
6743	2.44
6744	16.79
6745	13.42
6746	14.35
6747	15.94
6748	12.65
6749	16.11
6750	12.61
6751	21.24
6752	5.84
6753	5.21
6754	5.91
6755	23.48
6756	14.3
6757	18.98
6758	31.79
6759	21.47
6760	27.08
6761	20.61
6762	4.89
6763	16.41
6764	26.02
6765	8.96
6766	20.74
6767	17.42
6768	8.9
6769	2.98
6770	18.57
6771	15.27
6772	34.05
6773	2.74
6774	14.78
6775	4.69
6776	9.32
6777	3.24
6778	3.37
6779	4.0
6780	21.68
6781	7.14
6782	11.79
6783	1.5
6784	27.18
6785	1.93
6786	13.12
6787	2.29
6788	7.58
6789	23.69
6790	12.94
6791	2.8
6792	23.83
6793	18.55
6794	0.58
6795	16.98
6796	5.39
6797	25.72
6798	10.96
6799	2.14
6800	5.48
6801	12.97
6802	5.07
6803	25.9
6804	21.69
6805	1.18
6806	12.23
6807	13.81
6808	12.52
6809	18.83
6810	17.55
6811	7.87
6812	27.52
6813	11.42
6814	0.71
6815	15.42
6816	2.55
6817	16.98
6818	1.36
6819	9.53
6820	16.85
6821	14.68
6822	20.39
6823	0.77
6824	15.42
6825	32.0
6826	29.01
6827	2.62
6828	17.77
6829	8.43
6830	14.84
6831	6.0
6832	11.81
6833	2.23
6834	14.83
6835	11.3
6836	5.91
6837	9.33
6838	29.21
6839	4.61
6840	18.48
6841	10.69
6842	19.52
6843	1.09
6844	7.84
6845	3.55
6846	5.14
6847	14.4
6848	0.08
6849	7.23
6850	12.78
6851	4.2
6852	9.8
6853	16.75
6854	12.55
6855	14.99
6856	21.64
6857	26.57
6858	19.46
6859	13.22
6860	4.83
6861	10.59
6862	22.52
6863	14.74
6864	4.58
6865	0.26
6866	23.62
6867	0.26
6868	2.72
6869	2.26
6870	13.85
6871	18.66
6872	17.4
6873	16.29
6874	3.56
6875	10.09
6876	5.72
6877	21.87
6878	20.38
6879	8.91
6880	10.12
6881	26.91
6882	7.85
6883	10.52
6884	10.85
6885	7.97
6886	20.0
6887	5.96
6888	5.67
6889	4.54
6890	10.19
6891	16.75
6892	9.31
6893	20.64
6894	17.77
6895	12.11
6896	8.51
6897	0.16
6898	8.53
6899	26.37
6900	1.71
6901	14.57
6902	17.9
6903	7.43
6904	20.95
6905	30.3
6906	9.74
6907	3.19
6908	1.75
6909	19.72
6910	22.57
6911	3.22
6912	6.96
6913	20.03
6914	6.65
6915	12.41
6916	3.49
6917	24.53
6918	23.06
6919	8.64
6920	6.23
6921	2.17
6922	28.48
6923	1.49
6924	4.95
6925	2.31
6926	17.57
6927	0.95
6928	9.26
6929	13.54
6930	11.71
6931	15.91
6932	19.58
6933	15.93
6934	22.2
6935	1.82
6936	19.48
6937	8.47
6938	9.75
6939	18.72
6940	1.68
6941	2.9
6942	16.49
6943	3.43
6944	14.41
6945	24.96
6946	15.77
6947	17.74
6948	12.81
6949	16.41
6950	18.9
6951	12.23
6952	13.33
6953	14.59
6954	32.26
6955	13.47
6956	20.46
6957	5.66
6958	4.12
6959	16.09
6960	1.25
6961	4.49
6962	11.66
6963	23.68
6964	0.22
6965	28.1
6966	22.09
6967	7.65
6968	18.09
6969	9.15
6970	4.32
6971	0.28
6972	13.17
6973	20.63
6974	0.35
6975	3.7
6976	17.55
6977	4.71
6978	38.88
6979	12.87
6980	30.57
6981	18.32
6982	6.77
6983	2.24
6984	16.87
6985	32.43
6986	6.14
6987	19.51
6988	18.13
6989	12.92
6990	19.89
6991	7.98
6992	0.84
6993	4.26
6994	16.56
6995	10.44
6996	5.55
6997	33.03
6998	16.22
6999	28.52
7000	12.46
7001	11.17
7002	22.68
7003	10.53
7004	8.34
7005	14.83
7006	5.52
7007	14.75
7008	17.87
7009	14.96
7010	11.18
7011	20.11
7012	2.45
7013	7.6
7014	8.52
7015	4.8
7016	9.25
7017	17.0
7018	6.83
7019	15.53
7020	15.08
7021	21.18
7022	0.34
7023	22.43
7024	9.31
7025	7.05
7026	18.02
7027	2.77
7028	17.31
7029	15.07
7030	17.61
7031	0.23
7032	18.77
7033	9.98
7034	0.4
7035	8.62
7036	1.0
7037	18.73
7038	5.32
7039	16.41
7040	4.34
7041	14.43
7042	5.07
7043	18.82
7044	16.81
7045	23.85
7046	12.22
7047	3.72
7048	20.27
7049	29.3
7050	1.32
7051	9.37
7052	3.39
7053	30.66
7054	16.65
7055	20.0
7056	23.85
7057	8.4
7058	1.32
7059	0.57
7060	9.82
7061	9.62
7062	2.11
7063	22.23
7064	24.85
7065	30.53
7066	14.88
7067	16.3
7068	4.69
7069	2.78
7070	4.14
7071	31.64
7072	7.71
7073	7.4
7074	11.61
7075	16.46
7076	25.89
7077	9.48
7078	19.81
7079	12.11
7080	8.46
7081	22.17
7082	8.66
7083	6.7
7084	5.1
7085	4.37
7086	15.95
7087	3.71
7088	24.91
7089	5.61
7090	27.03
7091	4.04
7092	4.12
7093	24.87
7094	3.43
7095	11.76
7096	15.03
7097	26.92
7098	2.12
7099	15.82
7100	31.79
7101	23.17
7102	1.76
7103	16.44
7104	24.16
7105	10.04
7106	7.26
7107	24.32
7108	9.69
7109	24.36
7110	48.59
7111	28.24
7112	6.83
7113	11.0
7114	5.99
7115	16.01
7116	3.89
7117	9.53
7118	3.15
7119	0.44
7120	9.7
7121	2.57
7122	15.06
7123	21.54
7124	10.49
7125	23.31
7126	17.39
7127	16.31
7128	3.91
7129	24.57
7130	16.3
7131	3.02
7132	8.68
7133	16.58
7134	4.71
7135	4.08
7136	13.27
7137	10.1
7138	5.91
7139	4.2
7140	11.74
7141	15.79
7142	12.11
7143	4.48
7144	1.88
7145	18.24
7146	12.58
7147	5.87
7148	36.25
7149	16.94
7150	15.04
7151	6.77
7152	8.36
7153	11.85
7154	2.81
7155	25.23
7156	15.94
7157	0.15
7158	22.05
7159	14.87
7160	4.77
7161	6.05
7162	10.92
7163	1.62
7164	14.56
7165	15.07
7166	3.11
7167	7.11
7168	4.52
7169	7.98
7170	5.86
7171	1.15
7172	23.48
7173	1.08
7174	20.22
7175	3.85
7176	11.78
7177	15.12
7178	7.77
7179	22.55
7180	13.96
7181	6.16
7182	28.51
7183	4.03
7184	12.23
7185	25.94
7186	7.28
7187	10.89
7188	5.12
7189	32.05
7190	5.73
7191	11.95
7192	11.37
7193	6.8
7194	9.26
7195	2.57
7196	1.7
7197	0.75
7198	5.32
7199	28.15
7200	2.09
7201	4.52
7202	0.41
7203	13.0
7204	5.67
7205	31.53
7206	20.2
7207	6.34
7208	11.64
7209	10.01
7210	32.22
7211	11.17
7212	17.41
7213	34.42
7214	1.17
7215	6.17
7216	36.71
7217	24.73
7218	16.41
7219	18.83
7220	6.01
7221	17.82
7222	23.86
7223	14.49
7224	6.21
7225	0.98
7226	9.42
7227	22.23
7228	2.42
7229	8.99
7230	11.14
7231	5.69
7232	1.84
7233	15.19
7234	17.11
7235	24.79
7236	18.7
7237	11.35
7238	25.52
7239	9.2
7240	25.58
7241	4.48
7242	5.21
7243	20.35
7244	7.08
7245	7.92
7246	2.07
7247	10.11
7248	6.43
7249	12.63
7250	8.18
7251	24.22
7252	11.24
7253	17.28
7254	16.18
7255	2.74
7256	0.71
7257	1.96
7258	2.0
7259	9.02
7260	14.18
7261	0.5
7262	7.15
7263	13.4
7264	13.21
7265	11.68
7266	30.32
7267	15.8
7268	8.07
7269	0.65
7270	10.35
7271	22.3
7272	24.96
7273	19.06
7274	18.55
7275	4.86
7276	17.73
7277	37.74
7278	3.29
7279	8.34
7280	0.46
7281	15.58
7282	2.67
7283	18.92
7284	7.75
7285	2.41
7286	29.68
7287	5.78
7288	30.89
7289	0.6
7290	4.0
7291	25.0
7292	12.87
7293	2.32
7294	14.72
7295	22.54
7296	8.06
7297	16.5
7298	10.58
7299	5.6
7300	8.75
7301	8.03
7302	7.07
7303	3.99
7304	22.09
7305	14.43
7306	10.32
7307	18.37
7308	16.54
7309	14.16
7310	29.18
7311	0.57
7312	2.69
7313	9.21
7314	10.1
7315	0.96
7316	13.7
7317	4.82
7318	29.83
7319	1.78
7320	2.19
7321	19.29
7322	15.84
7323	3.08
7324	15.1
7325	22.38
7326	3.58
7327	5.33
7328	22.75
7329	4.28
7330	8.48
7331	17.55
7332	1.72
7333	3.69
7334	14.84
7335	25.13
7336	20.15
7337	8.7
7338	10.36
7339	8.28
7340	15.66
7341	3.34
7342	7.42
7343	19.03
7344	6.91
7345	5.43
7346	10.52
7347	27.07
7348	10.72
7349	20.59
7350	2.32
7351	23.51
7352	3.77
7353	11.7
7354	10.28
7355	25.88
7356	10.5
7357	17.42
7358	14.4
7359	5.93
7360	7.36
7361	12.56
7362	8.36
7363	30.74
7364	14.78
7365	5.39
7366	11.19
7367	7.29
7368	12.72
7369	21.76
7370	15.56
7371	11.82
7372	7.29
7373	15.78
7374	0.36
7375	9.28
7376	13.63
7377	0.18
7378	2.34
7379	3.2
7380	1.13
7381	21.7
7382	2.94
7383	11.47
7384	14.39
7385	12.65
7386	9.45
7387	8.81
7388	20.45
7389	2.84
7390	11.73
7391	9.09
7392	11.37
7393	12.55
7394	30.2
7395	2.65
7396	1.07
7397	9.38
7398	3.43
7399	10.18
7400	16.33
7401	13.28
7402	20.01
7403	13.95
7404	3.66
7405	10.43
7406	7.16
7407	19.9
7408	22.27
7409	4.5
7410	11.49
7411	25.98
7412	11.35
7413	5.2
7414	10.63
7415	3.51
7416	19.84
7417	14.25
7418	22.17
7419	5.87
7420	8.79
7421	13.87
7422	6.25
7423	11.38
7424	22.42
7425	18.62
7426	15.57
7427	1.94
7428	3.82
7429	11.71
7430	22.27
7431	11.28
7432	30.33
7433	22.29
7434	1.0
7435	14.32
7436	15.98
7437	22.44
7438	17.66
7439	5.68
7440	6.28
7441	10.72
7442	26.92
7443	16.95
7444	11.92
7445	13.45
7446	6.82
7447	9.2
7448	0.8
7449	8.42
7450	32.14
7451	26.54
7452	11.12
7453	8.59
7454	0.46
7455	9.46
7456	13.72
7457	10.82
7458	9.7
7459	12.74
7460	1.15
7461	15.06
7462	7.71
7463	15.98
7464	13.84
7465	9.7
7466	18.68
7467	18.53
7468	5.81
7469	25.98
7470	3.92
7471	11.58
7472	0.41
7473	4.63
7474	15.08
7475	6.07
7476	1.39
7477	3.62
7478	21.28
7479	10.84
7480	13.02
7481	8.9
7482	12.58
7483	9.83
7484	21.61
7485	18.45
7486	6.61
7487	24.26
7488	17.11
7489	1.64
7490	23.47
7491	11.21
7492	1.42
7493	15.63
7494	10.76
7495	18.11
7496	7.85
7497	21.63
7498	0.48
7499	13.46
7500	2.54
7501	22.02
7502	0.52
7503	8.95
7504	10.7
7505	5.99
7506	5.53
7507	6.99
7508	3.46
7509	7.57
7510	11.05
7511	2.89
7512	18.82
7513	9.42
7514	21.8
7515	19.64
7516	6.66
7517	13.13
7518	15.77
7519	13.66
7520	1.5
7521	21.37
7522	9.94
7523	15.57
7524	2.4
7525	7.58
7526	16.58
7527	15.1
7528	1.88
7529	12.85
7530	5.89
7531	13.38
7532	1.34
7533	7.52
7534	19.68
7535	12.54
7536	3.35
7537	4.48
7538	19.69
7539	2.54
7540	29.37
7541	2.91
7542	16.35
7543	12.58
7544	23.81
7545	7.28
7546	8.15
7547	13.46
7548	13.52
7549	16.81
7550	12.35
7551	8.25
7552	8.37
7553	16.73
7554	18.01
7555	23.38
7556	1.18
7557	20.71
7558	1.53
7559	4.58
7560	17.15
7561	5.69
7562	17.42
7563	10.96
7564	1.84
7565	15.59
7566	8.1
7567	9.07
7568	6.1
7569	10.07
7570	9.72
7571	10.24
7572	25.11
7573	2.86
7574	23.54
7575	5.83
7576	29.55
7577	3.44
7578	21.25
7579	12.44
7580	13.48
7581	17.76
7582	8.03
7583	4.32
7584	7.29
7585	12.67
7586	0.02
7587	23.66
7588	20.19
7589	14.74
7590	10.57
7591	9.17
7592	10.03
7593	1.87
7594	35.02
7595	9.59
7596	23.13
7597	15.77
7598	11.78
7599	4.95
7600	20.28
7601	22.9
7602	17.4
7603	13.7
7604	22.1
7605	35.33
7606	31.49
7607	11.16
7608	1.75
7609	15.9
7610	12.64
7611	21.92
7612	9.18
7613	8.97
7614	7.81
7615	4.84
7616	14.62
7617	19.23
7618	17.13
7619	20.39
7620	8.43
7621	1.77
7622	13.78
7623	7.3
7624	20.81
7625	20.36
7626	17.03
7627	2.31
7628	5.31
7629	16.56
7630	18.67
7631	17.13
7632	3.25
7633	14.11
7634	29.9
7635	16.48
7636	1.93
7637	0.48
7638	6.34
7639	0.46
7640	7.6
7641	1.75
7642	10.59
7643	32.56
7644	18.62
7645	20.66
7646	20.83
7647	22.04
7648	5.65
7649	22.47
7650	17.47
7651	6.49
7652	24.45
7653	0.05
7654	4.51
7655	15.91
7656	17.96
7657	19.18
7658	15.04
7659	9.52
7660	8.89
7661	16.9
7662	27.45
7663	30.68
7664	31.8
7665	29.18
7666	13.98
7667	13.13
7668	11.48
7669	26.11
7670	7.17
7671	6.76
7672	3.0
7673	19.83
7674	13.49
7675	8.3
7676	17.17
7677	0.66
7678	15.88
7679	4.53
7680	18.19
7681	5.6
7682	7.63
7683	8.58
7684	9.67
7685	4.84
7686	3.49
7687	27.06
7688	10.29
7689	0.6
7690	20.9
7691	15.1
7692	15.62
7693	7.0
7694	2.51
7695	5.64
7696	8.14
7697	12.07
7698	1.95
7699	7.22
7700	14.0
7701	19.36
7702	20.13
7703	13.65
7704	6.89
7705	12.71
7706	8.0
7707	8.97
7708	0.38
7709	14.2
7710	2.44
7711	45.2
7712	18.68
7713	36.82
7714	2.79
7715	34.3
7716	22.78
7717	20.51
7718	17.6
7719	5.64
7720	9.43
7721	10.71
7722	0.34
7723	12.31
7724	7.03
7725	10.73
7726	20.7
7727	2.31
7728	0.99
7729	2.66
7730	1.83
7731	2.29
7732	6.05
7733	4.81
7734	12.78
7735	18.58
7736	6.54
7737	1.92
7738	6.53
7739	8.79
7740	29.24
7741	0.03
7742	10.11
7743	19.93
7744	10.86
7745	2.99
7746	7.53
7747	9.47
7748	5.71
7749	12.37
7750	10.15
7751	5.35
7752	10.84
7753	0.48
7754	9.38
7755	9.62
7756	17.45
7757	20.99
7758	7.98
7759	7.22
7760	25.93
7761	2.71
7762	7.58
7763	7.4
7764	15.07
7765	3.84
7766	3.94
7767	10.92
7768	2.83
7769	3.5
7770	5.95
7771	10.25
7772	8.12
7773	9.68
7774	20.36
7775	8.14
7776	10.69
7777	16.98
7778	34.12
7779	33.54
7780	4.63
7781	13.98
7782	6.05
7783	8.91
7784	19.57
7785	26.0
7786	19.86
7787	22.62
7788	10.92
7789	11.11
7790	34.92
7791	11.5
7792	13.31
7793	8.05
7794	17.56
7795	6.81
7796	14.79
7797	9.99
7798	3.31
7799	6.17
7800	8.24
7801	5.33
7802	2.97
7803	13.38
7804	10.32
7805	20.82
7806	3.25
7807	11.08
7808	25.71
7809	24.54
7810	27.16
7811	23.77
7812	7.31
7813	25.8
7814	6.1
7815	12.07
7816	11.62
7817	16.8
7818	10.55
7819	19.78
7820	10.78
7821	32.57
7822	3.62
7823	12.36
7824	18.79
7825	14.68
7826	5.4
7827	8.91
7828	16.09
7829	21.45
7830	14.06
7831	2.17
7832	9.52
7833	26.14
7834	2.73
7835	10.8
7836	3.54
7837	3.61
7838	2.22
7839	14.1
7840	25.81
7841	17.24
7842	32.94
7843	14.37
7844	7.25
7845	17.26
7846	0.92
7847	6.59
7848	31.71
7849	3.78
7850	34.13
7851	4.99
7852	1.71
7853	31.47
7854	19.88
7855	2.79
7856	1.61
7857	12.68
7858	12.06
7859	0.74
7860	12.99
7861	3.95
7862	15.49
7863	20.63
7864	22.7
7865	7.11
7866	23.74
7867	12.75
7868	31.98
7869	7.99
7870	2.63
7871	4.85
7872	10.85
7873	35.65
7874	4.49
7875	0.5
7876	1.56
7877	9.0
7878	13.71
7879	22.87
7880	5.17
7881	25.35
7882	10.52
7883	25.64
7884	18.29
7885	5.56
7886	4.62
7887	10.32
7888	4.33
7889	4.95
7890	3.88
7891	29.06
7892	5.31
7893	8.42
7894	15.8
7895	23.14
7896	2.37
7897	3.27
7898	25.4
7899	0.51
7900	7.34
7901	26.12
7902	6.08
7903	13.87
7904	0.82
7905	15.37
7906	5.39
7907	11.3
7908	10.96
7909	3.87
7910	6.51
7911	9.86
7912	12.87
7913	1.34
7914	16.06
7915	4.75
7916	13.56
7917	22.64
7918	36.68
7919	13.14
7920	9.82
7921	8.78
7922	11.0
7923	15.0
7924	16.21
7925	5.38
7926	15.61
7927	24.68
7928	1.72
7929	17.65
7930	9.6
7931	0.35
7932	4.62
7933	13.98
7934	18.39
7935	27.22
7936	32.5
7937	4.02
7938	7.06
7939	16.27
7940	0.84
7941	2.47
7942	4.97
7943	24.09
7944	1.0
7945	2.0
7946	20.19
7947	19.45
7948	10.68
7949	12.34
7950	6.46
7951	10.52
7952	9.78
7953	14.65
7954	3.03
7955	9.5
7956	0.93
7957	16.79
7958	0.37
7959	5.08
7960	1.7
7961	23.93
7962	8.55
7963	5.84
7964	12.75
7965	24.83
7966	9.29
7967	7.45
7968	9.39
7969	8.41
7970	6.14
7971	13.49
7972	11.24
7973	8.15
7974	9.77
7975	5.78
7976	13.83
7977	7.96
7978	26.73
7979	12.11
7980	16.01
7981	6.47
7982	18.77
7983	5.32
7984	0.42
7985	25.28
7986	5.39
7987	2.31
7988	12.52
7989	2.08
7990	17.25
7991	9.87
7992	12.59
7993	1.35
7994	4.96
7995	17.41
7996	17.31
7997	24.01
7998	5.4
7999	5.33
8000	13.47
8001	34.11
8002	18.64
8003	27.2
8004	2.83
8005	2.49
8006	7.35
8007	15.85
8008	13.6
8009	13.75
8010	16.25
8011	10.76
8012	19.82
8013	55.97
8014	1.07
8015	3.31
8016	6.36
8017	0.83
8018	6.54
8019	4.72
8020	0.31
8021	2.08
8022	2.82
8023	23.23
8024	11.09
8025	10.99
8026	16.89
8027	19.85
8028	15.61
8029	5.28
8030	19.72
8031	6.61
8032	0.89
8033	11.09
8034	3.45
8035	14.79
8036	0.41
8037	8.49
8038	8.32
8039	9.27
8040	13.36
8041	21.04
8042	10.88
8043	14.57
8044	17.5
8045	14.28
8046	11.95
8047	19.1
8048	9.68
8049	2.14
8050	11.5
8051	8.94
8052	7.8
8053	3.9
8054	5.45
8055	21.76
8056	1.75
8057	24.96
8058	23.57
8059	17.84
8060	0.47
8061	7.03
8062	14.07
8063	22.78
8064	20.35
8065	2.11
8066	6.38
8067	16.36
8068	13.9
8069	13.81
8070	3.0
8071	9.35
8072	0.96
8073	9.87
8074	26.34
8075	12.63
8076	5.88
8077	12.06
8078	4.94
8079	34.29
8080	24.37
8081	7.76
8082	9.3
8083	14.89
8084	9.99
8085	0.93
8086	12.4
8087	19.11
8088	8.27
8089	0.88
8090	17.9
8091	5.35
8092	14.46
8093	1.11
8094	13.84
8095	2.77
8096	16.74
8097	6.06
8098	17.26
8099	3.09
8100	15.13
8101	12.72
8102	20.1
8103	7.45
8104	0.86
8105	5.57
8106	8.68
8107	17.63
8108	15.22
8109	7.47
8110	13.51
8111	11.4
8112	0.35
8113	14.39
8114	18.46
8115	8.88
8116	2.65
8117	17.34
8118	5.14
8119	27.34
8120	2.7
8121	10.92
8122	7.9
8123	7.42
8124	13.47
8125	15.94
8126	9.73
8127	7.38
8128	5.25
8129	5.46
8130	6.14
8131	16.72
8132	13.73
8133	21.6
8134	3.56
8135	14.5
8136	18.61
8137	3.06
8138	24.81
8139	14.51
8140	1.55
8141	8.67
8142	10.95
8143	7.9
8144	10.75
8145	5.31
8146	1.47
8147	14.09
8148	17.26
8149	9.64
8150	6.07
8151	6.34
8152	8.02
8153	18.56
8154	0.33
8155	5.06
8156	1.73
8157	16.17
8158	4.65
8159	25.38
8160	12.36
8161	6.7
8162	5.47
8163	5.94
8164	2.69
8165	13.62
8166	14.93
8167	20.69
8168	13.31
8169	27.28
8170	3.13
8171	1.49
8172	6.85
8173	15.29
8174	3.1
8175	14.46
8176	15.76
8177	10.21
8178	1.66
8179	11.2
8180	15.76
8181	4.4
8182	1.46
8183	25.6
8184	14.46
8185	25.52
8186	4.05
8187	13.41
8188	2.24
8189	17.52
8190	18.46
8191	26.6
8192	13.47
8193	20.88
8194	6.22
8195	10.58
8196	6.42
8197	14.65
8198	9.05
8199	4.48
8200	16.55
8201	9.06
8202	13.1
8203	17.13
8204	5.47
8205	22.02
8206	13.66
8207	8.29
8208	7.0
8209	1.15
8210	3.36
8211	1.58
8212	4.44
8213	17.41
8214	18.98
8215	16.82
8216	4.32
8217	19.14
8218	9.62
8219	9.46
8220	23.24
8221	13.14
8222	6.9
8223	3.13
8224	17.86
8225	3.18
8226	12.2
8227	6.72
8228	10.6
8229	4.65
8230	13.18
8231	15.07
8232	5.28
8233	3.46
8234	14.5
8235	20.97
8236	18.33
8237	19.25
8238	21.98
8239	10.88
8240	9.5
8241	18.75
8242	14.41
8243	13.51
8244	21.32
8245	12.78
8246	6.48
8247	5.06
8248	17.83
8249	2.64
8250	12.72
8251	28.71
8252	29.63
8253	28.55
8254	3.27
8255	22.4
8256	4.39
8257	25.92
8258	14.02
8259	11.98
8260	21.68
8261	16.24
8262	12.37
8263	20.44
8264	21.05
8265	10.3
8266	2.78
8267	10.53
8268	15.62
8269	8.37
8270	15.43
8271	12.75
8272	20.84
8273	2.02
8274	38.27
8275	4.19
8276	11.43
8277	0.21
8278	11.33
8279	4.81
8280	2.89
8281	10.53
8282	5.7
8283	16.38
8284	15.42
8285	11.49
8286	1.42
8287	28.12
8288	23.89
8289	25.1
8290	9.7
8291	5.45
8292	23.74
8293	34.03
8294	8.49
8295	0.45
8296	18.08
8297	6.93
