0	40.75
1	37.67
2	24.13
3	40.82
4	37.98
5	45.45
6	52.9
7	36.05
8	40.39
9	47.65
10	42.25
11	32.24
12	31.43
13	47.45
14	41.4
15	41.9
16	37.96
17	39.52
18	54.1
19	41.89
20	39.84
21	47.38
22	43.38
23	30.11
24	47.94
25	30.84
26	37.02
27	27.73
28	53.63
29	32.91
30	51.67
31	42.28
32	42.07
33	58.64
34	40.67
35	53.8
36	52.86
37	61.54
38	32.07
39	49.18
40	28.13
41	54.55
42	31.81
43	38.79
44	33.75
45	37.29
46	33.22
47	31.88
48	68.65
49	37.06
50	38.31
51	28.43
52	17.19
53	37.12
54	42.73
55	34.78
56	19.42
57	38.48
58	33.95
59	34.61
60	17.4
61	71.09
62	50.05
63	42.4
64	41.27
65	41.64
66	35.32
67	53.24
68	56.86
69	30.3
70	29.57
71	43.96
72	37.66
73	21.15
74	29.17
75	35.5
76	38.88
77	41.44
78	44.6
79	37.1
80	55.48
81	54.39
82	26.99
83	54.25
84	30.96
85	37.25
86	29.88
87	30.79
88	34.96
89	43.22
90	37.44
91	41.37
92	17.96
93	36.96
94	39.62
95	41.59
96	45.29
97	51.96
98	53.67
99	25.45
100	47.91
101	49.59
102	42.04
103	45.73
104	49.32
105	30.68
106	30.95
107	50.16
108	32.89
109	60.16
110	47.51
111	27.13
112	36.68
113	39.38
114	58.53
115	31.0
116	24.52
117	30.82
118	32.64
119	25.82
120	40.37
121	40.91
122	19.23
123	36.73
124	26.61
125	35.98
126	19.13
127	47.47
128	48.59
129	24.52
130	16.07
131	56.32
132	47.51
133	47.87
134	31.51
135	35.28
136	47.28
137	34.82
138	46.85
139	40.4
140	29.65
141	24.42
142	39.84
143	55.39
144	10.7
145	41.2
146	38.35
147	39.35
148	47.18
149	23.8
150	41.73
151	37.27
152	40.69
153	46.2
154	38.97
155	44.24
156	19.49
157	54.65
158	53.34
159	36.13
160	51.66
161	23.48
162	43.39
163	41.18
164	43.58
165	31.78
166	57.84
167	32.45
168	43.66
169	43.18
170	31.3
171	30.35
172	26.56
173	24.63
174	34.64
175	27.3
176	61.09
177	50.57
178	14.74
179	39.79
180	47.77
181	19.73
182	34.85
183	50.05
184	58.1
185	35.78
186	42.49
187	40.73
188	18.48
189	31.98
190	44.66
191	51.28
192	20.55
193	42.39
194	62.28
195	30.56
196	31.37
197	44.93
198	14.45
199	32.18
200	20.06
201	6.42
202	63.37
203	15.28
204	37.85
205	32.26
206	67.12
207	23.05
208	57.64
209	55.78
210	56.33
211	47.62
212	17.51
213	46.67
214	41.13
215	24.35
216	25.35
217	52.7
218	31.86
219	12.14
220	30.67
221	51.1
222	36.05
223	9.97
224	15.18
225	40.49
226	29.54
227	16.19
228	15.15
229	34.94
230	22.73
231	21.17
232	40.4
233	29.2
234	43.53
235	43.62
236	27.49
237	28.88
238	22.97
239	54.77
240	34.57
241	45.05
242	7.33
243	45.14
244	38.54
245	35.8
246	16.44
247	49.95
248	31.7
249	61.34
250	62.81
251	28.55
252	45.56
253	39.07
254	43.2
255	60.29
256	43.04
257	49.77
258	29.89
259	37.37
260	29.8
261	42.01
262	33.2
263	22.87
264	40.81
265	61.5
266	31.88
267	47.72
268	62.41
269	34.72
270	38.17
271	51.42
272	28.88
273	41.78
274	41.72
275	37.57
276	65.49
277	24.95
278	34.87
279	33.38
280	27.3
281	35.74
282	27.26
283	52.06
284	32.47
285	31.08
286	28.94
287	43.5
288	41.07
289	33.1
290	34.17
291	39.34
292	33.25
293	27.88
294	65.12
295	32.68
296	23.3
297	49.41
298	29.42
299	17.75
300	46.98
301	32.7
302	43.32
303	68.38
304	48.62
305	43.69
306	59.55
307	53.94
308	27.57
309	34.53
310	34.58
311	33.98
312	32.65
313	47.68
314	26.14
315	17.32
316	46.02
317	42.49
318	44.69
319	52.93
320	26.51
321	35.05
322	42.65
323	14.85
324	62.75
325	16.03
326	56.03
327	47.25
328	50.92
329	47.59
330	38.22
331	63.83
332	23.71
333	23.47
334	31.49
335	42.34
336	25.63
337	35.23
338	39.99
339	39.69
340	41.29
341	22.57
342	58.52
343	38.48
344	28.62
345	40.29
346	49.08
347	9.29
348	36.06
349	33.85
350	43.27
351	16.21
352	43.0
353	53.22
354	46.02
355	55.04
356	28.36
357	30.27
358	18.7
359	42.6
360	38.58
361	32.0
362	60.14
363	58.34
364	45.77
365	41.07
366	47.18
367	59.12
368	45.98
369	32.84
370	34.33
371	22.11
372	45.69
373	49.76
374	30.61
375	36.1
376	37.27
377	45.05
378	19.39
379	35.7
380	59.81
381	38.76
382	26.72
383	52.13
384	71.75
385	41.65
386	37.43
387	29.23
388	38.28
389	31.95
390	33.94
391	16.77
392	22.17
393	28.68
394	37.31
395	15.03
396	26.92
397	20.09
398	30.54
399	43.36
400	49.33
401	51.33
402	42.54
403	48.54
404	31.36
405	45.98
406	17.32
407	42.41
408	32.97
409	17.86
410	29.5
411	47.96
412	22.22
413	56.23
414	54.1
415	37.91
416	48.19
417	32.45
418	48.61
419	43.77
420	21.29
421	46.08
422	40.32
423	56.44
424	37.06
425	25.79
426	22.18
427	44.16
428	52.54
429	43.57
430	39.36
431	52.32
432	62.56
433	47.97
434	28.71
435	43.21
436	62.2
437	43.65
438	29.67
439	55.5
440	32.72
441	25.58
442	35.79
443	39.24
444	46.35
445	27.44
446	8.09
447	51.16
448	13.92
449	33.26
450	38.74
451	59.71
452	60.33
453	35.52
454	43.42
455	47.41
456	56.49
457	38.25
458	57.14
459	46.65
460	22.06
461	56.68
462	60.17
463	8.38
464	45.29
465	23.3
466	9.08
467	35.3
468	54.75
469	25.55
470	48.86
471	43.48
472	45.43
473	31.87
474	30.32
475	48.35
476	63.15
477	36.62
478	23.75
479	52.42
480	7.1
481	24.85
482	47.66
483	33.2
484	43.53
485	42.81
486	46.32
487	41.45
488	47.28
489	32.64
490	40.01
491	42.49
492	68.52
493	8.88
494	31.81
495	15.59
496	9.25
497	33.15
498	52.61
499	33.63
500	36.77
501	30.58
502	46.57
503	40.19
504	53.01
505	27.07
506	36.09
507	21.56
508	42.24
509	43.59
510	44.03
511	32.6
512	65.77
513	37.49
514	45.29
515	46.14
516	31.54
517	42.46
518	25.95
519	46.61
520	33.38
521	23.13
522	46.95
523	32.41
524	27.75
525	49.04
526	32.75
527	38.16
528	32.16
529	54.36
530	20.46
531	43.02
532	38.78
533	32.72
534	47.33
535	50.05
536	27.72
537	35.59
538	20.94
539	38.39
540	22.73
541	42.28
542	34.41
543	49.94
544	44.39
545	13.6
546	32.33
547	51.12
548	21.15
549	23.05
550	46.13
551	43.19
552	50.27
553	37.73
554	31.52
555	33.0
556	28.7
557	19.63
558	61.32
559	27.39
560	43.27
561	26.96
562	34.34
563	32.15
564	34.13
565	56.11
566	50.51
567	18.59
568	33.63
569	25.96
570	52.39
571	63.31
572	58.07
573	20.89
574	55.28
575	23.82
576	19.0
577	43.11
578	35.4
579	44.56
580	59.2
581	14.75
582	55.62
583	39.34
584	2.96
585	23.37
586	39.78
587	35.61
588	47.25
589	27.77
590	48.04
591	46.46
592	22.48
593	51.04
594	31.09
595	26.42
596	54.85
597	56.79
598	38.76
599	51.46
600	15.71
601	34.68
602	35.55
603	56.89
604	42.59
605	29.58
606	38.34
607	19.92
608	34.96
609	26.08
610	53.49
611	38.58
612	56.11
613	46.0
614	19.77
615	35.81
616	44.52
617	45.55
618	40.02
619	35.44
620	59.99
621	30.55
622	44.87
623	55.76
624	35.46
625	35.84
626	34.66
627	30.53
628	41.17
629	44.65
630	54.04
631	32.23
632	27.34
633	50.09
634	51.73
635	44.24
636	47.58
637	24.13
638	25.83
639	51.26
640	45.21
641	53.67
642	38.56
643	50.7
644	29.74
645	28.96
646	22.25
647	59.08
648	43.5
649	30.97
650	27.29
651	29.63
652	33.61
653	46.97
654	31.36
655	49.96
656	50.43
657	50.55
658	29.43
659	48.69
660	43.85
661	13.0
662	51.85
663	31.93
664	58.89
665	48.79
666	35.36
667	47.96
668	29.35
669	47.35
670	56.45
671	43.54
672	36.6
673	22.32
674	39.19
675	43.09
676	20.8
677	35.6
678	36.3
679	48.06
680	40.05
681	35.23
682	50.03
683	16.25
684	47.9
685	38.76
686	16.05
687	21.26
688	49.1
689	39.93
690	36.71
691	66.41
692	52.89
693	39.82
694	36.44
695	43.41
696	72.86
697	38.99
698	44.84
699	50.0
700	43.58
701	13.15
702	50.03
703	1.96
704	44.58
705	38.67
706	38.27
707	40.06
708	56.56
709	25.9
710	24.33
711	56.71
712	67.43
713	49.66
714	56.07
715	31.91
716	47.08
717	12.13
718	33.53
719	23.5
720	43.54
721	68.01
722	66.66
723	31.11
724	51.35
725	37.25
726	13.42
727	25.26
728	50.69
729	41.63
730	45.94
731	42.05
732	25.34
733	56.06
734	32.0
735	14.28
736	48.36
737	30.81
738	31.39
739	19.94
740	22.13
741	46.8
742	34.78
743	18.46
744	34.91
745	44.38
746	24.37
747	55.65
748	25.71
749	38.35
750	34.99
751	28.27
752	66.23
753	33.8
754	40.63
755	35.84
756	44.41
757	60.01
758	35.66
759	53.37
760	36.43
761	54.99
762	33.77
763	50.54
764	18.43
765	44.03
766	45.77
767	16.53
768	47.11
769	50.68
770	47.31
771	54.21
772	15.34
773	58.2
774	19.7
775	52.42
776	54.14
777	22.52
778	45.41
779	37.78
780	43.91
781	42.55
782	43.91
783	25.76
784	47.03
785	36.39
786	61.8
787	45.7
788	46.68
789	35.11
790	50.64
791	60.74
792	51.96
793	30.84
794	47.99
795	14.82
796	40.75
797	56.64
798	35.58
799	36.74
800	38.44
801	43.2
802	29.51
803	39.63
804	14.36
805	28.33
806	48.13
807	54.92
808	48.99
809	48.55
810	46.32
811	49.43
812	37.13
813	29.69
814	33.33
815	16.91
816	46.5
817	7.12
818	23.15
819	42.47
820	28.22
821	36.1
822	49.99
823	17.06
824	31.14
825	37.04
826	16.27
827	34.03
828	54.7
829	37.23
830	20.56
831	2.29
832	33.7
833	59.41
834	56.0
835	21.06
836	36.53
837	11.57
838	28.09
839	32.25
840	43.66
841	46.19
842	39.44
843	24.26
844	57.62
845	56.06
846	41.92
847	46.89
848	46.23
849	18.04
850	62.16
851	35.59
852	30.94
853	22.74
854	40.02
855	23.8
856	42.15
857	28.66
858	15.53
859	32.71
860	48.46
861	51.7
862	17.98
863	28.05
864	24.83
865	34.76
866	26.01
867	44.52
868	68.01
869	49.19
870	38.95
871	45.75
872	51.12
873	47.53
874	51.05
875	47.72
876	25.68
877	35.9
878	18.8
879	30.96
880	46.81
881	18.2
882	43.73
883	17.67
884	36.44
885	19.31
886	19.06
887	27.34
888	37.04
889	47.55
890	43.02
891	43.35
892	51.5
893	3.28
894	11.26
895	42.71
896	33.42
897	42.58
898	55.5
899	26.12
900	46.38
901	26.37
902	34.78
903	7.78
904	17.75
905	59.57
906	32.54
907	41.15
908	43.38
909	28.4
910	50.01
911	12.55
912	4.14
913	34.3
914	38.38
915	9.86
916	47.26
917	39.53
918	36.34
919	47.81
920	38.0
921	26.45
922	57.34
923	45.04
924	22.83
925	57.93
926	39.8
927	37.53
928	52.12
929	30.49
930	46.92
931	37.76
932	41.62
933	35.93
934	41.84
935	53.03
936	31.36
937	29.25
938	17.06
939	41.6
940	33.52
941	19.7
942	27.95
943	21.17
944	46.27
945	44.41
946	26.14
947	47.74
948	24.33
949	40.94
950	29.37
951	44.88
952	32.99
953	38.81
954	28.57
955	31.38
956	40.63
957	35.52
958	46.83
959	42.81
960	30.18
961	45.46
962	35.42
963	58.15
964	31.49
965	33.95
966	21.5
967	67.99
968	64.3
969	42.58
970	38.69
971	42.55
972	35.54
973	47.22
974	40.32
975	49.28
976	53.23
977	44.28
978	45.99
979	33.82
980	17.05
981	35.83
982	23.88
983	26.64
984	42.53
985	16.14
986	31.13
987	45.6
988	35.97
989	46.03
990	34.16
991	28.68
992	35.29
993	67.9
994	39.63
995	52.47
996	32.56
997	31.41
998	27.22
999	20.24
1000	40.24
1001	19.3
1002	42.68
1003	58.61
1004	32.95
1005	43.39
1006	54.93
1007	45.05
1008	43.35
1009	49.17
1010	28.02
1011	15.67
1012	33.98
1013	35.85
1014	56.91
1015	48.0
1016	45.55
1017	24.12
1018	29.97
1019	56.59
1020	31.45
1021	50.04
1022	33.82
1023	33.97
1024	34.83
1025	45.87
1026	47.09
1027	33.39
1028	51.77
1029	25.35
1030	35.43
1031	55.46
1032	43.49
1033	50.3
1034	19.91
1035	47.57
1036	42.36
1037	31.32
1038	31.8
1039	37.48
1040	63.77
1041	56.21
1042	27.04
1043	36.77
1044	40.18
1045	32.77
1046	22.93
1047	9.53
1048	45.38
1049	31.01
1050	49.96
1051	32.89
1052	66.98
1053	40.87
1054	44.99
1055	32.87
1056	36.14
1057	47.16
1058	50.45
1059	14.2
1060	38.7
1061	20.83
1062	24.81
1063	47.67
1064	45.19
1065	37.94
1066	21.75
1067	25.38
1068	54.81
1069	49.14
1070	8.07
1071	10.19
1072	38.24
1073	20.11
1074	69.76
1075	39.0
1076	45.15
1077	61.88
1078	56.18
1079	30.0
1080	51.11
1081	23.33
1082	28.48
1083	11.65
1084	33.31
1085	34.45
1086	45.23
1087	31.82
1088	44.44
1089	31.17
1090	42.28
1091	48.98
1092	30.38
1093	17.96
1094	39.06
1095	30.32
1096	28.35
1097	32.32
1098	23.68
1099	39.98
1100	47.33
1101	17.91
1102	12.45
1103	30.62
1104	11.4
1105	27.91
1106	43.32
1107	42.32
1108	33.37
1109	11.63
1110	64.71
1111	32.09
1112	25.29
1113	25.77
1114	18.03
1115	28.98
1116	12.36
1117	9.2
1118	33.02
1119	28.38
1120	50.81
1121	50.29
1122	38.63
1123	43.85
1124	34.08
1125	32.88
1126	36.55
1127	36.54
1128	64.88
1129	37.72
1130	51.45
1131	37.63
1132	33.15
1133	36.29
1134	38.8
1135	30.21
1136	12.05
1137	57.78
1138	15.76
1139	21.67
1140	42.25
1141	32.41
1142	65.07
1143	37.0
1144	58.95
1145	54.93
1146	20.28
1147	33.55
1148	23.63
1149	46.75
1150	33.65
1151	32.25
1152	21.14
1153	29.42
1154	29.51
1155	35.06
1156	42.9
1157	25.78
1158	62.47
1159	43.5
1160	32.82
1161	28.32
1162	63.32
1163	44.08
1164	20.58
1165	23.21
1166	34.79
1167	42.01
1168	17.46
1169	30.23
1170	58.49
1171	38.93
1172	55.31
1173	49.39
1174	53.98
1175	29.91
1176	45.51
1177	60.04
1178	49.34
1179	43.53
1180	21.0
1181	25.35
1182	40.82
1183	36.83
1184	37.5
1185	33.59
1186	55.74
1187	37.19
1188	43.4
1189	56.72
1190	23.29
1191	23.65
1192	58.57
1193	50.94
1194	44.67
1195	38.97
1196	35.38
1197	21.4
1198	35.88
1199	4.55
1200	64.16
1201	16.55
1202	38.21
1203	20.82
1204	33.3
1205	43.94
1206	33.52
1207	45.1
1208	58.95
1209	45.37
1210	38.85
1211	35.77
1212	55.85
1213	50.07
1214	41.16
1215	30.58
1216	43.54
1217	30.9
1218	37.42
1219	63.22
1220	45.63
1221	50.04
1222	50.05
1223	31.27
1224	22.65
1225	52.52
1226	27.17
1227	37.55
1228	26.81
1229	35.85
1230	38.3
1231	46.29
1232	37.99
1233	35.25
1234	27.15
1235	33.88
1236	37.67
1237	64.1
1238	61.93
1239	13.32
1240	51.7
1241	40.96
1242	29.25
1243	39.12
1244	34.61
1245	40.33
1246	41.25
1247	18.01
1248	36.67
1249	22.42
1250	16.78
1251	21.6
1252	20.81
1253	57.33
1254	32.7
1255	41.82
1256	22.3
1257	24.39
1258	42.9
1259	33.28
1260	23.28
1261	34.72
1262	37.83
1263	36.13
1264	7.57
1265	55.99
1266	21.84
1267	52.48
1268	34.62
1269	37.9
1270	23.63
1271	36.03
1272	29.52
1273	57.57
1274	15.23
1275	37.37
1276	38.73
1277	72.26
1278	18.48
1279	25.03
1280	38.87
1281	18.91
1282	53.09
1283	37.85
1284	49.45
1285	35.76
1286	20.21
1287	40.01
1288	39.34
1289	25.79
1290	48.98
1291	29.11
1292	25.03
1293	35.69
1294	42.46
1295	35.19
1296	40.6
1297	24.76
1298	57.63
1299	74.46
1300	34.5
1301	21.75
1302	43.59
1303	23.3
1304	43.44
1305	37.21
1306	26.34
1307	30.56
1308	22.63
1309	37.7
1310	36.87
1311	69.05
1312	47.74
1313	46.41
1314	53.68
1315	44.83
1316	39.22
1317	46.48
1318	41.77
1319	32.22
1320	47.97
1321	33.04
1322	36.38
1323	47.49
1324	32.17
1325	52.69
1326	44.72
1327	8.28
1328	26.47
1329	30.09
1330	42.13
1331	28.19
1332	45.98
1333	44.64
1334	52.02
1335	43.14
1336	31.92
1337	35.16
1338	27.12
1339	27.76
1340	26.63
1341	39.58
1342	46.62
1343	35.64
1344	43.66
1345	34.78
1346	50.74
1347	40.42
1348	11.81
1349	70.73
1350	28.4
1351	38.93
1352	61.85
1353	33.41
1354	39.45
1355	51.66
1356	24.21
1357	43.81
1358	63.74
1359	23.41
1360	39.69
1361	26.57
1362	39.04
1363	40.53
1364	27.43
1365	34.77
1366	39.07
1367	35.45
1368	57.66
1369	51.73
1370	57.7
1371	32.81
1372	47.25
1373	58.11
1374	48.09
1375	31.27
1376	34.73
1377	64.59
1378	49.56
1379	40.38
1380	57.37
1381	28.09
1382	49.39
1383	48.96
1384	14.87
1385	23.2
1386	45.03
1387	10.36
1388	35.7
1389	31.61
1390	31.22
1391	41.59
1392	48.77
1393	48.64
1394	56.2
1395	19.02
1396	19.35
1397	36.51
1398	30.47
1399	23.84
1400	20.95
1401	50.01
1402	29.22
1403	46.58
1404	58.86
1405	55.4
1406	59.15
1407	19.5
1408	46.17
1409	22.65
1410	82.54
1411	47.95
1412	59.29
1413	37.49
1414	53.61
1415	14.19
1416	21.95
1417	24.15
1418	54.2
1419	27.89
1420	36.9
1421	50.27
1422	40.93
1423	39.99
1424	31.41
1425	33.07
1426	36.79
1427	51.16
1428	43.36
1429	37.43
1430	35.89
1431	32.76
1432	54.87
1433	25.67
1434	33.44
1435	17.55
1436	30.89
1437	23.25
1438	52.28
1439	17.29
1440	24.13
1441	52.58
1442	24.67
1443	40.96
1444	33.02
1445	35.18
1446	53.2
1447	21.81
1448	41.8
1449	38.96
1450	52.8
1451	39.16
1452	40.52
1453	41.07
1454	45.43
1455	39.55
1456	43.21
1457	44.94
1458	26.18
1459	39.41
1460	39.95
1461	40.69
1462	43.71
1463	45.61
1464	46.67
1465	50.22
1466	29.68
1467	42.73
1468	9.87
1469	41.97
1470	48.18
1471	50.59
1472	29.16
1473	41.04
1474	18.7
1475	26.04
1476	33.64
1477	53.01
1478	36.89
1479	32.31
1480	46.94
1481	48.74
1482	53.82
1483	33.7
1484	56.51
1485	13.48
1486	30.53
1487	34.85
1488	41.14
1489	27.88
1490	43.89
1491	46.93
1492	38.16
1493	8.36
1494	30.91
1495	30.73
1496	48.03
1497	40.49
1498	33.43
1499	35.03
1500	20.21
1501	59.88
1502	15.03
1503	32.91
1504	36.27
1505	35.77
1506	47.31
1507	39.22
1508	26.14
1509	38.48
1510	36.71
1511	35.64
1512	23.46
1513	65.36
1514	47.01
1515	36.79
1516	20.87
1517	22.93
1518	60.46
1519	15.17
1520	43.35
1521	61.31
1522	35.07
1523	53.63
1524	58.74
1525	47.49
1526	33.66
1527	58.15
1528	27.06
1529	47.57
1530	15.49
1531	35.62
1532	27.91
1533	41.26
1534	38.79
1535	24.7
1536	37.18
1537	19.13
1538	26.64
1539	40.46
1540	27.1
1541	66.85
1542	30.27
1543	32.2
1544	23.41
1545	22.18
1546	42.09
1547	35.33
1548	62.45
1549	29.39
1550	7.58
1551	46.11
1552	25.8
1553	25.92
1554	20.12
1555	60.47
1556	25.25
1557	32.86
1558	30.69
1559	49.13
1560	26.67
1561	23.12
1562	32.92
1563	36.21
1564	45.79
1565	37.1
1566	27.02
1567	17.33
1568	39.36
1569	16.47
1570	53.85
1571	10.33
1572	42.23
1573	33.36
1574	39.78
1575	16.51
1576	40.75
1577	34.58
1578	43.36
1579	33.62
1580	47.96
1581	35.06
1582	43.29
1583	44.13
1584	65.99
1585	59.26
1586	29.27
1587	20.37
1588	25.59
1589	41.46
1590	22.5
1591	30.27
1592	13.64
1593	28.51
1594	21.9
1595	54.8
1596	38.38
1597	49.22
1598	35.69
1599	51.97
1600	56.75
1601	24.06
1602	37.53
1603	27.21
1604	12.56
1605	47.15
1606	49.72
1607	49.21
1608	30.78
1609	26.24
1610	29.26
1611	39.48
1612	36.81
1613	47.16
1614	38.7
1615	48.81
1616	32.24
1617	32.64
1618	25.47
1619	14.85
1620	41.23
1621	22.57
1622	19.08
1623	36.14
1624	57.13
1625	55.47
1626	34.03
1627	37.64
1628	17.98
1629	43.62
1630	51.16
1631	16.63
1632	18.35
1633	48.53
1634	41.46
1635	40.89
1636	46.87
1637	25.81
1638	5.05
1639	38.28
1640	54.64
1641	60.37
1642	34.09
1643	12.62
1644	49.44
1645	43.9
1646	23.44
1647	49.83
1648	24.92
1649	40.27
1650	36.16
1651	36.89
1652	25.23
1653	53.06
1654	17.24
1655	11.27
1656	47.65
1657	34.59
1658	43.98
1659	32.17
1660	34.49
1661	32.09
1662	16.98
1663	41.76
1664	33.54
1665	42.49
1666	28.9
1667	29.9
1668	43.91
1669	41.6
1670	39.8
1671	29.4
1672	24.57
1673	41.24
1674	48.26
1675	26.48
1676	54.16
1677	57.36
1678	26.39
1679	42.28
1680	39.12
1681	31.06
1682	63.32
1683	37.78
1684	22.24
1685	37.87
1686	39.96
1687	52.15
1688	38.93
1689	52.44
1690	35.12
1691	39.13
1692	36.51
1693	31.1
1694	40.24
1695	25.39
1696	43.79
1697	38.36
1698	34.27
1699	35.67
1700	48.89
1701	34.1
1702	25.87
1703	50.16
1704	45.97
1705	63.85
1706	26.26
1707	24.6
1708	18.3
1709	40.4
1710	47.48
1711	39.75
1712	18.04
1713	36.03
1714	31.36
1715	9.25
1716	52.74
1717	23.01
1718	30.45
1719	32.75
1720	56.21
1721	20.67
1722	51.05
1723	37.85
1724	49.93
1725	21.84
1726	48.97
1727	51.73
1728	20.09
1729	29.36
1730	48.87
1731	48.16
1732	56.13
1733	23.44
1734	14.38
1735	48.53
1736	18.98
1737	56.68
1738	35.42
1739	28.78
1740	52.14
1741	30.46
1742	49.25
1743	47.9
1744	49.54
1745	73.61
1746	30.92
1747	43.08
1748	26.24
1749	26.66
1750	46.42
1751	52.7
1752	37.94
1753	39.35
1754	43.47
1755	31.77
1756	67.81
1757	19.47
1758	37.2
1759	49.38
1760	30.19
1761	37.54
1762	39.38
1763	19.21
1764	60.08
1765	56.19
1766	49.17
1767	47.28
1768	56.22
1769	33.42
1770	24.43
1771	17.85
1772	43.14
1773	13.54
1774	34.64
1775	46.53
1776	40.73
1777	35.64
1778	43.74
1779	37.07
1780	44.15
1781	16.77
1782	38.97
1783	38.04
1784	41.54
1785	25.78
1786	39.67
1787	58.41
1788	22.06
1789	50.01
1790	34.95
1791	32.54
1792	44.78
1793	41.86
1794	48.88
1795	28.01
1796	3.77
1797	48.02
1798	37.66
1799	48.32
1800	54.38
1801	59.79
1802	18.65
1803	25.32
1804	47.47
1805	32.57
1806	39.27
1807	41.36
1808	69.42
1809	20.77
1810	52.37
1811	37.35
1812	31.07
1813	37.61
1814	50.4
1815	63.6
1816	29.65
1817	26.9
1818	61.27
1819	37.1
1820	26.52
1821	35.47
1822	39.76
1823	34.39
1824	68.26
1825	16.5
1826	41.78
1827	25.26
1828	47.6
1829	12.1
1830	41.24
1831	21.37
1832	45.97
1833	57.02
1834	70.47
1835	24.77
1836	52.11
1837	39.31
1838	41.09
1839	29.06
1840	23.73
1841	29.61
1842	29.97
1843	27.18
1844	38.98
1845	46.14
1846	64.9
1847	12.09
1848	43.16
1849	38.98
1850	45.82
1851	47.59
1852	31.97
1853	24.78
1854	0.98
1855	38.99
1856	33.98
1857	32.1
1858	35.59
1859	58.95
1860	52.28
1861	18.75
1862	33.62
1863	34.12
1864	37.37
1865	58.59
1866	43.44
1867	30.68
1868	62.73
1869	40.73
1870	43.46
1871	25.72
1872	34.64
1873	29.17
1874	44.48
1875	53.87
1876	44.46
1877	13.05
1878	36.08
1879	29.4
1880	41.88
1881	39.31
1882	42.45
1883	15.74
1884	39.91
1885	41.41
1886	45.35
1887	49.87
1888	49.98
1889	39.55
1890	42.69
1891	24.91
1892	51.92
1893	31.12
1894	50.68
1895	47.65
1896	57.39
1897	53.3
1898	42.32
1899	32.51
1900	50.14
1901	5.99
1902	38.26
1903	22.58
1904	44.28
1905	43.9
1906	55.88
1907	51.38
1908	63.05
1909	47.01
1910	31.95
1911	42.98
1912	37.84
1913	46.59
1914	24.07
1915	26.02
1916	49.11
1917	45.97
1918	46.34
1919	13.21
1920	56.31
1921	17.28
1922	17.18
1923	44.39
1924	64.17
1925	55.26
1926	47.07
1927	19.03
1928	36.45
1929	59.39
1930	33.03
1931	22.28
1932	45.75
1933	29.0
1934	38.67
1935	59.64
1936	47.0
1937	39.52
1938	48.46
1939	30.95
1940	41.78
1941	49.2
1942	22.44
1943	48.07
1944	21.83
1945	54.25
1946	38.55
1947	44.14
1948	39.75
1949	52.36
1950	50.14
1951	46.3
1952	39.53
1953	42.39
1954	43.08
1955	60.5
1956	40.34
1957	33.73
1958	49.56
1959	20.47
1960	25.64
1961	16.06
1962	18.88
1963	45.74
1964	36.13
1965	41.16
1966	19.37
1967	33.53
1968	24.25
1969	36.94
1970	41.45
1971	31.86
1972	44.35
1973	26.33
1974	45.04
1975	36.9
1976	17.87
1977	54.74
1978	50.12
1979	3.92
1980	25.87
1981	46.68
1982	68.18
1983	24.3
1984	14.77
1985	50.98
1986	34.76
1987	33.11
1988	50.13
1989	31.12
1990	28.34
1991	40.27
1992	35.97
1993	29.91
1994	35.69
1995	37.55
1996	26.7
1997	16.67
1998	38.16
1999	35.32
2000	53.8
2001	17.3
2002	66.58
2003	33.74
2004	29.61
2005	53.63
2006	38.01
2007	32.82
2008	35.71
2009	50.34
2010	46.92
2011	17.74
2012	35.48
2013	31.88
2014	38.29
2015	43.38
2016	21.46
2017	51.48
2018	33.01
2019	51.91
2020	50.25
2021	55.77
2022	23.96
2023	40.83
2024	31.41
2025	26.07
2026	46.84
2027	59.55
2028	48.54
2029	54.47
2030	29.63
2031	43.11
2032	58.72
2033	49.69
2034	54.24
2035	37.9
2036	16.09
2037	25.73
2038	45.88
2039	15.75
2040	21.66
2041	64.77
2042	44.11
2043	26.61
2044	49.89
2045	45.93
2046	24.83
2047	48.3
2048	21.99
2049	35.56
2050	42.01
2051	37.76
2052	43.33
2053	45.68
2054	47.72
2055	36.17
2056	41.88
2057	8.96
2058	47.83
2059	50.72
2060	36.71
2061	18.08
2062	36.56
2063	39.75
2064	47.25
2065	42.8
2066	24.15
2067	59.28
2068	24.38
2069	47.47
2070	56.71
2071	28.8
2072	28.15
2073	46.5
2074	20.64
2075	36.54
2076	43.81
2077	22.49
2078	51.4
2079	34.9
2080	64.32
2081	43.75
2082	37.48
2083	16.78
2084	32.04
2085	33.05
2086	51.45
2087	34.25
2088	46.51
2089	41.16
2090	54.06
2091	31.32
2092	34.07
2093	36.99
2094	27.84
2095	55.0
2096	25.03
2097	32.69
2098	25.47
2099	51.96
2100	34.9
2101	48.69
2102	23.13
2103	35.13
2104	44.48
2105	24.43
2106	37.14
2107	35.08
2108	43.36
2109	45.4
2110	50.58
2111	46.88
2112	45.2
2113	47.67
2114	35.68
2115	59.66
2116	41.48
2117	25.98
2118	44.32
2119	28.45
2120	28.87
2121	47.78
2122	65.16
2123	35.54
2124	20.88
2125	50.91
2126	62.98
2127	38.66
2128	34.12
2129	30.27
2130	40.34
2131	27.59
2132	36.21
2133	41.42
2134	48.18
2135	39.24
2136	38.44
2137	18.97
2138	35.97
2139	70.78
2140	54.65
2141	41.71
2142	55.0
2143	66.54
2144	17.42
2145	39.06
2146	49.53
2147	61.07
2148	20.01
2149	53.26
2150	34.66
2151	37.44
2152	57.93
2153	30.18
2154	20.18
2155	38.43
2156	53.24
2157	60.9
2158	30.55
2159	31.25
2160	63.0
2161	47.28
2162	55.76
2163	45.32
2164	54.59
2165	12.82
2166	32.21
2167	35.83
2168	33.05
2169	52.57
2170	39.12
2171	22.67
2172	27.23
2173	30.08
2174	17.32
2175	44.23
2176	34.64
2177	40.56
2178	23.68
2179	39.4
2180	32.5
2181	29.2
2182	22.93
2183	47.02
2184	59.21
2185	43.01
2186	54.2
2187	73.14
2188	33.59
2189	60.19
2190	16.22
2191	67.57
2192	43.92
2193	41.88
2194	43.29
2195	31.77
2196	22.31
2197	23.74
2198	47.65
2199	35.13
2200	40.13
2201	59.05
2202	39.76
2203	41.63
2204	26.32
2205	31.23
2206	31.93
2207	33.81
2208	31.85
2209	60.73
2210	42.79
2211	28.83
2212	31.82
2213	39.25
2214	55.5
2215	43.07
2216	49.33
2217	34.06
2218	46.12
2219	27.76
2220	51.54
2221	32.67
2222	27.85
2223	21.01
2224	49.51
2225	24.66
2226	24.69
2227	30.53
2228	29.0
2229	45.29
2230	45.48
2231	46.32
2232	7.26
2233	28.32
2234	52.15
2235	39.15
2236	24.64
2237	34.86
2238	20.26
2239	36.07
2240	5.71
2241	29.52
2242	50.11
2243	42.88
2244	54.59
2245	67.01
2246	26.26
2247	45.55
2248	33.07
2249	33.28
2250	44.14
2251	32.73
2252	36.3
2253	48.84
2254	36.07
2255	51.19
2256	32.8
2257	16.57
2258	34.7
2259	33.15
2260	14.59
2261	19.79
2262	19.2
2263	47.93
2264	32.95
2265	22.17
2266	40.28
2267	47.26
2268	24.03
2269	40.39
2270	20.94
2271	36.64
2272	30.09
2273	53.99
2274	39.14
2275	51.18
2276	36.8
2277	34.75
2278	36.74
2279	44.71
2280	39.74
2281	37.0
2282	50.85
2283	40.85
2284	22.55
2285	67.58
2286	50.67
2287	57.51
2288	44.08
2289	42.98
2290	44.72
2291	59.22
2292	49.47
2293	44.15
2294	28.75
2295	24.76
2296	36.12
2297	20.34
2298	50.83
2299	53.01
2300	21.85
2301	42.7
2302	27.47
2303	45.73
2304	29.25
2305	30.33
2306	48.54
2307	34.65
2308	33.38
2309	33.18
2310	50.67
2311	43.06
2312	35.81
2313	44.05
2314	10.21
2315	41.38
2316	31.98
2317	60.22
2318	53.0
2319	42.24
2320	69.76
2321	38.83
2322	36.51
2323	28.3
2324	53.08
2325	42.36
2326	42.02
2327	55.67
2328	35.25
2329	24.38
2330	50.34
2331	22.1
2332	31.88
2333	55.11
2334	63.8
2335	34.96
2336	58.02
2337	48.57
2338	43.43
2339	35.67
2340	31.83
2341	39.26
2342	40.92
2343	42.35
2344	35.7
2345	38.14
2346	30.08
2347	46.93
2348	22.7
2349	46.65
2350	33.76
2351	38.9
2352	16.69
2353	33.43
2354	38.37
2355	35.08
2356	47.15
2357	38.89
2358	38.79
2359	28.79
2360	41.33
2361	36.95
2362	25.34
2363	60.93
2364	26.78
2365	43.96
2366	22.16
2367	44.2
2368	44.45
2369	16.26
2370	49.73
2371	33.05
2372	40.53
2373	50.93
2374	22.15
2375	43.59
2376	44.32
2377	50.52
2378	37.45
2379	49.96
2380	35.46
2381	30.55
2382	46.96
2383	81.08
2384	33.93
2385	43.2
2386	35.35
2387	18.67
2388	35.24
2389	41.1
2390	19.17
2391	78.63
2392	41.15
2393	48.53
2394	27.74
2395	6.88
2396	59.12
2397	33.62
2398	22.81
2399	37.95
2400	45.83
2401	38.53
2402	32.03
2403	42.52
2404	36.33
2405	15.0
2406	25.61
2407	40.96
2408	43.42
2409	37.78
2410	17.16
2411	53.23
2412	28.81
2413	35.76
2414	40.18
2415	69.16
2416	44.92
2417	27.72
2418	51.0
2419	55.4
2420	41.2
2421	45.02
2422	15.89
2423	43.63
2424	17.56
2425	44.9
2426	36.0
2427	60.92
2428	42.1
2429	47.29
2430	60.07
2431	37.23
2432	21.83
2433	47.06
2434	44.07
2435	26.7
2436	53.35
2437	29.26
2438	67.05
2439	45.47
2440	38.61
2441	24.23
2442	25.3
2443	20.89
2444	36.66
2445	16.7
2446	22.42
2447	31.79
2448	27.67
2449	35.71
2450	46.77
2451	49.25
2452	40.37
2453	42.98
2454	23.56
2455	46.06
2456	33.08
2457	33.98
2458	49.9
2459	22.42
2460	44.82
2461	35.7
2462	18.94
2463	27.4
2464	26.61
2465	38.82
2466	64.99
2467	43.57
2468	31.63
2469	47.44
2470	59.74
2471	32.96
2472	12.66
2473	43.67
2474	53.64
2475	22.78
2476	41.78
2477	23.53
2478	67.1
2479	30.39
2480	29.61
2481	4.23
2482	45.91
2483	52.53
2484	32.16
2485	5.23
2486	27.18
2487	28.86
2488	38.88
2489	23.45
2490	31.17
2491	32.66
2492	24.34
2493	41.14
2494	15.78
2495	28.29
2496	60.91
2497	56.48
2498	50.74
2499	58.13
2500	37.0
2501	36.51
2502	44.2
2503	42.76
2504	45.47
2505	38.51
2506	42.12
2507	44.64
2508	26.84
2509	37.49
2510	10.71
2511	41.41
2512	33.54
2513	36.94
2514	26.63
2515	43.06
2516	14.11
2517	50.17
2518	47.15
2519	47.71
2520	41.43
2521	9.95
2522	36.81
2523	44.59
2524	53.44
2525	44.53
2526	66.07
2527	45.5
2528	35.29
2529	25.05
2530	35.54
2531	54.2
2532	30.19
2533	36.82
2534	32.21
2535	65.97
2536	42.03
2537	50.14
2538	44.93
2539	37.35
2540	63.2
2541	23.45
2542	18.09
2543	33.06
2544	26.41
2545	46.32
2546	15.83
2547	45.6
2548	39.72
2549	63.78
2550	30.81
2551	27.77
2552	18.86
2553	58.44
2554	40.6
2555	10.72
2556	40.43
2557	34.02
2558	27.32
2559	22.2
2560	31.93
2561	57.94
2562	2.83
2563	63.68
2564	46.07
2565	48.58
2566	35.32
2567	60.07
2568	24.17
2569	24.34
2570	35.42
2571	30.44
2572	40.03
2573	55.88
2574	51.01
2575	26.94
2576	49.79
2577	56.9
2578	49.44
2579	49.34
2580	49.49
2581	15.69
2582	52.26
2583	37.92
2584	26.43
2585	34.91
2586	45.72
2587	29.76
2588	41.83
2589	33.21
2590	39.95
2591	46.2
2592	28.23
2593	55.54
2594	44.84
2595	39.69
2596	38.01
2597	41.19
2598	62.07
2599	27.07
2600	27.42
2601	44.23
2602	25.08
2603	41.26
2604	57.18
2605	16.09
2606	39.59
2607	54.67
2608	29.67
2609	30.74
2610	48.39
2611	54.76
2612	36.69
2613	40.01
2614	51.77
2615	36.92
2616	37.85
2617	60.16
2618	12.99
2619	46.42
2620	28.3
2621	35.25
2622	30.71
2623	38.27
2624	48.55
2625	40.72
2626	34.74
2627	28.36
2628	17.89
2629	17.57
2630	54.37
2631	31.65
2632	40.35
2633	58.46
2634	34.83
2635	39.32
2636	45.41
2637	39.83
2638	40.83
2639	58.33
2640	58.09
2641	50.75
2642	64.36
2643	40.17
2644	42.34
2645	34.72
2646	35.88
2647	62.46
2648	39.42
2649	51.68
2650	40.67
2651	62.26
2652	25.63
2653	28.89
2654	29.32
2655	44.39
2656	53.46
2657	46.11
2658	29.82
2659	40.89
2660	57.37
2661	38.14
2662	42.19
2663	56.55
2664	52.86
2665	36.09
2666	49.04
2667	39.53
2668	31.61
2669	31.05
2670	19.1
2671	49.06
2672	38.86
2673	51.54
2674	66.95
2675	21.66
2676	24.63
2677	46.58
2678	35.64
2679	37.7
2680	35.93
2681	22.15
2682	21.34
2683	37.36
2684	37.32
2685	39.85
2686	43.67
2687	42.0
2688	30.54
2689	50.12
2690	32.34
2691	44.81
2692	25.58
2693	40.29
2694	49.41
2695	43.53
2696	43.07
2697	37.0
2698	27.58
2699	47.93
2700	53.34
2701	52.27
2702	37.54
2703	36.55
2704	34.58
2705	62.89
2706	46.8
2707	29.0
2708	36.61
2709	29.51
2710	28.71
2711	41.3
2712	31.06
2713	35.7
2714	27.61
2715	38.05
2716	23.34
2717	37.09
2718	36.18
2719	49.0
2720	47.13
2721	44.7
2722	49.03
2723	51.94
2724	29.54
2725	46.83
2726	21.31
2727	39.37
2728	38.83
2729	25.98
2730	46.09
2731	24.92
2732	25.63
2733	24.01
2734	52.22
2735	40.3
2736	26.79
2737	43.05
2738	20.69
2739	34.67
2740	19.68
2741	37.76
2742	25.49
2743	42.08
2744	23.06
2745	38.6
2746	21.46
2747	30.3
2748	49.75
2749	22.23
2750	29.64
2751	40.1
2752	56.04
2753	34.54
2754	42.7
2755	50.08
2756	30.26
2757	33.02
2758	48.81
2759	50.68
2760	58.62
2761	31.88
2762	42.44
2763	35.99
2764	39.21
2765	50.83
2766	69.64
2767	55.7
2768	37.2
2769	44.99
2770	37.06
2771	54.33
2772	28.74
2773	32.91
2774	35.92
2775	65.49
2776	18.47
2777	32.58
2778	56.8
2779	35.92
2780	40.98
2781	49.37
2782	34.04
2783	28.43
2784	28.66
2785	29.94
2786	38.3
2787	19.34
2788	37.47
2789	41.35
2790	20.36
2791	53.91
2792	38.62
2793	28.88
2794	54.35
2795	44.46
2796	46.9
2797	26.37
2798	31.65
2799	38.9
2800	21.83
2801	30.21
2802	12.82
2803	43.17
2804	57.02
2805	45.55
2806	44.84
2807	38.19
2808	70.75
2809	21.93
2810	27.96
2811	29.01
2812	24.05
2813	36.8
2814	60.69
2815	39.69
2816	16.99
2817	32.77
2818	27.49
2819	28.75
2820	39.45
2821	32.41
2822	45.02
2823	49.32
2824	24.72
2825	35.48
2826	33.18
2827	26.19
2828	21.31
2829	41.22
2830	21.77
2831	19.29
2832	28.29
2833	34.68
2834	16.36
2835	33.83
2836	21.41
2837	19.11
2838	39.76
2839	31.48
2840	38.43
2841	45.68
2842	18.55
2843	54.24
2844	36.33
2845	28.0
2846	40.37
2847	27.9
2848	36.58
2849	43.74
2850	45.78
2851	14.81
2852	26.31
2853	40.18
2854	67.27
2855	6.03
2856	39.2
2857	45.43
2858	49.29
2859	60.47
2860	40.61
2861	59.79
2862	35.05
2863	22.19
2864	24.05
2865	30.81
2866	29.39
2867	41.42
2868	23.77
2869	40.18
2870	40.29
2871	24.49
2872	29.44
2873	25.18
2874	13.11
2875	54.39
2876	17.42
2877	1.73
2878	56.38
2879	37.44
2880	46.85
2881	28.6
2882	47.39
2883	53.56
2884	42.64
2885	34.69
2886	45.01
2887	48.71
2888	39.71
2889	47.21
2890	34.72
2891	31.33
2892	47.25
2893	15.99
2894	18.93
2895	51.4
2896	55.83
2897	15.86
2898	46.41
2899	29.64
2900	29.61
2901	18.25
2902	37.94
2903	63.17
2904	9.86
2905	39.34
2906	32.97
2907	51.5
2908	37.48
2909	22.97
2910	54.06
2911	24.97
2912	57.12
2913	39.92
2914	29.34
2915	28.21
2916	4.71
2917	40.62
2918	37.3
2919	24.84
2920	63.73
2921	27.06
2922	16.08
2923	45.27
2924	39.3
2925	39.92
2926	36.68
2927	20.88
2928	34.55
2929	34.32
2930	41.26
2931	37.91
2932	21.46
2933	44.4
2934	45.19
2935	61.75
2936	21.77
2937	23.61
2938	42.62
2939	30.68
2940	21.31
2941	40.28
2942	43.79
2943	19.93
2944	42.02
2945	54.96
2946	29.84
2947	43.04
2948	48.95
2949	46.73
2950	24.84
2951	48.76
2952	30.57
2953	63.57
2954	29.87
2955	47.61
2956	20.4
2957	12.0
2958	22.93
2959	37.83
2960	48.32
2961	46.86
2962	39.21
2963	38.99
2964	65.93
2965	18.07
2966	51.27
2967	40.66
2968	51.91
2969	29.73
2970	14.92
2971	50.99
2972	31.39
2973	63.94
2974	46.58
2975	25.42
2976	29.79
2977	35.81
2978	27.98
2979	41.08
2980	54.8
2981	34.66
2982	25.77
2983	37.61
2984	32.32
2985	33.64
2986	34.8
2987	5.71
2988	24.74
2989	20.65
2990	35.58
2991	38.04
2992	42.26
2993	34.53
2994	31.11
2995	45.7
2996	38.0
2997	35.14
2998	33.28
2999	12.82
3000	28.86
3001	22.15
3002	36.85
3003	53.93
3004	38.87
3005	22.61
3006	20.86
3007	36.66
3008	36.74
3009	46.74
3010	46.58
3011	46.45
3012	27.13
3013	55.05
3014	80.14
3015	67.42
3016	18.84
3017	7.19
3018	57.59
3019	28.55
3020	48.45
3021	17.31
3022	30.19
3023	10.57
3024	60.98
3025	22.63
3026	50.8
3027	39.1
3028	20.15
3029	26.27
3030	48.04
3031	18.92
3032	39.29
3033	46.82
3034	23.38
3035	21.74
3036	31.76
3037	23.03
3038	25.24
3039	39.2
3040	44.5
3041	27.03
3042	48.03
3043	57.66
3044	19.21
3045	50.21
3046	35.47
3047	30.46
3048	28.81
3049	32.65
3050	31.05
3051	24.62
3052	24.13
3053	54.57
3054	23.83
3055	30.84
3056	59.02
3057	33.04
3058	56.59
3059	17.12
3060	34.54
3061	30.34
3062	41.66
3063	37.89
3064	52.1
3065	45.66
3066	55.68
3067	28.18
3068	48.58
3069	56.65
3070	23.19
3071	37.31
3072	43.87
3073	35.29
3074	52.35
3075	24.47
3076	29.5
3077	26.25
3078	39.74
3079	34.11
3080	59.81
3081	68.72
3082	22.19
3083	43.84
3084	50.76
3085	33.1
3086	28.39
3087	46.08
3088	56.64
3089	47.22
3090	54.69
3091	27.98
3092	38.33
3093	27.19
3094	39.27
3095	52.3
3096	55.62
3097	28.84
3098	60.54
3099	38.13
3100	50.09
3101	32.91
3102	42.68
3103	12.85
3104	52.59
3105	37.63
3106	29.49
3107	40.86
3108	30.03
3109	22.46
3110	56.39
3111	32.15
3112	47.73
3113	47.39
3114	22.07
3115	45.33
3116	35.78
3117	17.38
3118	23.99
3119	9.15
3120	41.37
3121	29.3
3122	25.29
3123	34.06
3124	19.55
3125	42.93
3126	26.39
3127	42.43
3128	39.46
3129	59.16
3130	48.01
3131	19.39
3132	42.57
3133	42.89
3134	26.69
3135	47.03
3136	41.61
3137	53.55
3138	39.36
3139	49.95
3140	29.97
3141	55.94
3142	44.02
3143	14.78
3144	45.25
3145	53.75
3146	39.48
3147	15.89
3148	45.79
3149	34.8
3150	17.25
3151	51.4
3152	60.15
3153	20.4
3154	33.28
3155	39.85
3156	36.19
3157	34.97
3158	57.06
3159	68.68
3160	25.48
3161	32.38
3162	45.81
3163	56.95
3164	9.49
3165	37.91
3166	53.77
3167	29.41
3168	45.11
3169	27.51
3170	13.37
3171	23.06
3172	30.24
3173	47.94
3174	46.57
3175	38.99
3176	36.2
3177	33.6
3178	54.8
3179	34.26
3180	24.6
3181	59.33
3182	41.29
3183	28.4
3184	15.34
3185	46.61
3186	53.52
3187	16.33
3188	24.26
3189	31.57
3190	41.19
3191	4.94
3192	42.57
3193	35.89
3194	47.1
3195	35.01
3196	21.41
3197	41.72
3198	23.86
3199	42.03
3200	41.03
3201	20.98
3202	52.37
3203	40.5
3204	25.3
3205	53.91
3206	36.94
3207	45.43
3208	40.62
3209	33.34
3210	34.44
3211	38.53
3212	69.11
3213	39.86
3214	33.21
3215	39.73
3216	35.74
3217	27.19
3218	24.59
3219	45.26
3220	45.02
3221	35.8
3222	24.52
3223	62.77
3224	31.43
3225	37.82
3226	49.35
3227	27.01
3228	36.85
3229	39.03
3230	26.71
3231	29.7
3232	34.93
3233	23.41
3234	45.7
3235	24.52
3236	43.96
3237	35.88
3238	38.89
3239	22.81
3240	33.65
3241	25.97
3242	36.12
3243	34.7
3244	46.08
3245	42.42
3246	41.7
3247	51.22
3248	14.0
3249	42.43
3250	53.79
3251	36.77
3252	22.55
3253	31.75
3254	29.59
3255	23.22
3256	22.65
3257	60.4
3258	45.09
3259	53.71
3260	51.49
3261	23.54
3262	39.65
3263	27.36
3264	44.27
3265	16.12
3266	62.23
3267	43.74
3268	44.96
3269	50.21
3270	25.67
3271	21.93
3272	15.93
3273	20.09
3274	39.77
3275	31.59
3276	24.16
3277	19.17
3278	50.91
3279	22.15
3280	36.0
3281	58.63
3282	50.74
3283	36.61
3284	67.88
3285	57.39
3286	24.65
3287	36.96
3288	34.71
3289	49.64
3290	19.33
3291	49.57
3292	74.0
3293	32.33
3294	27.83
3295	29.45
3296	43.68
3297	38.18
3298	45.93
3299	36.37
3300	32.69
3301	40.29
3302	40.0
3303	28.69
3304	37.19
3305	46.74
3306	39.27
3307	19.06
3308	41.93
3309	33.12
3310	27.22
3311	46.9
3312	31.79
3313	47.42
3314	33.69
3315	40.44
3316	28.4
3317	24.9
3318	46.16
3319	33.6
3320	47.01
3321	40.57
3322	43.2
3323	49.85
3324	39.79
3325	40.57
3326	39.28
3327	38.78
3328	43.88
3329	21.76
3330	33.42
3331	30.14
3332	26.89
3333	45.19
3334	59.42
3335	27.19
3336	23.19
3337	40.03
3338	55.34
3339	37.17
3340	25.46
3341	35.58
3342	44.21
3343	39.27
3344	26.91
3345	49.36
3346	53.68
3347	50.03
3348	27.5
3349	51.65
3350	51.18
3351	30.29
3352	37.45
3353	15.2
3354	21.56
3355	32.89
3356	29.79
3357	42.62
3358	55.09
3359	27.29
3360	47.48
3361	73.76
3362	19.86
3363	36.01
3364	58.58
3365	28.38
3366	41.96
3367	42.01
3368	70.23
3369	6.95
3370	27.81
3371	39.92
3372	50.27
3373	45.29
3374	31.82
3375	27.7
3376	52.46
3377	35.46
3378	25.59
3379	44.47
3380	53.6
3381	38.46
3382	35.56
3383	40.56
3384	26.12
3385	43.98
3386	57.29
3387	37.33
3388	45.79
3389	45.72
3390	64.4
3391	43.01
3392	29.99
3393	24.61
3394	34.58
3395	38.85
3396	53.91
3397	25.94
3398	33.18
3399	53.78
3400	27.88
3401	53.02
3402	30.29
3403	32.28
3404	30.4
3405	41.97
3406	33.84
3407	50.62
3408	13.67
3409	52.97
3410	40.42
3411	40.5
3412	51.6
3413	27.54
3414	54.3
3415	45.08
3416	51.04
3417	60.34
3418	28.3
3419	44.57
3420	43.52
3421	56.85
3422	21.22
3423	25.69
3424	55.01
3425	29.91
3426	58.51
3427	14.64
3428	43.71
3429	35.08
3430	27.2
3431	39.13
3432	42.98
3433	27.32
3434	29.33
3435	30.52
3436	24.84
3437	27.37
3438	56.8
3439	30.0
3440	24.5
3441	33.17
3442	61.76
3443	60.76
3444	53.19
3445	39.66
3446	37.66
3447	34.83
3448	44.26
3449	29.13
3450	46.43
3451	45.99
3452	42.55
3453	42.76
3454	3.41
3455	35.26
3456	16.94
3457	22.11
3458	45.82
3459	36.18
3460	34.01
3461	23.34
3462	26.06
3463	35.62
3464	41.22
3465	49.2
3466	29.33
3467	10.23
3468	38.07
3469	35.89
3470	41.77
3471	52.72
3472	59.38
3473	48.27
3474	30.76
3475	43.19
3476	25.01
3477	51.22
3478	56.31
3479	37.49
3480	29.75
3481	48.77
3482	41.72
3483	13.93
3484	48.69
3485	38.92
3486	22.81
3487	60.77
3488	32.12
3489	34.08
3490	35.29
3491	42.23
3492	34.7
3493	38.82
3494	38.6
3495	61.72
3496	23.99
3497	38.47
3498	29.86
3499	44.61
3500	28.14
3501	37.92
3502	24.12
3503	24.55
3504	45.44
3505	12.06
3506	50.75
3507	30.34
3508	17.99
3509	44.79
3510	35.71
3511	23.2
3512	53.94
3513	49.25
3514	68.92
3515	0.8
3516	39.39
3517	21.58
3518	29.38
3519	45.95
3520	37.49
3521	45.94
3522	22.7
3523	34.5
3524	41.66
3525	49.24
3526	14.3
3527	49.54
3528	57.65
3529	43.77
3530	56.59
3531	36.24
3532	41.1
3533	29.73
3534	55.62
3535	35.34
3536	31.64
3537	39.38
3538	24.88
3539	58.62
3540	21.66
3541	43.32
3542	42.2
3543	39.16
3544	57.64
3545	42.5
3546	47.37
3547	21.07
3548	42.5
3549	26.67
3550	25.77
3551	54.4
3552	14.43
3553	29.53
3554	18.7
3555	46.37
3556	62.13
3557	37.89
3558	45.01
3559	47.09
3560	40.18
3561	11.91
3562	35.93
3563	39.84
3564	33.65
3565	36.33
3566	58.87
3567	47.47
3568	22.11
3569	36.57
3570	42.6
3571	18.75
3572	42.43
3573	61.69
3574	48.16
3575	21.83
3576	30.85
3577	24.36
3578	56.07
3579	42.07
3580	41.78
3581	56.18
3582	56.45
3583	39.58
3584	42.39
3585	26.6
3586	57.82
3587	54.59
3588	52.93
3589	45.12
3590	23.5
3591	30.36
3592	44.29
3593	38.53
3594	38.18
3595	35.1
3596	39.25
3597	37.75
3598	37.59
3599	34.35
3600	27.57
3601	39.9
3602	29.28
3603	19.99
3604	37.11
3605	31.67
3606	53.58
3607	20.43
3608	59.11
3609	37.78
3610	65.28
3611	42.14
3612	47.49
3613	32.24
3614	57.03
3615	25.31
3616	9.37
3617	19.62
3618	53.21
3619	18.04
3620	37.78
3621	36.98
3622	24.61
3623	11.02
3624	36.77
3625	23.06
3626	52.65
3627	40.73
3628	24.33
3629	39.75
3630	36.63
3631	44.79
3632	37.11
3633	24.41
3634	59.74
3635	50.71
3636	46.65
3637	21.78
3638	33.92
3639	35.58
3640	49.5
3641	22.37
3642	16.4
3643	42.05
3644	30.16
3645	20.83
3646	16.79
3647	34.77
3648	50.07
3649	41.97
3650	30.51
3651	57.98
3652	48.42
3653	30.51
3654	41.48
3655	59.33
3656	49.88
3657	73.03
3658	41.69
3659	49.54
3660	28.94
3661	36.97
3662	50.88
3663	35.85
3664	38.33
3665	34.56
3666	39.82
3667	46.16
3668	57.82
3669	20.75
3670	35.65
3671	12.2
3672	62.68
3673	61.95
3674	26.41
3675	41.89
3676	43.95
3677	40.7
3678	40.94
3679	18.92
3680	25.54
3681	55.73
3682	47.22
3683	49.14
3684	23.62
3685	49.8
3686	29.67
3687	36.52
3688	33.25
3689	24.89
3690	15.79
3691	18.71
3692	30.52
3693	49.48
3694	27.76
3695	46.76
3696	32.95
3697	42.27
3698	34.95
3699	44.55
3700	37.7
3701	25.15
3702	58.37
3703	43.67
3704	27.03
3705	44.69
3706	11.45
3707	28.91
3708	37.41
3709	23.97
3710	46.99
3711	31.34
3712	37.8
3713	36.74
3714	39.34
3715	39.15
3716	22.99
3717	43.38
3718	45.97
3719	33.86
3720	40.65
3721	17.95
3722	64.67
3723	42.12
3724	15.91
3725	24.67
3726	35.51
3727	37.78
3728	39.22
3729	20.8
3730	44.8
3731	44.89
3732	31.05
3733	34.42
3734	39.74
3735	61.38
3736	42.52
3737	34.63
3738	24.43
3739	46.73
3740	24.36
3741	23.31
3742	5.51
3743	19.15
3744	26.49
3745	49.34
3746	35.33
3747	27.0
3748	35.61
3749	30.65
3750	13.79
3751	37.23
3752	41.18
3753	54.37
3754	73.81
3755	38.05
3756	44.28
3757	50.84
3758	38.75
3759	44.86
3760	43.77
3761	35.64
3762	31.15
3763	34.51
3764	37.34
3765	43.8
3766	33.0
3767	43.9
3768	62.74
3769	35.94
3770	36.52
3771	10.7
3772	54.31
3773	40.35
3774	35.52
3775	33.55
3776	26.5
3777	25.73
3778	46.11
3779	37.41
3780	21.69
3781	53.32
3782	59.32
3783	40.7
3784	81.44
3785	30.41
3786	49.02
3787	33.19
3788	41.03
3789	54.67
3790	64.16
3791	10.88
3792	44.6
3793	22.1
3794	61.02
3795	56.66
3796	21.06
3797	59.33
3798	49.81
3799	16.41
3800	21.12
3801	35.08
3802	54.07
3803	49.57
3804	38.14
3805	20.24
3806	18.72
3807	25.62
3808	6.64
3809	47.6
3810	38.0
3811	31.11
3812	41.45
3813	30.51
3814	44.67
3815	40.92
3816	61.51
3817	44.03
3818	27.22
3819	32.19
3820	28.45
3821	26.51
3822	46.22
3823	25.91
3824	55.03
3825	63.3
3826	33.45
3827	51.83
3828	43.56
3829	46.0
3830	15.66
3831	23.13
3832	21.63
3833	38.92
3834	30.24
3835	50.69
3836	24.57
3837	41.96
3838	34.01
3839	31.03
3840	33.82
3841	29.62
3842	57.42
3843	38.56
3844	55.89
3845	22.39
3846	10.65
3847	22.76
3848	32.18
3849	21.5
3850	45.48
3851	40.8
3852	43.41
3853	72.08
3854	34.33
3855	43.3
3856	20.47
3857	38.58
3858	31.66
3859	13.43
3860	41.88
3861	33.2
3862	35.05
3863	60.02
3864	29.93
3865	59.49
3866	36.13
3867	30.77
3868	53.19
3869	43.17
3870	41.05
3871	36.87
3872	36.77
3873	48.65
3874	17.36
3875	23.69
3876	33.45
3877	40.04
3878	14.75
3879	22.86
3880	35.56
3881	42.71
3882	9.7
3883	28.13
3884	28.02
3885	29.39
3886	43.54
3887	41.89
3888	60.27
3889	28.71
3890	16.88
3891	47.19
3892	38.59
3893	30.31
3894	30.73
3895	38.74
3896	64.32
3897	61.49
3898	54.59
3899	9.19
3900	38.98
3901	35.99
3902	3.46
3903	46.31
3904	35.47
3905	63.78
3906	46.55
3907	31.83
3908	44.01
3909	43.18
3910	26.23
3911	21.98
3912	22.78
3913	55.0
3914	38.78
3915	42.44
3916	47.64
3917	40.48
3918	51.58
3919	57.73
3920	34.07
3921	36.93
3922	24.2
3923	49.7
3924	39.91
3925	66.81
3926	35.24
3927	15.05
3928	42.8
3929	33.05
3930	47.54
3931	32.42
3932	36.33
3933	28.69
3934	51.79
3935	30.51
3936	23.23
3937	43.91
3938	56.33
3939	33.72
3940	36.68
3941	47.71
3942	23.9
3943	11.98
3944	42.95
3945	38.69
3946	37.71
3947	11.57
3948	47.43
3949	56.39
3950	48.87
3951	43.86
3952	17.6
3953	38.37
3954	40.7
3955	56.7
3956	53.35
3957	30.21
3958	42.79
3959	46.08
3960	23.45
3961	47.09
3962	29.5
3963	58.77
3964	44.56
3965	28.4
3966	49.1
3967	23.22
3968	44.77
3969	18.14
3970	40.9
3971	29.2
3972	43.66
3973	59.63
3974	14.76
3975	23.51
3976	22.69
3977	34.62
3978	28.88
3979	51.29
3980	37.66
3981	34.06
3982	26.01
3983	30.33
3984	65.09
3985	41.56
3986	29.17
3987	27.85
3988	34.76
3989	66.35
3990	36.73
3991	34.25
3992	16.21
3993	44.19
3994	49.08
3995	43.55
3996	41.79
3997	54.84
3998	36.92
3999	24.09
4000	50.59
4001	35.28
4002	38.96
4003	39.68
4004	52.33
4005	35.87
4006	38.08
4007	51.07
4008	59.42
4009	41.09
4010	41.03
4011	27.42
4012	34.52
4013	28.2
4014	32.86
4015	43.1
4016	16.65
4017	51.08
4018	19.02
4019	34.75
4020	40.05
4021	56.15
4022	12.99
4023	35.15
4024	33.43
4025	43.27
4026	26.73
4027	30.92
4028	27.95
4029	46.81
4030	43.08
4031	46.96
4032	33.15
4033	19.89
4034	57.49
4035	28.87
4036	53.84
4037	42.36
4038	32.06
4039	10.51
4040	27.36
4041	40.14
4042	42.86
4043	29.84
4044	32.88
4045	45.07
4046	30.97
4047	42.44
4048	42.55
4049	7.97
4050	28.15
4051	39.69
4052	53.12
4053	54.72
4054	43.93
4055	40.36
4056	14.56
4057	63.36
4058	25.63
4059	7.59
4060	45.61
4061	30.99
4062	30.87
4063	48.94
4064	54.77
4065	35.8
4066	25.22
4067	19.61
4068	20.58
4069	49.52
4070	40.11
4071	27.52
4072	24.74
4073	61.09
4074	28.33
4075	49.96
4076	56.95
4077	27.48
4078	21.74
4079	34.19
4080	42.23
4081	47.41
4082	31.03
4083	39.47
4084	41.78
4085	49.72
4086	58.3
4087	33.5
4088	40.26
4089	38.12
4090	27.92
4091	57.08
4092	37.23
4093	23.09
4094	35.18
4095	28.92
4096	28.56
4097	32.38
4098	35.15
4099	20.86
4100	63.27
4101	24.9
4102	38.94
4103	47.61
4104	11.33
4105	25.46
4106	57.31
4107	55.35
4108	26.74
4109	30.88
4110	41.47
4111	59.65
4112	40.51
4113	42.74
4114	31.06
4115	51.55
4116	31.58
4117	35.28
4118	10.74
4119	53.4
4120	32.85
4121	37.29
4122	25.79
4123	49.39
4124	43.23
4125	36.03
4126	34.08
4127	41.25
4128	22.76
4129	43.35
4130	23.47
4131	35.52
4132	63.96
4133	40.44
4134	26.43
4135	54.71
4136	23.85
4137	38.59
4138	42.58
4139	27.97
4140	37.48
4141	35.42
4142	36.65
4143	39.63
4144	53.44
4145	44.09
4146	25.13
4147	51.9
4148	67.24
4149	53.6
4150	21.12
4151	28.62
4152	31.83
4153	6.64
4154	54.93
4155	19.47
4156	33.14
4157	35.75
4158	41.43
4159	47.95
4160	28.54
4161	46.42
4162	25.31
4163	20.42
4164	19.53
4165	54.02
4166	35.65
4167	46.3
4168	19.04
4169	37.44
4170	47.77
4171	18.04
4172	41.68
4173	44.76
4174	29.72
4175	19.95
4176	38.68
4177	16.37
4178	51.03
4179	11.15
4180	19.07
4181	59.05
4182	40.89
4183	69.88
4184	23.06
4185	18.78
4186	44.8
4187	46.98
4188	46.83
4189	46.13
4190	55.99
4191	47.11
4192	38.61
4193	28.46
4194	47.65
4195	36.58
4196	39.89
4197	32.93
4198	45.35
4199	52.33
4200	53.24
4201	41.51
4202	55.21
4203	25.73
4204	22.56
4205	43.68
4206	57.08
4207	50.46
4208	42.93
4209	30.73
4210	22.66
4211	57.21
4212	74.5
4213	46.16
4214	41.07
4215	39.47
4216	34.69
4217	38.0
4218	54.28
4219	31.69
4220	31.91
4221	24.58
4222	42.22
4223	30.38
4224	22.87
4225	40.65
4226	31.8
4227	18.79
4228	32.52
4229	7.53
4230	38.66
4231	29.45
4232	33.97
4233	48.8
4234	25.19
4235	58.41
4236	32.52
4237	58.78
4238	44.01
4239	54.3
4240	24.09
4241	18.57
4242	31.62
4243	40.87
4244	26.26
4245	71.59
4246	42.11
4247	15.53
4248	26.26
4249	25.77
4250	41.81
4251	45.01
4252	14.06
4253	31.96
4254	35.07
4255	71.0
4256	46.81
4257	27.79
4258	21.44
4259	22.48
4260	38.62
4261	68.35
4262	52.42
4263	45.83
4264	38.77
4265	57.36
4266	27.51
4267	45.71
4268	55.16
4269	5.06
4270	25.15
4271	39.36
4272	40.07
4273	24.22
4274	26.05
4275	33.29
4276	35.51
4277	45.89
4278	45.11
4279	50.43
4280	60.74
4281	46.33
4282	43.58
4283	43.16
4284	28.19
4285	49.97
4286	20.15
4287	23.45
4288	41.09
4289	54.46
4290	24.31
4291	20.33
4292	36.68
4293	47.58
4294	30.58
4295	53.56
4296	46.38
4297	46.3
4298	25.33
4299	44.21
4300	25.06
4301	55.28
4302	53.53
4303	24.37
4304	31.03
4305	40.46
4306	37.03
4307	41.57
4308	45.37
4309	34.83
4310	26.57
4311	59.4
4312	40.86
4313	25.0
4314	33.47
4315	52.85
4316	35.56
4317	36.81
4318	51.04
4319	37.83
4320	56.66
4321	37.2
4322	46.29
4323	48.5
4324	44.31
4325	28.45
4326	49.32
4327	44.71
4328	38.05
4329	21.69
4330	56.68
4331	21.64
4332	50.04
4333	41.47
4334	51.01
4335	26.61
4336	19.71
4337	48.16
4338	55.4
4339	47.37
4340	61.36
4341	39.65
4342	39.75
4343	74.24
4344	16.71
4345	28.17
4346	40.97
4347	29.48
4348	22.45
4349	42.49
4350	40.23
4351	43.69
4352	34.15
4353	24.57
4354	47.48
4355	22.11
4356	27.09
4357	24.9
4358	45.92
4359	46.5
4360	37.16
4361	27.46
4362	18.05
4363	40.4
4364	38.33
4365	32.21
4366	11.87
4367	33.11
4368	26.46
4369	26.98
4370	30.54
4371	34.67
4372	20.07
4373	46.21
4374	23.54
4375	67.91
4376	28.08
4377	36.14
4378	48.7
4379	31.91
4380	33.86
4381	31.29
4382	32.11
4383	33.45
4384	34.91
4385	31.89
4386	40.19
4387	20.46
4388	49.18
4389	41.34
4390	30.36
4391	14.77
4392	44.67
4393	32.2
4394	32.87
4395	41.3
4396	29.97
4397	50.38
4398	36.42
4399	44.31
4400	28.87
4401	26.82
4402	21.48
4403	36.85
4404	53.85
4405	24.32
4406	18.59
4407	35.42
4408	47.98
4409	27.47
4410	26.05
4411	28.91
4412	51.72
4413	26.75
4414	37.96
4415	50.4
4416	34.16
4417	34.83
4418	32.03
4419	48.82
4420	20.51
4421	54.62
4422	14.01
4423	43.04
4424	62.53
4425	45.53
4426	34.15
4427	45.75
4428	35.28
4429	51.51
4430	39.48
4431	45.51
4432	29.77
4433	40.83
4434	46.91
4435	48.81
4436	46.08
4437	37.31
4438	36.67
4439	25.9
4440	32.9
4441	33.33
4442	34.1
4443	31.14
4444	45.18
4445	40.41
4446	41.52
4447	35.51
4448	63.14
4449	33.3
4450	31.4
4451	36.98
4452	31.81
4453	42.87
4454	24.1
4455	36.4
4456	47.97
4457	26.43
4458	37.81
4459	45.8
4460	39.42
4461	23.61
4462	31.36
4463	10.79
4464	16.24
4465	37.76
4466	18.01
4467	37.31
4468	22.14
4469	19.88
4470	38.96
4471	31.37
4472	24.83
4473	46.67
4474	48.49
4475	41.66
4476	32.03
4477	26.42
4478	36.37
4479	57.95
4480	56.72
4481	46.93
4482	40.84
4483	50.05
4484	23.56
4485	34.01
4486	44.7
4487	35.18
4488	37.6
4489	42.11
4490	44.25
4491	71.97
4492	39.34
4493	19.68
4494	27.2
4495	53.32
4496	42.67
4497	22.51
4498	43.95
4499	49.11
4500	45.86
4501	43.91
4502	37.42
4503	44.08
4504	55.82
4505	42.07
4506	39.28
4507	39.84
4508	38.55
4509	19.98
4510	32.57
4511	28.49
4512	45.4
4513	41.62
4514	21.14
4515	33.59
4516	6.8
4517	22.1
4518	41.19
4519	41.7
4520	55.93
4521	37.03
4522	49.3
4523	44.59
4524	50.64
4525	28.44
4526	14.14
4527	53.99
4528	40.42
4529	39.01
4530	35.33
4531	38.77
4532	47.84
4533	60.22
4534	33.39
4535	22.39
4536	21.3
4537	17.51
4538	25.11
4539	57.81
4540	37.6
4541	40.18
4542	70.25
4543	34.48
4544	48.21
4545	10.89
4546	36.29
4547	34.0
4548	0.45
4549	39.11
4550	20.29
4551	42.89
4552	8.84
4553	45.35
4554	15.52
4555	9.82
4556	46.4
4557	17.06
4558	24.37
4559	39.95
4560	33.67
4561	20.66
4562	23.61
4563	54.24
4564	23.93
4565	48.73
4566	61.21
4567	33.58
4568	67.01
4569	26.92
4570	14.64
4571	42.84
4572	29.6
4573	6.75
4574	13.83
4575	33.93
4576	45.69
4577	38.93
4578	37.95
4579	79.45
4580	37.27
4581	31.63
4582	63.33
4583	30.8
4584	36.27
4585	49.12
4586	26.39
4587	32.44
4588	25.91
4589	23.16
4590	52.29
4591	40.3
4592	31.39
4593	30.98
4594	31.21
4595	44.14
4596	40.25
4597	41.98
4598	64.63
4599	36.41
4600	14.57
4601	26.77
4602	36.31
4603	38.44
4604	33.49
4605	54.79
4606	12.88
4607	32.03
4608	42.6
4609	56.49
4610	52.73
4611	45.32
4612	34.98
4613	48.17
4614	44.74
4615	40.45
4616	32.97
4617	23.86
4618	57.21
4619	2.32
4620	39.96
4621	63.98
4622	39.04
4623	42.17
4624	38.41
4625	49.73
4626	47.04
4627	24.56
4628	17.83
4629	65.27
4630	36.59
4631	14.91
4632	40.57
4633	30.71
4634	29.12
4635	39.1
4636	40.21
4637	45.28
4638	35.15
4639	24.74
4640	31.8
4641	36.93
4642	25.48
4643	16.77
4644	23.4
4645	25.18
4646	40.7
4647	14.96
4648	21.69
4649	55.33
4650	31.81
4651	36.07
4652	45.64
4653	42.5
4654	46.76
4655	10.15
4656	27.97
4657	50.51
4658	52.04
4659	53.49
4660	38.62
4661	22.79
4662	41.27
4663	11.0
4664	48.52
4665	37.71
4666	29.5
4667	23.61
4668	69.85
4669	45.81
4670	66.1
4671	40.48
4672	39.98
4673	49.36
4674	43.3
4675	29.69
4676	39.43
4677	49.01
4678	37.08
4679	23.76
4680	33.61
4681	40.65
4682	35.62
4683	27.22
4684	17.23
4685	49.87
4686	32.47
4687	27.08
4688	51.5
4689	62.65
4690	50.38
4691	45.61
4692	41.67
4693	12.9
4694	44.74
4695	36.83
4696	36.26
4697	57.37
4698	31.92
4699	36.98
4700	44.49
4701	44.07
4702	30.59
4703	43.52
4704	34.15
4705	22.88
4706	41.34
4707	52.74
4708	35.62
4709	59.62
4710	58.41
4711	19.01
4712	47.26
4713	25.37
4714	42.41
4715	38.57
4716	34.47
4717	31.88
4718	55.52
4719	53.11
4720	9.52
4721	49.37
4722	24.67
4723	50.71
4724	52.33
4725	36.07
4726	47.88
4727	49.54
4728	33.13
4729	28.64
4730	40.26
4731	49.63
4732	50.57
4733	55.05
4734	36.0
4735	25.55
4736	56.14
4737	37.93
4738	25.53
4739	44.87
4740	35.03
4741	52.41
4742	54.36
4743	11.53
4744	24.57
4745	39.06
4746	49.49
4747	36.98
4748	23.31
4749	18.77
4750	37.68
4751	51.32
4752	43.62
4753	43.55
4754	26.91
4755	45.55
4756	40.26
4757	36.46
4758	38.1
4759	29.55
4760	37.82
4761	46.54
4762	30.46
4763	40.91
4764	30.82
4765	46.26
4766	35.13
4767	23.82
4768	25.01
4769	33.09
4770	35.56
4771	47.09
4772	46.18
4773	23.03
4774	15.14
4775	26.53
4776	50.26
4777	33.53
4778	29.15
4779	47.74
4780	33.45
4781	34.53
4782	68.35
4783	63.0
4784	36.82
4785	30.17
4786	40.7
4787	40.32
4788	48.6
4789	34.47
4790	40.34
4791	52.33
4792	39.21
4793	26.82
4794	34.25
4795	51.34
4796	37.05
4797	22.56
4798	37.17
4799	28.04
4800	55.4
4801	37.53
4802	26.25
4803	43.78
4804	28.33
4805	42.3
4806	45.56
4807	30.37
4808	24.91
4809	28.81
4810	7.11
4811	55.63
4812	27.33
4813	47.18
4814	53.86
4815	39.21
4816	55.15
4817	29.27
4818	29.67
4819	37.7
4820	11.33
4821	55.07
4822	46.53
4823	42.91
4824	51.21
4825	37.76
4826	61.22
4827	41.77
4828	48.41
4829	46.97
4830	57.46
4831	58.28
4832	40.42
4833	58.43
4834	33.12
4835	37.75
4836	36.99
4837	39.99
4838	42.12
4839	34.22
4840	34.79
4841	27.46
4842	38.63
4843	49.82
4844	47.8
4845	15.97
4846	5.3
4847	37.4
4848	54.25
4849	57.94
4850	49.1
4851	44.34
4852	15.47
4853	36.11
4854	52.94
4855	28.1
4856	56.04
4857	40.78
4858	6.24
4859	54.77
4860	30.07
4861	52.86
4862	50.75
4863	39.07
4864	25.22
4865	49.5
4866	52.3
4867	53.18
4868	6.24
4869	31.79
4870	37.86
4871	32.84
4872	48.06
4873	26.47
4874	60.92
4875	45.28
4876	41.7
4877	43.82
4878	54.22
4879	12.53
4880	51.52
4881	27.07
4882	22.31
4883	34.26
4884	15.84
4885	32.25
4886	49.15
4887	40.65
4888	25.48
4889	62.04
4890	45.04
4891	35.22
4892	50.57
4893	56.1
4894	44.91
4895	64.83
4896	43.76
4897	44.57
4898	40.45
4899	29.15
4900	16.95
4901	40.69
4902	37.44
4903	20.77
4904	39.27
4905	31.77
4906	37.04
4907	32.2
4908	46.24
4909	50.91
4910	25.57
4911	33.08
4912	28.58
4913	37.96
4914	59.71
4915	37.04
4916	29.96
4917	42.4
4918	52.47
4919	37.75
4920	36.04
4921	40.38
4922	47.75
4923	39.97
4924	57.43
4925	35.54
4926	34.86
4927	39.29
4928	16.74
4929	48.05
4930	11.7
4931	45.06
4932	57.23
4933	28.07
4934	25.11
4935	27.72
4936	57.69
4937	39.73
4938	30.86
4939	21.28
4940	55.1
4941	30.88
4942	20.9
4943	49.89
4944	19.51
4945	26.38
4946	32.34
4947	47.68
4948	39.3
4949	46.68
4950	39.2
4951	65.82
4952	28.69
4953	24.32
4954	19.6
4955	17.11
4956	15.58
4957	14.02
4958	32.96
4959	26.3
4960	40.47
4961	37.54
4962	31.65
4963	34.45
4964	52.98
4965	34.63
4966	56.73
4967	50.6
4968	50.7
4969	33.77
4970	32.22
4971	31.05
4972	33.12
4973	45.6
4974	19.67
4975	33.86
4976	25.91
4977	33.82
4978	44.91
4979	56.25
4980	31.88
4981	44.07
4982	44.39
4983	56.09
4984	35.17
4985	13.32
4986	28.18
4987	41.89
4988	24.2
4989	46.95
4990	20.25
4991	61.63
4992	62.81
4993	18.42
4994	41.02
4995	12.3
4996	38.75
4997	11.98
4998	33.51
4999	47.82
5000	48.89
5001	28.16
5002	34.51
5003	37.03
5004	50.63
5005	24.66
5006	31.77
5007	26.71
5008	40.95
5009	18.33
5010	31.35
5011	51.15
5012	38.41
5013	14.85
5014	44.24
5015	21.42
5016	33.04
5017	25.46
5018	70.48
5019	33.06
5020	4.59
5021	28.43
5022	39.78
5023	48.31
5024	23.5
5025	23.7
5026	17.87
5027	48.4
5028	66.26
5029	44.62
5030	52.55
5031	33.62
5032	22.94
5033	52.35
5034	25.23
5035	37.81
5036	44.97
5037	42.67
5038	56.15
5039	73.35
5040	27.18
5041	38.23
5042	25.65
5043	38.71
5044	62.43
5045	41.26
5046	21.63
5047	52.15
5048	26.37
5049	46.53
5050	32.68
5051	15.8
5052	30.78
5053	9.35
5054	42.9
5055	14.73
5056	39.53
5057	37.23
5058	29.73
5059	26.48
5060	41.54
5061	29.32
5062	55.76
5063	52.89
5064	49.67
5065	25.41
5066	37.59
5067	26.51
5068	26.82
5069	12.94
5070	52.95
5071	23.91
5072	25.38
5073	36.78
5074	27.78
5075	43.21
5076	48.58
5077	49.46
5078	63.38
5079	44.71
5080	22.49
5081	60.28
5082	35.13
5083	42.72
5084	28.85
5085	29.48
5086	26.1
5087	51.03
5088	23.19
5089	37.91
5090	16.94
5091	36.19
5092	51.5
5093	42.81
5094	43.93
5095	49.22
5096	45.45
5097	30.07
5098	13.31
5099	26.72
5100	49.91
5101	30.76
5102	11.17
5103	30.49
5104	63.02
5105	39.03
5106	49.98
5107	35.56
5108	50.21
5109	43.38
5110	61.71
5111	46.52
5112	42.39
5113	45.42
5114	13.78
5115	41.52
5116	28.14
5117	40.56
5118	53.14
5119	31.98
5120	36.56
5121	30.66
5122	49.48
5123	53.46
5124	22.39
5125	33.69
5126	42.38
5127	39.35
5128	40.39
5129	44.93
5130	44.67
5131	42.16
5132	67.11
5133	47.09
5134	34.05
5135	40.23
5136	25.23
5137	42.74
5138	36.32
5139	33.35
5140	59.11
5141	19.03
5142	32.07
5143	60.8
5144	40.51
5145	43.58
5146	30.94
5147	34.41
5148	4.29
5149	27.96
5150	29.42
5151	27.74
5152	36.41
5153	43.45
5154	24.4
5155	36.18
5156	40.3
5157	54.92
5158	26.06
5159	45.1
5160	37.26
5161	22.34
5162	28.24
5163	31.91
5164	57.48
5165	39.86
5166	44.78
5167	48.26
5168	82.19
5169	20.73
5170	28.6
5171	23.65
5172	40.0
5173	27.4
5174	46.29
5175	37.9
5176	50.32
5177	50.78
5178	63.52
5179	45.57
5180	47.21
5181	8.98
5182	44.29
5183	41.59
5184	41.13
5185	30.72
5186	27.12
5187	35.96
5188	32.09
5189	31.64
5190	44.72
5191	42.51
5192	20.32
5193	46.95
5194	21.83
5195	8.26
5196	30.68
5197	31.66
5198	17.1
5199	42.49
5200	33.8
5201	49.83
5202	18.33
5203	23.65
5204	7.06
5205	32.77
5206	41.05
5207	49.78
5208	41.48
5209	50.93
5210	46.46
5211	76.7
5212	27.95
5213	51.47
5214	40.9
5215	22.32
5216	50.15
5217	48.12
5218	61.86
5219	36.98
5220	32.04
5221	47.93
5222	52.4
5223	36.07
5224	21.98
5225	27.28
5226	39.42
5227	53.97
5228	36.56
5229	15.46
5230	24.13
5231	30.45
5232	35.4
5233	34.36
5234	56.89
5235	27.63
5236	68.94
5237	34.12
5238	46.99
5239	35.36
5240	26.63
5241	39.95
5242	31.58
5243	41.76
5244	45.91
5245	23.56
5246	37.43
5247	24.25
5248	43.69
5249	42.04
5250	39.13
5251	37.78
5252	29.84
5253	20.36
5254	52.35
5255	38.0
5256	27.25
5257	26.65
5258	49.91
5259	46.76
5260	39.35
5261	28.0
5262	66.27
5263	41.79
5264	36.4
5265	66.4
5266	28.22
5267	36.79
5268	54.24
5269	13.97
5270	26.84
5271	32.32
5272	69.55
5273	31.63
5274	34.19
5275	55.58
5276	18.45
5277	39.34
5278	52.94
5279	59.06
5280	36.38
5281	53.31
5282	50.18
5283	22.94
5284	4.54
5285	52.97
5286	29.74
5287	27.78
5288	28.02
5289	44.53
5290	27.99
5291	42.54
5292	69.0
5293	56.83
5294	35.07
5295	50.03
5296	33.55
5297	76.31
5298	38.94
5299	37.37
5300	49.43
5301	32.14
5302	9.96
5303	16.34
5304	52.4
5305	42.66
5306	50.88
5307	44.87
5308	43.08
5309	14.85
5310	20.09
5311	30.61
5312	32.87
5313	7.4
5314	34.75
5315	54.47
5316	29.61
5317	43.85
5318	27.33
5319	25.89
5320	54.77
5321	51.01
5322	35.48
5323	39.27
5324	38.67
5325	23.47
5326	35.02
5327	48.95
5328	23.79
5329	35.94
5330	16.94
5331	21.01
5332	43.55
5333	38.73
5334	36.22
5335	43.71
5336	14.94
5337	29.18
5338	27.93
5339	28.17
5340	41.89
5341	39.53
5342	48.31
5343	29.63
5344	41.4
5345	25.88
5346	45.9
5347	41.74
5348	41.33
5349	30.09
5350	56.51
5351	43.71
5352	29.76
5353	33.21
5354	22.92
5355	40.92
5356	32.79
5357	43.45
5358	46.6
5359	37.84
5360	37.63
5361	44.08
5362	43.47
5363	32.21
5364	15.75
5365	35.72
5366	44.19
5367	35.34
5368	45.85
5369	42.88
5370	38.95
5371	27.39
5372	48.93
5373	41.16
5374	37.24
5375	2.62
5376	45.9
5377	36.43
5378	22.44
5379	40.54
5380	29.04
5381	50.97
5382	48.72
5383	37.82
5384	36.06
5385	52.5
5386	45.17
5387	25.07
5388	16.77
5389	39.84
5390	32.87
5391	42.39
5392	49.51
5393	58.48
5394	52.8
5395	50.46
5396	28.72
5397	38.72
5398	49.36
5399	27.7
5400	23.96
5401	23.15
5402	30.98
5403	33.48
5404	23.06
5405	45.24
5406	39.98
5407	44.73
5408	12.43
5409	66.75
5410	33.38
5411	31.37
5412	61.53
5413	30.49
5414	49.59
5415	35.75
5416	18.25
5417	15.97
5418	36.35
5419	14.85
5420	39.87
5421	38.18
5422	52.09
5423	43.48
5424	55.24
5425	41.28
5426	19.09
5427	38.09
5428	53.16
5429	52.8
5430	26.57
5431	50.6
5432	42.78
5433	27.22
5434	29.0
5435	58.99
5436	25.72
5437	53.57
5438	22.03
5439	32.73
5440	19.6
5441	56.62
5442	47.56
5443	53.24
5444	35.96
5445	21.16
5446	35.78
5447	13.25
5448	18.71
5449	38.64
5450	37.43
5451	58.51
5452	66.51
5453	26.71
5454	48.54
5455	26.24
5456	17.19
5457	62.88
5458	42.55
5459	35.82
5460	27.34
5461	30.69
5462	34.83
5463	37.04
5464	40.3
5465	47.82
5466	35.52
5467	50.69
5468	48.14
5469	48.84
5470	26.67
5471	1.68
5472	12.66
5473	56.93
5474	32.12
5475	18.8
5476	53.42
5477	25.78
5478	25.19
5479	47.13
5480	39.98
5481	61.06
5482	80.19
5483	49.18
5484	34.11
5485	23.59
5486	43.8
5487	34.19
5488	52.72
5489	23.68
5490	24.33
5491	46.26
5492	36.98
5493	47.47
5494	46.0
5495	33.94
5496	41.17
5497	66.94
5498	58.36
5499	51.35
5500	56.42
5501	19.11
5502	36.08
5503	20.52
5504	35.29
5505	22.42
5506	22.47
5507	46.92
5508	38.73
5509	42.22
5510	47.88
5511	32.61
5512	55.38
5513	44.16
5514	20.3
5515	36.26
5516	40.68
5517	41.54
5518	24.26
5519	23.79
5520	51.91
5521	50.62
5522	39.62
5523	37.33
5524	28.42
5525	25.68
5526	55.97
5527	21.15
5528	11.44
5529	42.18
5530	22.59
5531	38.38
5532	37.53
5533	56.38
5534	38.03
5535	29.82
5536	46.82
5537	33.49
5538	55.38
5539	50.14
5540	35.81
5541	47.19
5542	46.36
5543	45.24
5544	26.19
5545	16.38
5546	30.03
5547	52.05
5548	41.8
5549	46.47
5550	53.07
5551	57.4
5552	45.85
5553	44.84
5554	38.91
5555	48.26
5556	23.78
5557	48.52
5558	27.0
5559	20.43
5560	14.98
5561	46.72
5562	37.17
5563	52.63
5564	22.54
5565	31.12
5566	56.23
5567	37.26
5568	58.55
5569	41.09
5570	38.9
5571	29.23
5572	50.48
5573	30.0
5574	44.95
5575	21.93
5576	64.27
5577	40.47
5578	43.75
5579	14.89
5580	12.36
5581	69.29
5582	30.75
5583	51.98
5584	26.24
5585	16.9
5586	30.13
5587	31.28
5588	47.1
5589	32.14
5590	19.0
5591	36.14
5592	13.82
5593	66.43
5594	26.05
5595	27.38
5596	48.87
5597	24.05
5598	55.22
5599	31.92
5600	30.15
5601	33.0
5602	42.21
5603	44.29
5604	42.87
5605	40.12
5606	52.75
5607	26.38
5608	38.57
5609	12.54
5610	26.89
5611	30.43
5612	31.89
5613	24.58
5614	59.08
5615	28.68
5616	15.11
5617	33.31
5618	12.81
5619	42.04
5620	55.94
5621	51.32
5622	26.14
5623	51.21
5624	47.16
5625	15.76
5626	34.85
5627	85.69
5628	59.57
5629	52.26
5630	44.49
5631	45.84
5632	38.63
5633	46.67
5634	11.33
5635	29.56
5636	57.37
5637	65.65
5638	33.59
5639	51.92
5640	42.85
5641	32.7
5642	35.95
5643	29.83
5644	24.21
5645	30.85
5646	43.3
5647	35.62
5648	50.03
5649	33.95
5650	50.78
5651	7.83
5652	28.95
5653	31.14
5654	39.18
5655	42.91
5656	41.76
5657	45.08
5658	63.22
5659	50.0
5660	61.85
5661	45.73
5662	44.2
5663	49.61
5664	43.2
5665	65.34
5666	58.74
5667	30.87
5668	21.28
5669	22.29
5670	34.92
5671	51.82
5672	21.33
5673	39.38
5674	39.6
5675	42.83
5676	34.58
5677	25.77
5678	36.0
5679	66.38
5680	27.89
5681	26.65
5682	29.56
5683	36.42
5684	31.53
5685	40.56
5686	27.58
5687	28.42
5688	48.03
5689	36.32
5690	5.8
5691	5.94
5692	24.64
5693	21.83
5694	19.41
5695	41.66
5696	21.38
5697	56.81
5698	47.79
5699	35.11
5700	47.75
5701	32.14
5702	48.78
5703	33.12
5704	56.34
5705	52.0
5706	36.72
5707	67.39
5708	43.16
5709	41.15
5710	36.27
5711	31.06
5712	40.1
5713	43.54
5714	37.44
5715	28.65
5716	37.76
5717	40.18
5718	39.88
5719	20.94
5720	11.65
5721	17.82
5722	21.85
5723	51.73
5724	36.94
5725	23.49
5726	39.51
5727	43.58
5728	59.26
5729	12.4
5730	23.08
5731	42.5
5732	16.45
5733	3.04
5734	52.58
5735	57.41
5736	27.35
5737	40.68
5738	40.51
5739	55.61
5740	47.07
5741	36.74
5742	44.9
5743	35.84
5744	51.71
5745	45.71
5746	21.99
5747	50.59
5748	34.32
5749	21.41
5750	53.45
5751	48.33
5752	63.23
5753	32.36
5754	28.5
5755	36.14
5756	49.63
5757	47.1
5758	47.04
5759	12.67
5760	37.97
5761	44.34
5762	43.24
5763	34.59
5764	37.16
5765	16.88
5766	34.66
5767	44.54
5768	39.62
5769	42.92
5770	28.26
5771	46.44
5772	31.17
5773	63.34
5774	56.45
5775	52.64
5776	27.42
5777	13.92
5778	28.18
5779	57.12
5780	36.39
5781	46.6
5782	34.85
5783	37.84
5784	22.0
5785	28.94
5786	23.42
5787	28.17
5788	30.62
5789	48.21
5790	64.39
5791	36.74
5792	51.35
5793	31.75
5794	47.82
5795	27.79
5796	39.22
5797	47.51
5798	47.11
5799	39.61
5800	31.25
5801	55.54
5802	32.08
5803	44.58
5804	50.2
5805	37.96
5806	34.91
5807	22.85
5808	43.6
5809	24.52
5810	43.64
5811	28.14
5812	40.53
5813	47.9
5814	72.06
5815	48.93
5816	16.75
5817	17.5
5818	32.3
5819	17.74
5820	26.05
5821	23.33
5822	38.78
5823	33.4
5824	47.32
5825	59.82
5826	53.01
5827	52.97
5828	50.86
5829	37.67
5830	28.45
5831	33.37
5832	22.68
5833	16.12
5834	28.08
5835	35.79
5836	27.97
5837	7.73
5838	16.67
5839	44.51
5840	46.62
5841	22.11
5842	30.77
5843	57.83
5844	46.93
5845	17.69
5846	36.18
5847	21.7
5848	44.52
5849	25.54
5850	38.88
5851	37.71
5852	50.75
5853	45.07
5854	39.22
5855	50.59
5856	31.43
5857	44.4
5858	29.64
5859	22.53
5860	29.81
5861	39.8
5862	46.86
5863	37.54
5864	33.94
5865	25.53
5866	36.05
5867	37.85
5868	54.49
5869	7.85
5870	46.93
5871	30.1
5872	41.3
5873	44.47
5874	24.49
5875	33.62
5876	31.87
5877	38.18
5878	33.32
5879	36.7
5880	35.84
5881	29.75
5882	36.75
5883	36.18
5884	48.01
5885	25.31
5886	49.01
5887	17.26
5888	48.89
5889	42.59
5890	45.13
5891	40.63
5892	39.28
5893	32.76
5894	47.03
5895	71.19
5896	27.45
5897	39.1
5898	46.87
5899	47.63
5900	28.83
5901	42.19
5902	35.97
5903	39.77
5904	45.39
5905	23.26
5906	50.23
5907	39.13
5908	43.49
5909	38.37
5910	38.56
5911	46.5
5912	46.6
5913	19.98
5914	23.61
5915	25.62
5916	60.52
5917	42.82
5918	34.02
5919	37.91
5920	23.67
5921	35.71
5922	63.72
5923	41.85
5924	37.38
5925	30.02
5926	36.0
5927	36.76
5928	13.74
5929	5.37
5930	39.07
5931	33.43
5932	28.34
5933	27.08
5934	30.49
5935	41.16
5936	30.29
5937	47.5
5938	27.16
5939	43.96
5940	47.45
5941	28.36
5942	32.96
5943	9.72
5944	45.63
5945	30.62
5946	41.92
5947	16.73
5948	22.46
5949	28.89
5950	59.75
5951	46.03
5952	33.61
5953	44.53
5954	28.05
5955	51.03
5956	55.08
5957	29.82
5958	41.68
5959	62.62
5960	56.35
5961	30.11
5962	29.63
5963	40.14
5964	42.2
5965	49.8
5966	33.39
5967	46.57
5968	33.63
5969	50.78
5970	40.08
5971	39.32
5972	15.06
5973	37.44
5974	31.67
5975	40.7
5976	32.93
5977	34.8
5978	23.53
5979	56.35
5980	52.63
5981	16.92
5982	25.79
5983	48.98
5984	3.21
5985	38.5
5986	39.39
5987	55.26
5988	31.2
5989	39.75
5990	35.53
5991	39.69
5992	51.26
5993	52.33
5994	54.04
5995	37.76
5996	29.53
5997	42.03
5998	26.82
5999	48.38
6000	59.09
6001	52.77
6002	40.68
6003	44.12
6004	16.72
6005	52.55
6006	37.62
6007	45.25
6008	22.59
6009	15.05
6010	41.59
6011	38.61
6012	35.98
6013	37.83
6014	12.11
6015	43.72
6016	12.4
6017	32.25
6018	43.67
6019	40.82
6020	27.64
6021	36.58
6022	35.53
6023	32.44
6024	21.3
6025	44.17
6026	45.03
6027	40.57
6028	23.03
6029	58.78
6030	54.57
6031	33.69
6032	35.99
6033	31.71
6034	29.97
6035	11.8
6036	6.83
6037	57.74
6038	39.94
6039	34.5
6040	21.47
6041	55.44
6042	36.96
6043	19.34
6044	26.87
6045	46.84
6046	38.98
6047	16.85
6048	48.93
6049	53.81
6050	33.26
6051	21.59
6052	45.51
6053	35.49
6054	39.34
6055	10.33
6056	30.68
6057	39.4
6058	44.22
6059	48.96
6060	51.93
6061	38.28
6062	44.66
6063	21.58
6064	37.73
6065	23.85
6066	22.87
6067	40.37
6068	37.09
6069	62.97
6070	44.02
6071	50.33
6072	42.59
6073	47.24
6074	34.07
6075	7.86
6076	13.97
6077	43.09
6078	62.18
6079	26.85
6080	22.1
6081	11.48
6082	50.19
6083	47.35
6084	33.84
6085	40.11
6086	16.89
6087	19.49
6088	46.44
6089	23.45
6090	54.96
6091	61.97
6092	49.85
6093	34.67
6094	31.87
6095	44.56
6096	32.33
6097	35.14
6098	43.78
6099	39.75
6100	37.79
6101	29.75
6102	39.7
6103	41.11
6104	20.72
6105	34.61
6106	16.01
6107	31.41
6108	50.1
6109	8.18
6110	60.27
6111	28.92
6112	46.47
6113	38.06
6114	56.25
6115	22.93
6116	42.86
6117	41.4
6118	67.95
6119	41.13
6120	37.55
6121	28.42
6122	28.31
6123	35.19
6124	51.22
6125	19.61
6126	44.85
6127	27.74
6128	26.39
6129	43.38
6130	32.2
6131	37.92
6132	34.12
6133	35.68
6134	19.41
6135	28.54
6136	16.13
6137	42.26
6138	28.57
6139	51.09
6140	21.59
6141	46.47
6142	40.58
6143	62.62
6144	41.63
6145	32.17
6146	16.79
6147	10.93
6148	52.79
6149	29.21
6150	36.16
6151	38.62
6152	48.27
6153	7.45
6154	36.47
6155	16.61
6156	32.99
6157	31.67
6158	47.5
6159	68.61
6160	38.0
6161	47.05
6162	35.06
6163	38.23
6164	24.74
6165	25.48
6166	38.9
6167	50.46
6168	25.44
6169	26.28
6170	24.91
6171	39.31
6172	61.58
6173	41.72
6174	44.42
6175	41.17
6176	53.13
6177	43.28
6178	48.32
6179	20.84
6180	19.78
6181	37.88
6182	40.73
6183	16.51
6184	40.37
6185	39.61
6186	36.83
6187	31.67
6188	44.43
6189	46.06
6190	24.8
6191	32.37
6192	26.95
6193	29.03
6194	42.03
6195	61.1
6196	24.41
6197	41.98
6198	24.08
6199	49.96
6200	38.76
6201	47.5
6202	38.01
6203	40.49
6204	38.92
6205	25.78
6206	39.23
6207	28.24
6208	34.44
6209	19.97
6210	38.11
6211	20.65
6212	23.65
6213	39.79
6214	26.18
6215	56.99
6216	23.02
6217	28.1
6218	42.23
6219	58.36
6220	27.0
6221	26.92
6222	63.71
6223	51.37
6224	27.97
6225	54.29
6226	59.39
6227	28.44
6228	45.96
6229	49.37
6230	26.35
6231	28.68
6232	25.27
6233	41.7
6234	18.81
6235	39.77
6236	52.65
6237	51.43
6238	26.5
6239	29.84
6240	54.14
6241	32.86
6242	45.76
6243	39.65
6244	49.78
6245	5.16
6246	14.24
6247	36.68
6248	25.03
6249	51.79
6250	38.27
6251	19.61
6252	43.29
6253	35.4
6254	34.9
6255	37.5
6256	40.14
6257	49.83
6258	50.63
6259	30.83
6260	30.29
6261	48.31
6262	39.32
6263	34.66
6264	35.16
6265	60.13
6266	40.16
6267	67.83
6268	30.79
6269	51.24
6270	17.71
6271	17.34
6272	39.36
6273	57.18
6274	45.99
6275	50.37
6276	46.92
6277	37.4
6278	35.91
6279	24.32
6280	18.69
6281	26.91
6282	13.8
6283	42.62
6284	36.42
6285	38.39
6286	25.98
6287	41.41
6288	21.91
6289	72.45
6290	70.42
6291	36.82
6292	52.03
6293	41.12
6294	39.75
6295	29.54
6296	15.67
6297	39.67
6298	48.55
6299	44.69
6300	62.7
6301	44.2
6302	48.79
6303	28.98
6304	40.53
6305	49.56
6306	40.0
6307	37.22
6308	60.95
6309	27.92
6310	72.56
6311	34.04
6312	39.59
6313	51.55
6314	29.52
6315	35.9
6316	41.72
6317	9.5
6318	20.68
6319	12.71
6320	27.61
6321	31.19
6322	33.26
6323	41.44
6324	40.61
6325	31.15
6326	35.68
6327	37.76
6328	42.52
6329	34.94
6330	72.71
6331	41.37
6332	40.91
6333	38.1
6334	40.63
6335	26.65
6336	37.58
6337	56.37
6338	19.87
6339	40.83
6340	42.83
6341	62.57
6342	28.41
6343	35.7
6344	31.83
6345	34.5
6346	42.2
6347	49.61
6348	53.26
6349	59.57
6350	44.92
6351	22.02
6352	15.01
6353	45.65
6354	32.85
6355	56.85
6356	44.63
6357	57.39
6358	37.87
6359	38.7
6360	36.26
6361	16.59
6362	31.86
6363	46.51
6364	36.39
6365	49.05
6366	43.27
6367	35.8
6368	21.03
6369	17.68
6370	24.92
6371	22.84
6372	38.23
6373	39.74
6374	28.12
6375	19.46
6376	31.51
6377	23.53
6378	65.34
6379	25.2
6380	36.01
6381	53.05
6382	43.11
6383	25.74
6384	15.18
6385	24.84
6386	32.1
6387	28.41
6388	46.18
6389	49.93
6390	44.56
6391	44.95
6392	41.71
6393	37.64
6394	46.14
6395	44.98
6396	12.67
6397	8.25
6398	31.97
6399	39.61
6400	33.33
6401	42.07
6402	23.76
6403	36.85
6404	12.53
6405	53.09
6406	47.96
6407	46.59
6408	42.36
6409	27.7
6410	34.75
6411	37.6
6412	42.48
6413	23.04
6414	36.01
6415	65.6
6416	33.65
6417	44.68
6418	30.85
6419	20.61
6420	43.41
6421	18.17
6422	25.43
6423	36.54
6424	38.85
6425	22.54
6426	32.27
6427	40.04
6428	30.47
6429	49.62
6430	24.33
6431	41.27
6432	36.62
6433	54.2
6434	25.76
6435	13.88
6436	55.52
6437	50.2
6438	34.32
6439	51.68
6440	43.33
6441	44.53
6442	40.32
6443	47.93
6444	21.54
6445	20.48
6446	31.21
6447	38.71
6448	43.65
6449	27.28
6450	61.39
6451	38.15
6452	31.47
6453	58.27
6454	29.79
6455	45.12
6456	49.28
6457	17.16
6458	51.23
6459	49.95
6460	43.32
6461	42.52
6462	30.1
6463	45.7
6464	68.31
6465	55.74
6466	19.39
6467	39.36
6468	1.21
6469	19.79
6470	49.31
6471	50.49
6472	40.98
6473	21.09
6474	24.26
6475	26.96
6476	45.57
6477	26.12
6478	36.84
6479	21.14
6480	41.2
6481	36.15
6482	36.28
6483	31.72
6484	49.38
6485	25.17
6486	37.75
6487	48.3
6488	24.62
6489	57.21
6490	30.68
6491	28.88
6492	82.6
6493	41.92
6494	33.22
6495	24.67
6496	48.9
6497	25.67
6498	35.38
6499	37.78
6500	9.68
6501	54.53
6502	57.54
6503	34.81
6504	36.08
6505	32.2
6506	31.66
6507	29.58
6508	40.99
6509	58.65
6510	41.13
6511	44.78
6512	26.49
6513	42.67
6514	47.16
6515	35.42
6516	32.54
6517	48.38
6518	54.12
6519	31.12
6520	44.43
6521	28.69
6522	49.85
6523	48.8
6524	42.93
6525	38.27
6526	11.88
6527	45.53
6528	47.91
6529	15.98
6530	40.3
6531	25.01
6532	35.5
6533	38.69
6534	37.84
6535	24.71
6536	22.21
6537	8.58
6538	52.88
6539	49.63
6540	12.61
6541	53.25
6542	43.44
6543	29.92
6544	42.28
6545	49.79
6546	57.67
6547	61.86
6548	30.74
6549	36.56
6550	45.58
6551	49.71
6552	54.71
6553	40.26
6554	29.1
6555	29.32
6556	64.6
6557	48.64
6558	34.85
6559	43.33
6560	3.02
6561	22.08
6562	47.6
6563	41.12
6564	32.68
6565	41.9
6566	29.55
6567	36.71
6568	52.48
6569	12.06
6570	55.35
6571	38.01
6572	11.55
6573	12.59
6574	44.73
6575	30.06
6576	21.7
6577	16.76
6578	46.77
6579	21.54
6580	4.93
6581	30.35
6582	21.34
6583	33.65
6584	32.69
6585	40.99
6586	36.51
6587	55.74
6588	35.91
6589	31.11
6590	36.25
6591	25.36
6592	48.9
6593	30.46
6594	23.45
6595	13.47
6596	20.37
6597	36.77
6598	31.66
6599	44.52
6600	42.71
6601	37.2
6602	45.92
6603	33.36
6604	55.79
6605	38.1
6606	51.57
6607	48.55
6608	37.49
6609	52.88
6610	51.5
6611	31.1
6612	11.1
6613	61.09
6614	37.84
6615	55.1
6616	24.11
6617	21.27
6618	56.68
6619	48.51
6620	44.07
6621	33.04
6622	54.18
6623	23.31
6624	59.71
6625	2.82
6626	39.12
6627	36.52
6628	52.74
6629	47.07
6630	34.87
6631	43.16
6632	21.95
6633	50.09
6634	34.47
6635	52.71
6636	36.15
6637	40.55
6638	39.18
6639	35.01
6640	31.01
6641	39.1
6642	24.42
6643	27.18
6644	40.16
6645	30.37
6646	46.21
6647	32.68
6648	18.81
6649	16.69
6650	33.61
6651	46.78
6652	24.3
6653	28.22
6654	33.88
6655	14.21
6656	52.45
6657	20.6
6658	49.68
6659	57.14
6660	22.56
6661	26.33
6662	44.11
6663	51.37
6664	21.77
6665	50.41
6666	46.18
6667	23.06
6668	41.94
6669	19.8
6670	11.36
6671	28.26
6672	47.0
6673	42.65
6674	22.41
6675	31.33
6676	6.21
6677	33.2
6678	51.26
6679	43.78
6680	38.68
6681	29.32
6682	37.44
6683	39.09
6684	15.23
6685	29.99
6686	55.81
6687	34.02
6688	39.0
6689	9.84
6690	14.28
6691	41.44
6692	38.99
6693	34.08
6694	34.11
6695	41.06
6696	30.94
6697	29.9
6698	24.06
6699	15.28
6700	22.01
6701	38.83
6702	60.51
6703	51.62
6704	34.15
6705	49.81
6706	33.06
6707	39.29
6708	24.74
6709	49.23
6710	21.46
6711	48.96
6712	47.03
6713	39.55
6714	17.62
6715	44.47
6716	35.93
6717	19.79
6718	18.35
6719	42.43
6720	38.14
6721	24.62
6722	18.24
6723	47.59
6724	34.48
6725	17.45
6726	33.96
6727	43.43
6728	58.61
6729	37.67
6730	28.71
6731	29.26
6732	27.77
6733	43.53
6734	37.81
6735	29.64
6736	38.06
6737	47.25
6738	29.37
6739	47.16
6740	34.69
6741	57.56
6742	39.51
6743	29.31
6744	27.38
6745	51.84
6746	20.99
6747	31.55
6748	43.01
6749	44.32
6750	36.41
6751	18.67
6752	51.36
6753	19.22
6754	43.25
6755	22.24
6756	40.56
6757	38.7
6758	35.51
6759	14.76
6760	35.72
6761	29.85
6762	38.93
6763	37.68
6764	30.0
6765	36.08
6766	34.98
6767	31.98
6768	37.73
6769	27.93
6770	49.3
6771	52.95
6772	40.72
6773	23.7
6774	40.17
6775	42.6
6776	47.78
6777	52.14
6778	38.45
6779	14.37
6780	40.4
6781	3.27
6782	33.77
6783	37.84
6784	53.38
6785	32.93
6786	55.14
6787	32.52
6788	52.57
6789	56.92
6790	45.75
6791	43.31
6792	17.52
6793	45.44
6794	32.15
6795	39.14
6796	14.78
6797	52.53
6798	44.26
6799	64.62
6800	54.72
6801	20.71
6802	40.29
6803	38.72
6804	84.14
6805	38.98
6806	24.41
6807	1.26
6808	12.59
6809	44.58
6810	20.48
6811	54.39
6812	50.16
6813	4.43
6814	38.07
6815	24.82
6816	67.1
6817	33.33
6818	39.51
6819	47.98
6820	60.39
6821	44.08
6822	45.41
6823	45.25
6824	8.48
6825	36.37
6826	3.19
6827	40.86
6828	30.22
6829	56.46
6830	45.67
6831	44.53
6832	40.27
6833	38.56
6834	25.14
6835	34.45
6836	45.36
6837	20.34
6838	30.6
6839	31.12
6840	40.54
6841	14.61
6842	52.57
6843	32.38
6844	45.72
6845	16.3
6846	43.85
6847	57.28
6848	50.52
6849	14.05
6850	38.18
6851	38.51
6852	25.63
6853	49.12
6854	41.66
6855	24.37
6856	49.01
6857	40.32
6858	43.5
6859	51.59
6860	42.44
6861	48.47
6862	36.23
6863	21.09
6864	38.23
6865	46.44
6866	17.67
6867	38.21
6868	50.37
6869	30.36
6870	34.24
6871	56.46
6872	9.88
6873	27.4
6874	43.05
6875	40.91
6876	54.11
6877	40.9
6878	34.46
6879	41.5
6880	18.13
6881	43.85
6882	45.08
6883	41.32
6884	23.82
6885	39.35
6886	57.82
6887	10.32
6888	19.72
6889	48.53
6890	30.65
6891	45.09
6892	15.93
6893	56.75
6894	10.87
6895	45.47
6896	36.24
6897	43.55
6898	43.18
6899	23.73
6900	44.17
6901	29.86
6902	39.43
6903	14.67
6904	57.66
6905	26.01
6906	51.89
6907	47.36
6908	37.79
6909	42.79
6910	29.81
6911	46.73
6912	35.41
6913	21.28
6914	45.9
6915	42.16
6916	22.41
6917	26.37
6918	33.26
6919	49.79
6920	20.86
6921	34.33
6922	41.51
6923	34.67
6924	29.29
6925	45.35
6926	37.89
6927	53.27
6928	44.19
6929	25.13
6930	32.4
6931	41.21
6932	29.03
6933	19.29
6934	46.45
6935	42.48
6936	21.29
6937	28.34
6938	25.91
6939	7.59
6940	13.68
6941	39.37
6942	49.42
6943	42.81
6944	54.66
6945	13.7
6946	33.3
6947	34.35
6948	27.02
6949	28.84
6950	30.61
6951	59.31
6952	35.36
6953	58.8
6954	55.2
6955	25.16
6956	52.92
6957	35.84
6958	51.82
6959	50.02
6960	9.41
6961	24.48
6962	17.56
6963	23.02
6964	35.2
6965	35.4
6966	28.3
6967	23.18
6968	29.51
6969	53.14
6970	35.45
6971	45.97
6972	28.14
6973	65.24
6974	45.56
6975	42.84
6976	46.72
6977	48.55
6978	26.15
6979	26.51
6980	1.93
6981	37.13
6982	30.32
6983	35.47
6984	38.99
6985	58.21
6986	27.9
6987	40.82
6988	53.48
6989	6.8
6990	18.89
6991	24.35
6992	59.09
6993	38.64
6994	24.84
6995	45.87
6996	17.94
6997	44.38
6998	47.35
6999	39.12
7000	23.57
7001	65.91
7002	55.21
7003	49.47
7004	39.61
7005	40.41
7006	32.23
7007	36.61
7008	25.08
7009	55.23
7010	52.83
7011	50.37
7012	43.94
7013	37.1
7014	52.88
7015	32.02
7016	40.87
7017	57.14
7018	39.15
7019	34.4
7020	39.51
7021	30.03
7022	44.73
7023	19.42
7024	24.37
7025	26.67
7026	32.71
7027	60.53
7028	17.19
7029	18.13
7030	33.79
7031	38.05
7032	32.21
7033	27.25
7034	42.24
7035	43.89
7036	52.29
7037	23.16
7038	19.1
7039	38.7
7040	25.64
7041	40.62
7042	34.97
7043	54.27
7044	36.64
7045	54.98
7046	67.38
7047	30.45
7048	65.61
7049	65.92
7050	43.05
7051	49.18
7052	34.28
7053	23.25
7054	47.96
7055	40.47
7056	61.98
7057	28.79
7058	40.88
7059	51.1
7060	21.82
7061	18.22
7062	26.39
7063	38.47
7064	25.12
7065	34.7
7066	34.63
7067	45.06
7068	22.4
7069	24.61
7070	31.77
7071	28.7
7072	6.01
7073	36.61
7074	51.76
7075	48.25
7076	20.95
7077	34.99
7078	37.8
7079	44.05
7080	42.45
7081	46.45
7082	21.97
7083	19.59
7084	28.19
7085	40.01
7086	47.53
7087	40.54
7088	31.15
7089	43.79
7090	25.2
7091	29.15
7092	27.03
7093	39.6
7094	57.89
7095	42.51
7096	17.27
7097	44.48
7098	26.09
7099	29.84
7100	36.74
7101	40.42
7102	37.48
7103	61.89
7104	63.35
7105	31.18
7106	49.18
7107	51.88
7108	36.29
7109	59.27
7110	63.88
7111	46.83
7112	47.39
7113	52.99
7114	18.39
7115	44.48
7116	38.04
7117	34.37
7118	34.76
7119	27.08
7120	44.58
7121	32.8
7122	40.27
7123	24.67
7124	58.17
7125	43.31
7126	59.44
7127	29.23
7128	41.73
7129	45.93
7130	22.88
7131	39.4
7132	42.23
7133	37.62
7134	13.32
7135	46.35
7136	15.95
7137	18.84
7138	29.03
7139	15.35
7140	25.28
7141	28.19
7142	9.71
7143	45.78
7144	51.78
7145	17.95
7146	33.39
7147	39.0
7148	24.58
7149	53.29
7150	41.34
7151	49.77
7152	24.44
7153	44.12
7154	54.77
7155	36.73
7156	38.36
7157	41.83
7158	46.26
7159	35.62
7160	57.57
7161	41.01
7162	53.04
7163	45.99
7164	40.21
7165	26.9
7166	21.36
7167	43.66
7168	25.9
7169	37.91
7170	53.17
7171	20.55
7172	22.8
7173	33.14
7174	44.85
7175	33.69
7176	28.6
7177	51.86
7178	28.62
7179	31.79
7180	36.86
7181	49.39
7182	47.11
7183	54.07
7184	33.79
7185	33.61
7186	25.88
7187	56.61
7188	37.25
7189	41.35
7190	26.26
7191	21.6
7192	31.77
7193	57.77
7194	57.62
7195	40.0
7196	40.66
7197	21.49
7198	36.34
7199	22.48
7200	15.16
7201	43.93
7202	26.24
7203	30.15
7204	13.59
7205	37.19
7206	31.17
7207	31.04
7208	26.04
7209	42.37
7210	29.94
7211	51.17
7212	38.75
7213	21.87
7214	29.76
7215	48.78
7216	15.09
7217	45.29
7218	38.33
7219	23.7
7220	29.04
7221	31.94
7222	17.72
7223	49.04
7224	21.07
7225	42.39
7226	24.31
7227	45.57
7228	23.84
7229	37.51
7230	18.0
7231	23.52
7232	36.43
7233	23.42
7234	11.11
7235	62.01
7236	25.05
7237	35.64
7238	31.14
7239	40.97
7240	51.09
7241	35.9
7242	62.48
7243	35.43
7244	1.02
7245	14.05
7246	61.76
7247	37.76
7248	28.87
7249	46.01
7250	16.71
7251	43.52
7252	37.31
7253	55.78
7254	55.49
7255	47.93
7256	29.81
7257	55.41
7258	45.86
7259	24.62
7260	45.04
7261	49.0
7262	42.59
7263	49.27
7264	43.31
7265	29.11
7266	43.22
7267	30.08
7268	25.76
7269	42.03
7270	42.05
7271	25.27
7272	16.42
7273	56.74
7274	36.07
7275	55.04
7276	24.0
7277	41.34
7278	46.76
7279	54.51
7280	25.55
7281	43.84
7282	30.88
7283	33.39
7284	35.74
7285	26.75
7286	22.26
7287	19.39
7288	19.61
7289	9.45
7290	37.23
7291	23.66
7292	65.47
7293	6.34
7294	21.18
7295	34.24
7296	44.41
7297	49.48
7298	49.73
7299	30.69
7300	51.97
7301	16.46
7302	48.36
7303	11.43
7304	67.38
7305	17.68
7306	32.77
7307	36.23
7308	42.38
7309	42.25
7310	32.11
7311	34.05
7312	43.87
7313	40.21
7314	42.58
7315	49.29
7316	23.12
7317	48.41
7318	81.51
7319	46.44
7320	39.17
7321	54.04
7322	25.92
7323	34.48
7324	45.78
7325	50.78
7326	38.04
7327	27.35
7328	53.14
7329	49.33
7330	46.43
7331	50.82
7332	48.47
7333	39.38
7334	50.99
7335	50.92
7336	46.54
7337	35.69
7338	36.32
7339	46.67
7340	14.01
7341	44.53
7342	67.33
7343	53.71
7344	48.47
7345	58.73
7346	54.25
7347	63.89
7348	23.5
7349	0.17
7350	33.76
7351	36.7
7352	36.99
7353	29.27
7354	47.69
7355	46.3
7356	23.23
7357	32.71
7358	60.09
7359	46.11
7360	52.21
7361	35.15
7362	27.47
7363	62.63
7364	40.28
7365	41.78
7366	39.39
7367	29.59
7368	38.37
7369	28.03
7370	55.21
7371	33.28
7372	32.36
7373	26.54
7374	23.19
7375	40.18
7376	48.51
7377	39.72
7378	30.3
7379	45.0
7380	50.01
7381	69.14
7382	43.32
7383	53.96
7384	41.54
7385	43.77
7386	27.69
7387	33.47
7388	32.79
7389	42.9
7390	20.7
7391	38.2
7392	27.0
7393	61.02
7394	35.45
7395	15.31
7396	65.37
7397	35.52
7398	50.4
7399	16.05
7400	47.24
7401	18.12
7402	18.65
7403	34.37
7404	34.65
7405	40.01
7406	48.28
7407	56.19
7408	37.08
7409	40.0
7410	29.24
7411	33.07
7412	66.38
7413	33.76
7414	21.46
7415	26.64
7416	32.01
7417	69.93
7418	54.36
7419	33.81
7420	27.53
7421	21.12
7422	32.44
7423	68.83
7424	63.57
7425	56.54
7426	53.18
7427	51.13
7428	35.58
7429	45.86
7430	42.4
7431	21.4
7432	30.37
7433	69.88
7434	41.12
7435	59.66
7436	26.66
7437	17.83
7438	45.99
7439	33.86
7440	21.07
7441	44.02
7442	41.19
7443	13.5
7444	45.26
7445	48.77
7446	59.4
7447	21.94
7448	44.68
7449	56.07
7450	40.55
7451	37.35
7452	31.82
7453	28.23
7454	64.89
7455	57.92
7456	45.54
7457	15.28
7458	22.25
7459	26.09
7460	54.54
7461	32.74
7462	47.11
7463	22.07
7464	37.84
7465	47.42
7466	29.97
7467	35.43
7468	34.87
7469	56.98
7470	50.31
7471	35.37
7472	31.27
7473	19.45
7474	34.1
7475	41.7
7476	32.22
7477	55.85
7478	37.57
7479	13.75
7480	45.81
7481	58.39
7482	30.06
7483	28.7
7484	53.31
7485	42.83
7486	41.48
7487	45.95
7488	55.47
7489	39.29
7490	40.47
7491	19.31
7492	27.79
7493	13.79
7494	53.98
7495	51.32
7496	30.66
7497	29.76
7498	31.41
7499	43.21
7500	38.08
7501	29.5
7502	67.7
7503	26.97
7504	36.13
7505	49.55
7506	38.45
7507	37.96
7508	33.23
7509	29.64
7510	24.87
7511	49.24
7512	50.63
7513	29.97
7514	46.09
7515	21.38
7516	42.96
7517	37.39
7518	33.3
7519	32.75
7520	47.9
7521	23.29
7522	30.87
7523	36.23
7524	47.97
7525	54.66
7526	54.23
7527	35.72
7528	19.47
7529	33.8
7530	55.89
7531	30.37
7532	54.77
7533	31.07
7534	41.67
7535	48.52
7536	28.45
7537	32.39
7538	31.14
7539	45.24
7540	46.36
7541	18.25
7542	35.98
7543	23.92
7544	30.92
7545	38.45
7546	53.3
7547	31.42
7548	38.18
7549	37.71
7550	27.12
7551	26.21
7552	71.36
7553	49.51
7554	39.98
7555	42.36
7556	21.52
7557	24.32
7558	29.24
7559	51.89
7560	56.33
7561	36.48
7562	60.57
7563	20.29
7564	63.52
7565	59.71
7566	28.46
7567	44.77
7568	30.31
7569	45.96
7570	36.49
7571	39.7
7572	51.18
7573	54.23
7574	24.34
7575	47.94
7576	55.62
7577	26.74
7578	39.97
7579	62.27
7580	38.85
7581	7.45
7582	32.67
7583	65.36
7584	53.4
7585	28.63
7586	21.2
7587	50.01
7588	37.05
7589	49.43
7590	66.25
7591	13.9
7592	55.47
7593	47.5
7594	45.35
7595	62.98
7596	38.78
7597	52.31
7598	62.94
7599	54.56
7600	78.97
7601	48.61
7602	38.48
7603	31.55
7604	49.74
7605	41.17
7606	36.81
7607	44.68
7608	32.35
7609	25.19
7610	47.22
7611	48.79
7612	27.72
7613	49.35
7614	37.52
7615	41.71
7616	30.22
7617	31.82
7618	45.92
7619	67.84
7620	43.8
7621	12.02
7622	44.58
7623	43.3
7624	39.82
7625	7.15
7626	44.53
7627	60.97
7628	36.18
7629	62.0
7630	59.17
7631	37.72
7632	67.36
7633	48.86
7634	32.57
7635	36.22
7636	13.29
7637	50.66
7638	37.62
7639	37.21
7640	44.93
7641	47.62
7642	53.73
7643	50.5
7644	56.28
7645	35.64
7646	32.83
7647	35.2
7648	35.95
7649	10.17
7650	28.87
7651	31.18
7652	47.02
7653	26.66
7654	19.71
7655	30.73
7656	34.48
7657	41.51
7658	43.95
7659	55.7
7660	43.36
7661	38.46
7662	12.12
7663	26.93
7664	25.06
7665	48.19
7666	23.62
7667	46.99
7668	61.72
7669	36.34
7670	31.51
7671	4.12
7672	40.2
7673	67.36
7674	51.68
7675	44.65
7676	45.92
7677	36.01
7678	56.15
7679	45.19
7680	25.39
7681	33.6
7682	32.74
7683	32.01
7684	42.52
7685	21.62
7686	48.04
7687	9.86
7688	31.83
7689	31.91
7690	50.58
7691	57.56
7692	29.73
7693	48.92
7694	36.77
7695	32.13
7696	56.5
7697	33.72
7698	53.19
7699	34.39
7700	27.86
7701	26.45
7702	26.3
7703	53.02
7704	35.14
7705	44.71
7706	24.27
7707	35.4
7708	42.75
7709	6.77
7710	52.19
7711	27.79
7712	51.75
7713	34.16
7714	37.45
7715	45.49
7716	32.33
7717	53.82
7718	30.75
7719	58.41
7720	36.39
7721	45.02
7722	45.95
7723	40.74
7724	40.03
7725	34.93
7726	34.49
7727	48.62
7728	51.78
7729	40.44
7730	41.35
7731	26.55
7732	57.2
7733	37.66
7734	58.88
7735	22.78
7736	53.9
7737	26.19
7738	40.89
7739	22.7
7740	36.71
7741	35.84
7742	39.74
7743	62.32
7744	31.06
7745	28.41
7746	37.02
7747	45.75
7748	59.97
7749	43.78
7750	32.56
7751	49.71
7752	47.8
7753	61.92
7754	29.09
7755	35.65
7756	51.12
7757	30.24
7758	45.53
7759	23.33
7760	38.37
7761	60.31
7762	49.56
7763	44.05
7764	18.96
7765	55.83
7766	9.23
7767	34.27
7768	16.07
7769	28.89
7770	40.75
7771	38.03
7772	20.34
7773	75.23
7774	8.49
7775	44.62
7776	39.97
7777	47.2
7778	42.21
7779	45.41
7780	51.93
7781	53.57
7782	79.7
7783	31.49
7784	34.95
7785	28.85
7786	39.96
7787	37.99
7788	45.5
7789	58.28
7790	19.96
7791	38.09
7792	60.02
7793	49.6
7794	25.97
7795	8.23
7796	22.48
7797	24.29
7798	48.49
7799	51.04
7800	18.88
7801	31.01
7802	40.58
7803	46.05
7804	29.55
7805	32.41
7806	6.22
7807	41.93
7808	22.3
7809	36.11
7810	54.46
7811	43.47
7812	57.52
7813	17.39
7814	51.4
7815	41.85
7816	27.94
7817	24.99
7818	46.67
7819	37.05
7820	33.06
7821	49.49
7822	46.26
7823	21.96
7824	33.73
7825	13.79
7826	35.52
7827	47.52
7828	33.25
7829	53.02
7830	43.23
7831	40.23
7832	27.67
7833	39.59
7834	53.0
7835	41.66
7836	24.91
7837	49.12
7838	35.62
7839	33.47
7840	43.13
7841	35.45
7842	28.55
7843	32.17
7844	33.27
7845	31.05
7846	49.31
7847	20.79
7848	32.82
7849	29.42
7850	30.88
7851	55.37
7852	32.63
7853	47.69
7854	43.32
7855	43.23
7856	41.04
7857	33.37
7858	46.01
7859	30.55
7860	40.76
7861	53.34
7862	44.32
7863	32.54
7864	46.51
7865	38.68
7866	62.63
7867	42.09
7868	43.22
7869	40.99
7870	51.16
7871	64.53
7872	48.84
7873	39.95
7874	24.88
7875	45.61
7876	58.11
7877	84.57
7878	38.73
7879	61.37
7880	34.92
7881	26.33
7882	0.16
7883	28.68
7884	65.71
7885	30.91
7886	13.81
7887	33.44
7888	26.88
7889	57.4
7890	29.66
7891	34.78
7892	29.31
7893	24.52
7894	31.28
7895	20.73
7896	40.62
7897	49.81
7898	46.29
7899	49.08
7900	32.34
7901	34.69
7902	34.95
7903	34.32
7904	25.27
7905	39.63
7906	55.74
7907	43.57
7908	39.35
7909	47.22
7910	48.71
7911	35.7
7912	31.04
7913	33.3
7914	40.92
7915	15.33
7916	50.99
7917	41.83
7918	39.89
7919	30.82
7920	35.81
7921	34.04
7922	49.74
7923	46.11
7924	26.17
7925	45.36
7926	26.81
7927	25.77
7928	47.86
7929	47.33
7930	18.46
7931	19.85
7932	36.73
7933	22.48
7934	29.31
7935	36.73
7936	39.1
7937	46.75
7938	36.31
7939	30.98
7940	37.11
7941	32.28
7942	34.69
7943	33.92
7944	17.41
7945	49.7
7946	36.8
7947	61.11
7948	51.85
7949	9.28
7950	58.89
7951	28.41
7952	33.88
7953	21.63
7954	25.45
7955	53.32
7956	55.36
7957	35.57
7958	47.0
7959	32.42
7960	21.3
7961	47.54
7962	42.57
7963	47.82
7964	19.13
7965	37.76
7966	56.63
7967	47.67
7968	19.41
7969	40.19
7970	55.63
7971	59.4
7972	51.76
7973	50.82
7974	35.07
7975	64.5
7976	47.04
7977	34.09
7978	58.61
7979	16.36
7980	36.82
7981	24.25
7982	42.02
7983	33.85
7984	40.88
7985	34.48
7986	53.17
7987	31.71
7988	43.47
7989	50.34
7990	37.37
7991	21.38
7992	45.0
7993	45.02
7994	49.06
7995	29.42
7996	38.18
7997	40.38
7998	27.96
7999	25.99
8000	34.63
8001	27.22
8002	36.98
8003	39.18
8004	60.44
8005	59.39
8006	37.38
8007	38.2
8008	33.75
8009	31.69
8010	43.82
8011	36.62
8012	39.0
8013	12.6
8014	12.79
8015	43.1
8016	49.03
8017	37.59
8018	52.39
8019	25.67
8020	19.75
8021	28.13
8022	43.09
8023	31.44
8024	50.38
8025	10.12
8026	31.74
8027	38.51
8028	29.4
8029	27.88
8030	44.74
8031	47.56
8032	59.34
8033	16.28
8034	31.7
8035	36.11
8036	58.86
8037	38.61
8038	40.94
8039	23.73
8040	19.51
8041	32.64
8042	28.42
8043	33.58
8044	30.06
8045	49.96
8046	46.05
8047	28.7
8048	37.29
8049	24.18
8050	36.06
8051	78.61
8052	42.16
8053	42.62
8054	25.6
8055	42.7
8056	47.4
8057	44.95
8058	57.48
8059	29.91
8060	37.49
8061	32.34
8062	12.88
8063	28.0
8064	42.06
8065	49.72
8066	31.51
8067	71.94
8068	31.54
8069	39.06
8070	41.54
8071	59.24
8072	22.98
8073	51.01
8074	54.16
8075	52.34
8076	39.85
8077	39.2
8078	38.69
8079	44.5
8080	48.24
8081	34.9
8082	37.3
8083	50.05
8084	38.78
8085	35.82
8086	57.96
8087	24.66
8088	51.22
8089	80.96
8090	34.28
8091	55.11
8092	38.62
8093	30.99
8094	38.76
8095	29.11
8096	18.0
8097	49.76
8098	44.54
8099	44.84
8100	24.66
8101	23.88
8102	9.52
8103	39.97
8104	48.44
8105	23.83
8106	42.96
8107	46.01
8108	28.01
8109	43.16
8110	49.92
8111	56.11
8112	43.26
8113	60.37
8114	28.69
8115	42.68
8116	35.05
8117	48.06
8118	28.87
8119	60.92
8120	36.79
8121	34.8
8122	40.85
8123	44.4
8124	34.43
8125	21.26
8126	31.26
8127	50.07
8128	51.47
8129	37.03
8130	36.43
8131	50.18
8132	33.73
8133	44.51
8134	29.65
8135	8.29
8136	50.99
8137	7.66
8138	41.02
8139	45.73
8140	54.73
8141	45.35
8142	43.79
8143	32.59
8144	32.51
8145	39.29
8146	7.37
8147	39.08
8148	37.13
8149	36.87
8150	22.55
8151	20.81
8152	35.31
8153	33.22
8154	48.46
8155	31.31
8156	30.72
8157	26.85
8158	60.03
8159	25.55
8160	35.66
8161	56.69
8162	31.83
8163	32.63
8164	45.65
8165	34.82
8166	66.04
8167	52.29
8168	37.6
8169	18.2
8170	35.68
8171	24.79
8172	29.97
8173	39.7
8174	38.49
8175	53.05
8176	32.53
8177	55.33
8178	36.01
8179	47.34
8180	38.83
8181	31.81
8182	31.68
8183	16.05
8184	39.92
8185	46.33
8186	53.12
8187	27.63
8188	27.36
8189	35.63
8190	25.94
8191	61.34
8192	46.94
8193	21.27
8194	39.89
8195	21.23
8196	27.81
8197	38.8
8198	29.89
8199	51.77
8200	52.9
8201	33.27
8202	46.11
8203	64.82
8204	22.19
8205	49.43
8206	33.11
8207	23.09
8208	56.24
8209	55.97
8210	32.4
8211	50.79
8212	44.33
8213	38.27
8214	30.48
8215	15.85
8216	23.02
8217	33.22
8218	52.97
8219	54.25
8220	38.2
8221	11.37
8222	37.42
8223	65.65
8224	32.92
8225	31.02
8226	30.92
8227	44.47
8228	35.27
8229	33.89
8230	46.68
8231	28.78
8232	14.34
8233	53.76
8234	54.18
8235	46.15
8236	42.4
8237	24.99
8238	36.17
8239	43.92
8240	66.72
8241	58.44
8242	41.75
8243	21.62
8244	27.84
8245	4.3
8246	53.65
8247	39.56
8248	36.61
8249	36.05
8250	43.39
8251	27.21
8252	56.93
8253	36.75
8254	55.18
8255	23.58
8256	47.15
8257	19.42
8258	44.02
8259	22.67
8260	19.8
8261	41.15
8262	35.84
8263	21.78
8264	36.83
8265	28.62
8266	45.73
8267	28.52
8268	41.92
8269	48.08
8270	55.59
8271	34.9
8272	15.4
8273	43.55
8274	36.87
8275	43.24
8276	59.8
8277	37.52
8278	12.74
8279	6.63
8280	32.37
8281	28.01
8282	69.39
8283	53.57
8284	40.53
8285	27.02
8286	32.94
8287	30.92
8288	37.07
8289	41.56
8290	49.22
8291	32.49
8292	26.26
8293	50.6
8294	29.09
8295	45.59
8296	46.48
8297	39.03
